file,class,method,variable,usage
/home/sandro/workspace/sandro/MLCQCodeSmellSamples/scripts/../dataset/commons-configuration_34357e075d63c3634310878636f9498847badcab/src/main/java/org/apache/commons/configuration2/tree/xpath/ConfigurationNodeIteratorChildren.java,org.apache.commons.configuration2.tree.xpath.ConfigurationNodeIteratorChildren,"ConfigurationNodeIteratorChildren/4[org.apache.commons.configuration2.tree.xpath.ConfigurationNodePointer<T>,org.apache.commons.configuration2.tree.xpath.NodeTest,boolean,org.apache.commons.configuration2.tree.xpath.ConfigurationNodePointer<T>]",subNodes,2
/home/sandro/workspace/sandro/MLCQCodeSmellSamples/scripts/../dataset/commons-configuration_34357e075d63c3634310878636f9498847badcab/src/main/java/org/apache/commons/configuration2/tree/xpath/ConfigurationNodeIteratorChildren.java,org.apache.commons.configuration2.tree.xpath.ConfigurationNodeIteratorChildren,createNodePointer/1[int],subNodes,1
/home/sandro/workspace/sandro/MLCQCodeSmellSamples/scripts/../dataset/commons-configuration_34357e075d63c3634310878636f9498847badcab/src/main/java/org/apache/commons/configuration2/tree/xpath/ConfigurationNodeIteratorChildren.java,org.apache.commons.configuration2.tree.xpath.ConfigurationNodeIteratorChildren,size/0,subNodes,1
/home/sandro/workspace/sandro/MLCQCodeSmellSamples/scripts/../dataset/commons-configuration_34357e075d63c3634310878636f9498847badcab/src/main/java/org/apache/commons/configuration2/web/ServletContextConfiguration.java,org.apache.commons.configuration2.web.ServletContextConfiguration,getPropertyInternal/1[java.lang.String],context,1
/home/sandro/workspace/sandro/MLCQCodeSmellSamples/scripts/../dataset/commons-configuration_34357e075d63c3634310878636f9498847badcab/src/main/java/org/apache/commons/configuration2/web/ServletContextConfiguration.java,org.apache.commons.configuration2.web.ServletContextConfiguration,getKeysInternal/0,context,1
/home/sandro/workspace/sandro/MLCQCodeSmellSamples/scripts/../dataset/commons-configuration_34357e075d63c3634310878636f9498847badcab/src/main/java/org/apache/commons/configuration2/web/ServletContextConfiguration.java,org.apache.commons.configuration2.web.ServletContextConfiguration,ServletContextConfiguration/1[org.apache.commons.configuration2.web.Servlet],context,1
/home/sandro/workspace/sandro/MLCQCodeSmellSamples/scripts/../dataset/commons-configuration_34357e075d63c3634310878636f9498847badcab/src/main/java/org/apache/commons/configuration2/web/ServletContextConfiguration.java,org.apache.commons.configuration2.web.ServletContextConfiguration,ServletContextConfiguration/1[org.apache.commons.configuration2.web.ServletContext],context,4
/home/sandro/workspace/sandro/MLCQCodeSmellSamples/scripts/../dataset/commons-configuration_34357e075d63c3634310878636f9498847badcab/src/main/java/org/apache/commons/configuration2/tree/NodeUpdateData.java,org.apache.commons.configuration2.tree.NodeUpdateData,getChangedValues/0,changedValues,1
/home/sandro/workspace/sandro/MLCQCodeSmellSamples/scripts/../dataset/commons-configuration_34357e075d63c3634310878636f9498847badcab/src/main/java/org/apache/commons/configuration2/tree/NodeUpdateData.java,org.apache.commons.configuration2.tree.NodeUpdateData,getRemovedNodes/0,removedNodes,1
/home/sandro/workspace/sandro/MLCQCodeSmellSamples/scripts/../dataset/commons-configuration_34357e075d63c3634310878636f9498847badcab/src/main/java/org/apache/commons/configuration2/tree/NodeUpdateData.java,org.apache.commons.configuration2.tree.NodeUpdateData,getKey/0,key,1
/home/sandro/workspace/sandro/MLCQCodeSmellSamples/scripts/../dataset/commons-configuration_34357e075d63c3634310878636f9498847badcab/src/main/java/org/apache/commons/configuration2/tree/NodeUpdateData.java,org.apache.commons.configuration2.tree.NodeUpdateData,getNewValues/0,newValues,1
/home/sandro/workspace/sandro/MLCQCodeSmellSamples/scripts/../dataset/commons-configuration_34357e075d63c3634310878636f9498847badcab/src/main/java/org/apache/commons/configuration2/tree/NodeUpdateData.java,org.apache.commons.configuration2.tree.NodeUpdateData,"NodeUpdateData/4[java.util.Map<org.apache.commons.configuration2.tree.QueryResult<T>,java.lang.Object>,java.util.Collection<java.lang.Object>,java.util.Collection<org.apache.commons.configuration2.tree.QueryResult<T>>,java.lang.String]",changedValues,4
/home/sandro/workspace/sandro/MLCQCodeSmellSamples/scripts/../dataset/commons-configuration_34357e075d63c3634310878636f9498847badcab/src/main/java/org/apache/commons/configuration2/tree/NodeUpdateData.java,org.apache.commons.configuration2.tree.NodeUpdateData,"NodeUpdateData/4[java.util.Map<org.apache.commons.configuration2.tree.QueryResult<T>,java.lang.Object>,java.util.Collection<java.lang.Object>,java.util.Collection<org.apache.commons.configuration2.tree.QueryResult<T>>,java.lang.String]",removedNodes,4
/home/sandro/workspace/sandro/MLCQCodeSmellSamples/scripts/../dataset/commons-configuration_34357e075d63c3634310878636f9498847badcab/src/main/java/org/apache/commons/configuration2/tree/NodeUpdateData.java,org.apache.commons.configuration2.tree.NodeUpdateData,"NodeUpdateData/4[java.util.Map<org.apache.commons.configuration2.tree.QueryResult<T>,java.lang.Object>,java.util.Collection<java.lang.Object>,java.util.Collection<org.apache.commons.configuration2.tree.QueryResult<T>>,java.lang.String]",newValues,4
/home/sandro/workspace/sandro/MLCQCodeSmellSamples/scripts/../dataset/commons-configuration_34357e075d63c3634310878636f9498847badcab/src/main/java/org/apache/commons/configuration2/tree/NodeUpdateData.java,org.apache.commons.configuration2.tree.NodeUpdateData,"NodeUpdateData/4[java.util.Map<org.apache.commons.configuration2.tree.QueryResult<T>,java.lang.Object>,java.util.Collection<java.lang.Object>,java.util.Collection<org.apache.commons.configuration2.tree.QueryResult<T>>,java.lang.String]",key,4
/home/sandro/workspace/sandro/MLCQCodeSmellSamples/scripts/../dataset/commons-configuration_34357e075d63c3634310878636f9498847badcab/src/test/java/org/apache/commons/configuration2/Logging.java,org.apache.commons.configuration2.Logging,"error/2[java.lang.Object,java.lang.Throwable]",FQCN,1
/home/sandro/workspace/sandro/MLCQCodeSmellSamples/scripts/../dataset/commons-configuration_34357e075d63c3634310878636f9498847badcab/src/test/java/org/apache/commons/configuration2/Logging.java,org.apache.commons.configuration2.Logging,"trace/2[java.lang.Object,java.lang.Throwable]",FQCN,1
/home/sandro/workspace/sandro/MLCQCodeSmellSamples/scripts/../dataset/commons-configuration_34357e075d63c3634310878636f9498847badcab/src/test/java/org/apache/commons/configuration2/Logging.java,org.apache.commons.configuration2.Logging,"trace/2[java.lang.Object,java.lang.Throwable]",traceLevel,1
/home/sandro/workspace/sandro/MLCQCodeSmellSamples/scripts/../dataset/commons-configuration_34357e075d63c3634310878636f9498847badcab/src/test/java/org/apache/commons/configuration2/Logging.java,org.apache.commons.configuration2.Logging,debug/1[java.lang.Object],FQCN,1
/home/sandro/workspace/sandro/MLCQCodeSmellSamples/scripts/../dataset/commons-configuration_34357e075d63c3634310878636f9498847badcab/src/test/java/org/apache/commons/configuration2/Logging.java,org.apache.commons.configuration2.Logging,"info/2[java.lang.Object,java.lang.Throwable]",FQCN,1
/home/sandro/workspace/sandro/MLCQCodeSmellSamples/scripts/../dataset/commons-configuration_34357e075d63c3634310878636f9498847badcab/src/test/java/org/apache/commons/configuration2/Logging.java,org.apache.commons.configuration2.Logging,fatal/1[java.lang.Object],FQCN,1
/home/sandro/workspace/sandro/MLCQCodeSmellSamples/scripts/../dataset/commons-configuration_34357e075d63c3634310878636f9498847badcab/src/test/java/org/apache/commons/configuration2/Logging.java,org.apache.commons.configuration2.Logging,"warn/2[java.lang.Object,java.lang.Throwable]",FQCN,1
/home/sandro/workspace/sandro/MLCQCodeSmellSamples/scripts/../dataset/commons-configuration_34357e075d63c3634310878636f9498847badcab/src/test/java/org/apache/commons/configuration2/Logging.java,org.apache.commons.configuration2.Logging,"fatal/2[java.lang.Object,java.lang.Throwable]",FQCN,1
/home/sandro/workspace/sandro/MLCQCodeSmellSamples/scripts/../dataset/commons-configuration_34357e075d63c3634310878636f9498847badcab/src/test/java/org/apache/commons/configuration2/Logging.java,org.apache.commons.configuration2.Logging,trace/1[java.lang.Object],FQCN,1
/home/sandro/workspace/sandro/MLCQCodeSmellSamples/scripts/../dataset/commons-configuration_34357e075d63c3634310878636f9498847badcab/src/test/java/org/apache/commons/configuration2/Logging.java,org.apache.commons.configuration2.Logging,trace/1[java.lang.Object],traceLevel,1
/home/sandro/workspace/sandro/MLCQCodeSmellSamples/scripts/../dataset/commons-configuration_34357e075d63c3634310878636f9498847badcab/src/test/java/org/apache/commons/configuration2/Logging.java,org.apache.commons.configuration2.Logging,info/1[java.lang.Object],FQCN,1
/home/sandro/workspace/sandro/MLCQCodeSmellSamples/scripts/../dataset/commons-configuration_34357e075d63c3634310878636f9498847badcab/src/test/java/org/apache/commons/configuration2/Logging.java,org.apache.commons.configuration2.Logging,warn/1[java.lang.Object],FQCN,1
/home/sandro/workspace/sandro/MLCQCodeSmellSamples/scripts/../dataset/commons-configuration_34357e075d63c3634310878636f9498847badcab/src/test/java/org/apache/commons/configuration2/Logging.java,org.apache.commons.configuration2.Logging,error/1[java.lang.Object],FQCN,1
/home/sandro/workspace/sandro/MLCQCodeSmellSamples/scripts/../dataset/commons-configuration_34357e075d63c3634310878636f9498847badcab/src/test/java/org/apache/commons/configuration2/Logging.java,org.apache.commons.configuration2.Logging,"debug/2[java.lang.Object,java.lang.Throwable]",FQCN,1
/home/sandro/workspace/sandro/MLCQCodeSmellSamples/scripts/../dataset/commons-configuration_34357e075d63c3634310878636f9498847badcab/src/test/java/org/apache/commons/configuration2/interpol/TestExprLookup.java,org.apache.commons.configuration2.interpol.TestExprLookup,testLookup/0,PATTERN2,1
/home/sandro/workspace/sandro/MLCQCodeSmellSamples/scripts/../dataset/commons-configuration_34357e075d63c3634310878636f9498847badcab/src/test/java/org/apache/commons/configuration2/interpol/TestExprLookup.java,org.apache.commons.configuration2.interpol.TestExprLookup,testLookup/0,PATTERN1,1
/home/sandro/workspace/sandro/MLCQCodeSmellSamples/scripts/../dataset/commons-configuration_34357e075d63c3634310878636f9498847badcab/src/test/java/org/apache/commons/configuration2/interpol/TestExprLookup.java,org.apache.commons.configuration2.interpol.TestExprLookup,loadConfig/0,TEST_FILE,1
/home/sandro/workspace/sandro/MLCQCodeSmellSamples/scripts/../dataset/commons-configuration_34357e075d63c3634310878636f9498847badcab/src/test/java/org/apache/commons/configuration2/TestCatalogResolver.java,org.apache.commons.configuration2.TestCatalogResolver,setUp/0,resolver,3
/home/sandro/workspace/sandro/MLCQCodeSmellSamples/scripts/../dataset/commons-configuration_34357e075d63c3634310878636f9498847badcab/src/test/java/org/apache/commons/configuration2/TestCatalogResolver.java,org.apache.commons.configuration2.TestCatalogResolver,setUp/0,CATALOG_FILES,1
/home/sandro/workspace/sandro/MLCQCodeSmellSamples/scripts/../dataset/commons-configuration_34357e075d63c3634310878636f9498847badcab/src/test/java/org/apache/commons/configuration2/TestCatalogResolver.java,org.apache.commons.configuration2.TestCatalogResolver,setUp/0,config,2
/home/sandro/workspace/sandro/MLCQCodeSmellSamples/scripts/../dataset/commons-configuration_34357e075d63c3634310878636f9498847badcab/src/test/java/org/apache/commons/configuration2/TestCatalogResolver.java,org.apache.commons.configuration2.TestCatalogResolver,testSchemaResolver/0,REWRITE_SCHEMA_FILE,1
/home/sandro/workspace/sandro/MLCQCodeSmellSamples/scripts/../dataset/commons-configuration_34357e075d63c3634310878636f9498847badcab/src/test/java/org/apache/commons/configuration2/TestCatalogResolver.java,org.apache.commons.configuration2.TestCatalogResolver,tearDown/0,resolver,1
/home/sandro/workspace/sandro/MLCQCodeSmellSamples/scripts/../dataset/commons-configuration_34357e075d63c3634310878636f9498847badcab/src/test/java/org/apache/commons/configuration2/TestCatalogResolver.java,org.apache.commons.configuration2.TestCatalogResolver,tearDown/0,config,1
/home/sandro/workspace/sandro/MLCQCodeSmellSamples/scripts/../dataset/commons-configuration_34357e075d63c3634310878636f9498847badcab/src/test/java/org/apache/commons/configuration2/TestCatalogResolver.java,org.apache.commons.configuration2.TestCatalogResolver,testDebug/0,resolver,1
/home/sandro/workspace/sandro/MLCQCodeSmellSamples/scripts/../dataset/commons-configuration_34357e075d63c3634310878636f9498847badcab/src/test/java/org/apache/commons/configuration2/TestCatalogResolver.java,org.apache.commons.configuration2.TestCatalogResolver,testPublic/0,PUBLIC_FILE,1
/home/sandro/workspace/sandro/MLCQCodeSmellSamples/scripts/../dataset/commons-configuration_34357e075d63c3634310878636f9498847badcab/src/test/java/org/apache/commons/configuration2/TestCatalogResolver.java,org.apache.commons.configuration2.TestCatalogResolver,testRewriteSystem/0,REWRITE_SYSTEM_FILE,1
/home/sandro/workspace/sandro/MLCQCodeSmellSamples/scripts/../dataset/commons-configuration_34357e075d63c3634310878636f9498847badcab/src/test/java/org/apache/commons/configuration2/TestCatalogResolver.java,org.apache.commons.configuration2.TestCatalogResolver,load/1[java.lang.String],config,1
/home/sandro/workspace/sandro/MLCQCodeSmellSamples/scripts/../dataset/commons-configuration_34357e075d63c3634310878636f9498847badcab/src/test/java/org/apache/commons/configuration2/TestCatalogResolver.java,org.apache.commons.configuration2.TestCatalogResolver,testLogger/0,resolver,3
/home/sandro/workspace/sandro/MLCQCodeSmellSamples/scripts/../dataset/commons-configuration_34357e075d63c3634310878636f9498847badcab/src/main/java/org/apache/commons/configuration2/XMLConfiguration.java,org.apache.commons.configuration2.XMLConfiguration$XMLBuilderVisitor,processDocument/1[org.apache.commons.configuration2.tree.ReferenceNodeHandler],document,1
/home/sandro/workspace/sandro/MLCQCodeSmellSamples/scripts/../dataset/commons-configuration_34357e075d63c3634310878636f9498847badcab/src/main/java/org/apache/commons/configuration2/XMLConfiguration.java,org.apache.commons.configuration2.XMLConfiguration$XMLBuilderVisitor,"insert/5[org.apache.commons.configuration2.tree.ImmutableNode,org.apache.commons.configuration2.tree.ImmutableNode,org.apache.commons.configuration2.tree.ImmutableNode,org.apache.commons.configuration2.tree.ImmutableNode,org.apache.commons.configuration2.tree.ReferenceNodeHandler]",document,2
/home/sandro/workspace/sandro/MLCQCodeSmellSamples/scripts/../dataset/commons-configuration_34357e075d63c3634310878636f9498847badcab/src/main/java/org/apache/commons/configuration2/XMLConfiguration.java,org.apache.commons.configuration2.XMLConfiguration$XMLBuilderVisitor,"insert/5[org.apache.commons.configuration2.tree.ImmutableNode,org.apache.commons.configuration2.tree.ImmutableNode,org.apache.commons.configuration2.tree.ImmutableNode,org.apache.commons.configuration2.tree.ImmutableNode,org.apache.commons.configuration2.tree.ReferenceNodeHandler]",listDelimiterHandler,1
/home/sandro/workspace/sandro/MLCQCodeSmellSamples/scripts/../dataset/commons-configuration_34357e075d63c3634310878636f9498847badcab/src/main/java/org/apache/commons/configuration2/XMLConfiguration.java,org.apache.commons.configuration2.XMLConfiguration$XMLBuilderVisitor,"insert/5[org.apache.commons.configuration2.tree.ImmutableNode,org.apache.commons.configuration2.tree.ImmutableNode,org.apache.commons.configuration2.tree.ImmutableNode,org.apache.commons.configuration2.tree.ImmutableNode,org.apache.commons.configuration2.tree.ReferenceNodeHandler]",newElements,1
/home/sandro/workspace/sandro/MLCQCodeSmellSamples/scripts/../dataset/commons-configuration_34357e075d63c3634310878636f9498847badcab/src/main/java/org/apache/commons/configuration2/XMLConfiguration.java,org.apache.commons.configuration2.XMLConfiguration$XMLBuilderVisitor,"XMLBuilderVisitor/2[org.apache.commons.configuration2.XMLDocumentHelper,org.apache.commons.configuration2.convert.ListDelimiterHandler]",document,1
/home/sandro/workspace/sandro/MLCQCodeSmellSamples/scripts/../dataset/commons-configuration_34357e075d63c3634310878636f9498847badcab/src/main/java/org/apache/commons/configuration2/XMLConfiguration.java,org.apache.commons.configuration2.XMLConfiguration$XMLBuilderVisitor,"XMLBuilderVisitor/2[org.apache.commons.configuration2.XMLDocumentHelper,org.apache.commons.configuration2.convert.ListDelimiterHandler]",listDelimiterHandler,1
/home/sandro/workspace/sandro/MLCQCodeSmellSamples/scripts/../dataset/commons-configuration_34357e075d63c3634310878636f9498847badcab/src/main/java/org/apache/commons/configuration2/XMLConfiguration.java,org.apache.commons.configuration2.XMLConfiguration$XMLBuilderVisitor,"XMLBuilderVisitor/2[org.apache.commons.configuration2.XMLDocumentHelper,org.apache.commons.configuration2.convert.ListDelimiterHandler]",elementMapping,1
/home/sandro/workspace/sandro/MLCQCodeSmellSamples/scripts/../dataset/commons-configuration_34357e075d63c3634310878636f9498847badcab/src/main/java/org/apache/commons/configuration2/XMLConfiguration.java,org.apache.commons.configuration2.XMLConfiguration$XMLBuilderVisitor,"XMLBuilderVisitor/2[org.apache.commons.configuration2.XMLDocumentHelper,org.apache.commons.configuration2.convert.ListDelimiterHandler]",newElements,1
/home/sandro/workspace/sandro/MLCQCodeSmellSamples/scripts/../dataset/commons-configuration_34357e075d63c3634310878636f9498847badcab/src/main/java/org/apache/commons/configuration2/XMLConfiguration.java,org.apache.commons.configuration2.XMLConfiguration$XMLBuilderVisitor,"update/3[org.apache.commons.configuration2.tree.ImmutableNode,java.lang.Object,org.apache.commons.configuration2.tree.ReferenceNodeHandler]",listDelimiterHandler,2
/home/sandro/workspace/sandro/MLCQCodeSmellSamples/scripts/../dataset/commons-configuration_34357e075d63c3634310878636f9498847badcab/src/main/java/org/apache/commons/configuration2/XMLConfiguration.java,org.apache.commons.configuration2.XMLConfiguration$XMLBuilderVisitor,"updateElement/2[org.w3c.dom.Element,java.lang.Object]",document,1
/home/sandro/workspace/sandro/MLCQCodeSmellSamples/scripts/../dataset/commons-configuration_34357e075d63c3634310878636f9498847badcab/src/main/java/org/apache/commons/configuration2/XMLConfiguration.java,org.apache.commons.configuration2.XMLConfiguration$XMLBuilderVisitor,handleRemovedNodes/1[org.apache.commons.configuration2.tree.ReferenceNodeHandler],elementMapping,1
/home/sandro/workspace/sandro/MLCQCodeSmellSamples/scripts/../dataset/commons-configuration_34357e075d63c3634310878636f9498847badcab/src/main/java/org/apache/commons/configuration2/XMLConfiguration.java,org.apache.commons.configuration2.XMLConfiguration$XMLBuilderVisitor,"getElement/2[org.apache.commons.configuration2.tree.ImmutableNode,org.apache.commons.configuration2.tree.ReferenceNodeHandler]",document,1
/home/sandro/workspace/sandro/MLCQCodeSmellSamples/scripts/../dataset/commons-configuration_34357e075d63c3634310878636f9498847badcab/src/main/java/org/apache/commons/configuration2/XMLConfiguration.java,org.apache.commons.configuration2.XMLConfiguration$XMLBuilderVisitor,"getElement/2[org.apache.commons.configuration2.tree.ImmutableNode,org.apache.commons.configuration2.tree.ReferenceNodeHandler]",elementMapping,1
/home/sandro/workspace/sandro/MLCQCodeSmellSamples/scripts/../dataset/commons-configuration_34357e075d63c3634310878636f9498847badcab/src/main/java/org/apache/commons/configuration2/XMLConfiguration.java,org.apache.commons.configuration2.XMLConfiguration$XMLBuilderVisitor,"getElement/2[org.apache.commons.configuration2.tree.ImmutableNode,org.apache.commons.configuration2.tree.ReferenceNodeHandler]",newElements,1
/home/sandro/workspace/sandro/MLCQCodeSmellSamples/scripts/../dataset/commons-configuration_34357e075d63c3634310878636f9498847badcab/src/main/java/org/apache/commons/configuration2/reloading/CombinedReloadingController.java,org.apache.commons.configuration2.reloading.CombinedReloadingController$MultiReloadingControllerDetector,reloadingPerformed/0,owner,1
/home/sandro/workspace/sandro/MLCQCodeSmellSamples/scripts/../dataset/commons-configuration_34357e075d63c3634310878636f9498847badcab/src/main/java/org/apache/commons/configuration2/reloading/CombinedReloadingController.java,org.apache.commons.configuration2.reloading.CombinedReloadingController$MultiReloadingControllerDetector,MultiReloadingControllerDetector/1[org.apache.commons.configuration2.reloading.CombinedReloadingController],owner,1
/home/sandro/workspace/sandro/MLCQCodeSmellSamples/scripts/../dataset/commons-configuration_34357e075d63c3634310878636f9498847badcab/src/main/java/org/apache/commons/configuration2/reloading/CombinedReloadingController.java,org.apache.commons.configuration2.reloading.CombinedReloadingController$MultiReloadingControllerDetector,isReloadingRequired/0,owner,1
/home/sandro/workspace/sandro/MLCQCodeSmellSamples/scripts/../dataset/commons-configuration_34357e075d63c3634310878636f9498847badcab/src/test/java/org/apache/commons/configuration2/TestXMLListHandling.java,org.apache.commons.configuration2.TestXMLListHandling,setUp/0,SOURCE,1
/home/sandro/workspace/sandro/MLCQCodeSmellSamples/scripts/../dataset/commons-configuration_34357e075d63c3634310878636f9498847badcab/src/test/java/org/apache/commons/configuration2/TestXMLListHandling.java,org.apache.commons.configuration2.TestXMLListHandling,setUp/0,config,1
/home/sandro/workspace/sandro/MLCQCodeSmellSamples/scripts/../dataset/commons-configuration_34357e075d63c3634310878636f9498847badcab/src/test/java/org/apache/commons/configuration2/TestXMLListHandling.java,org.apache.commons.configuration2.TestXMLListHandling,testAddListItem/0,KEY_SPLIT,1
/home/sandro/workspace/sandro/MLCQCodeSmellSamples/scripts/../dataset/commons-configuration_34357e075d63c3634310878636f9498847badcab/src/test/java/org/apache/commons/configuration2/TestXMLListHandling.java,org.apache.commons.configuration2.TestXMLListHandling,testAddListItem/0,KEY_VALUES,2
/home/sandro/workspace/sandro/MLCQCodeSmellSamples/scripts/../dataset/commons-configuration_34357e075d63c3634310878636f9498847badcab/src/test/java/org/apache/commons/configuration2/TestXMLListHandling.java,org.apache.commons.configuration2.TestXMLListHandling,testAddListItem/0,ELEM_SPLIT,1
/home/sandro/workspace/sandro/MLCQCodeSmellSamples/scripts/../dataset/commons-configuration_34357e075d63c3634310878636f9498847badcab/src/test/java/org/apache/commons/configuration2/TestXMLListHandling.java,org.apache.commons.configuration2.TestXMLListHandling,testAddListItem/0,config,2
/home/sandro/workspace/sandro/MLCQCodeSmellSamples/scripts/../dataset/commons-configuration_34357e075d63c3634310878636f9498847badcab/src/test/java/org/apache/commons/configuration2/TestXMLListHandling.java,org.apache.commons.configuration2.TestXMLListHandling,testRemoveListItem/0,KEY_SPLIT,1
/home/sandro/workspace/sandro/MLCQCodeSmellSamples/scripts/../dataset/commons-configuration_34357e075d63c3634310878636f9498847badcab/src/test/java/org/apache/commons/configuration2/TestXMLListHandling.java,org.apache.commons.configuration2.TestXMLListHandling,testRemoveListItem/0,KEY_VALUES,2
/home/sandro/workspace/sandro/MLCQCodeSmellSamples/scripts/../dataset/commons-configuration_34357e075d63c3634310878636f9498847badcab/src/test/java/org/apache/commons/configuration2/TestXMLListHandling.java,org.apache.commons.configuration2.TestXMLListHandling,testRemoveListItem/0,ELEM_SPLIT,1
/home/sandro/workspace/sandro/MLCQCodeSmellSamples/scripts/../dataset/commons-configuration_34357e075d63c3634310878636f9498847badcab/src/test/java/org/apache/commons/configuration2/TestXMLListHandling.java,org.apache.commons.configuration2.TestXMLListHandling,testRemoveListItem/0,config,2
/home/sandro/workspace/sandro/MLCQCodeSmellSamples/scripts/../dataset/commons-configuration_34357e075d63c3634310878636f9498847badcab/src/test/java/org/apache/commons/configuration2/TestXMLListHandling.java,org.apache.commons.configuration2.TestXMLListHandling,testMixedList/0,config,1
/home/sandro/workspace/sandro/MLCQCodeSmellSamples/scripts/../dataset/commons-configuration_34357e075d63c3634310878636f9498847badcab/src/test/java/org/apache/commons/configuration2/TestXMLListHandling.java,org.apache.commons.configuration2.TestXMLListHandling,testIncompatibleListDelimiterOnSaving/0,config,1
/home/sandro/workspace/sandro/MLCQCodeSmellSamples/scripts/../dataset/commons-configuration_34357e075d63c3634310878636f9498847badcab/src/test/java/org/apache/commons/configuration2/TestXMLListHandling.java,org.apache.commons.configuration2.TestXMLListHandling,testSaveNoChanges/0,KEY_VALUES,1
/home/sandro/workspace/sandro/MLCQCodeSmellSamples/scripts/../dataset/commons-configuration_34357e075d63c3634310878636f9498847badcab/src/test/java/org/apache/commons/configuration2/TestXMLListHandling.java,org.apache.commons.configuration2.TestXMLListHandling,testSaveNoChanges/0,ELEM_SPLIT,1
/home/sandro/workspace/sandro/MLCQCodeSmellSamples/scripts/../dataset/commons-configuration_34357e075d63c3634310878636f9498847badcab/src/test/java/org/apache/commons/configuration2/TestXMLListHandling.java,org.apache.commons.configuration2.TestXMLListHandling,saveToString/0,config,1
/home/sandro/workspace/sandro/MLCQCodeSmellSamples/scripts/../dataset/commons-configuration_34357e075d63c3634310878636f9498847badcab/src/test/java/org/apache/commons/configuration2/beanutils/BeanCreationTestBean.java,org.apache.commons.configuration2.beanutils.BeanCreationTestBean,setStringValue/1[java.lang.String],stringValue,3
/home/sandro/workspace/sandro/MLCQCodeSmellSamples/scripts/../dataset/commons-configuration_34357e075d63c3634310878636f9498847badcab/src/test/java/org/apache/commons/configuration2/beanutils/BeanCreationTestBean.java,org.apache.commons.configuration2.beanutils.BeanCreationTestBean,setIntValue/1[int],intValue,3
/home/sandro/workspace/sandro/MLCQCodeSmellSamples/scripts/../dataset/commons-configuration_34357e075d63c3634310878636f9498847badcab/src/test/java/org/apache/commons/configuration2/beanutils/BeanCreationTestBean.java,org.apache.commons.configuration2.beanutils.BeanCreationTestBean,getIntValue/0,intValue,1
/home/sandro/workspace/sandro/MLCQCodeSmellSamples/scripts/../dataset/commons-configuration_34357e075d63c3634310878636f9498847badcab/src/test/java/org/apache/commons/configuration2/beanutils/BeanCreationTestBean.java,org.apache.commons.configuration2.beanutils.BeanCreationTestBean,getBuddy/0,buddy,1
/home/sandro/workspace/sandro/MLCQCodeSmellSamples/scripts/../dataset/commons-configuration_34357e075d63c3634310878636f9498847badcab/src/test/java/org/apache/commons/configuration2/beanutils/BeanCreationTestBean.java,org.apache.commons.configuration2.beanutils.BeanCreationTestBean,setBuddy/1[org.apache.commons.configuration2.beanutils.BeanCreationTestBean],buddy,3
/home/sandro/workspace/sandro/MLCQCodeSmellSamples/scripts/../dataset/commons-configuration_34357e075d63c3634310878636f9498847badcab/src/test/java/org/apache/commons/configuration2/beanutils/BeanCreationTestBean.java,org.apache.commons.configuration2.beanutils.BeanCreationTestBean,getStringValue/0,stringValue,1
/home/sandro/workspace/sandro/MLCQCodeSmellSamples/scripts/../dataset/commons-configuration_34357e075d63c3634310878636f9498847badcab/src/test/java/org/apache/commons/configuration2/TestBaseConfigurationXMLReader.java,org.apache.commons.configuration2.TestBaseConfigurationXMLReader,"checkDocument/2[org.apache.commons.configuration2.BaseConfigurationXMLReader,java.lang.String]",CONTINENTS,1
/home/sandro/workspace/sandro/MLCQCodeSmellSamples/scripts/../dataset/commons-configuration_34357e075d63c3634310878636f9498847badcab/src/test/java/org/apache/commons/configuration2/TestBaseConfigurationXMLReader.java,org.apache.commons.configuration2.TestBaseConfigurationXMLReader,testParse/0,configReader,1
/home/sandro/workspace/sandro/MLCQCodeSmellSamples/scripts/../dataset/commons-configuration_34357e075d63c3634310878636f9498847badcab/src/test/java/org/apache/commons/configuration2/TestBaseConfigurationXMLReader.java,org.apache.commons.configuration2.TestBaseConfigurationXMLReader,testParseSAXException/0,configReader,2
/home/sandro/workspace/sandro/MLCQCodeSmellSamples/scripts/../dataset/commons-configuration_34357e075d63c3634310878636f9498847badcab/src/test/java/org/apache/commons/configuration2/TestBaseConfigurationXMLReader.java,org.apache.commons.configuration2.TestBaseConfigurationXMLReader,testSetRootName/0,config,1
/home/sandro/workspace/sandro/MLCQCodeSmellSamples/scripts/../dataset/commons-configuration_34357e075d63c3634310878636f9498847badcab/src/test/java/org/apache/commons/configuration2/TestBaseConfigurationXMLReader.java,org.apache.commons.configuration2.TestBaseConfigurationXMLReader,setUp/0,configReader,1
/home/sandro/workspace/sandro/MLCQCodeSmellSamples/scripts/../dataset/commons-configuration_34357e075d63c3634310878636f9498847badcab/src/test/java/org/apache/commons/configuration2/TestBaseConfigurationXMLReader.java,org.apache.commons.configuration2.TestBaseConfigurationXMLReader,setUp/0,CONTINENTS,1
/home/sandro/workspace/sandro/MLCQCodeSmellSamples/scripts/../dataset/commons-configuration_34357e075d63c3634310878636f9498847badcab/src/test/java/org/apache/commons/configuration2/TestBaseConfigurationXMLReader.java,org.apache.commons.configuration2.TestBaseConfigurationXMLReader,setUp/0,config,13
/home/sandro/workspace/sandro/MLCQCodeSmellSamples/scripts/../dataset/commons-configuration_34357e075d63c3634310878636f9498847badcab/src/test/java/org/apache/commons/configuration2/TestNonStringProperties.java,org.apache.commons.configuration2.TestNonStringProperties,setUp/0,testProperties,1
/home/sandro/workspace/sandro/MLCQCodeSmellSamples/scripts/../dataset/commons-configuration_34357e075d63c3634310878636f9498847badcab/src/test/java/org/apache/commons/configuration2/TestJSONConfiguration.java,org.apache.commons.configuration2.TestJSONConfiguration,testGetProperty_dictionaryInList/0,jsonConfiguration,2
/home/sandro/workspace/sandro/MLCQCodeSmellSamples/scripts/../dataset/commons-configuration_34357e075d63c3634310878636f9498847badcab/src/test/java/org/apache/commons/configuration2/TestJSONConfiguration.java,org.apache.commons.configuration2.TestJSONConfiguration,testGetProperty_nested/0,jsonConfiguration,1
/home/sandro/workspace/sandro/MLCQCodeSmellSamples/scripts/../dataset/commons-configuration_34357e075d63c3634310878636f9498847badcab/src/test/java/org/apache/commons/configuration2/TestJSONConfiguration.java,org.apache.commons.configuration2.TestJSONConfiguration,testGetProperty_nested_with_list/0,jsonConfiguration,1
/home/sandro/workspace/sandro/MLCQCodeSmellSamples/scripts/../dataset/commons-configuration_34357e075d63c3634310878636f9498847badcab/src/test/java/org/apache/commons/configuration2/TestJSONConfiguration.java,org.apache.commons.configuration2.TestJSONConfiguration,testGetProperty_simple/0,jsonConfiguration,1
/home/sandro/workspace/sandro/MLCQCodeSmellSamples/scripts/../dataset/commons-configuration_34357e075d63c3634310878636f9498847badcab/src/test/java/org/apache/commons/configuration2/TestJSONConfiguration.java,org.apache.commons.configuration2.TestJSONConfiguration,testGetProperty_very_nested_properties/0,jsonConfiguration,1
/home/sandro/workspace/sandro/MLCQCodeSmellSamples/scripts/../dataset/commons-configuration_34357e075d63c3634310878636f9498847badcab/src/test/java/org/apache/commons/configuration2/TestJSONConfiguration.java,org.apache.commons.configuration2.TestJSONConfiguration,testGetProperty_dictionary/0,jsonConfiguration,3
/home/sandro/workspace/sandro/MLCQCodeSmellSamples/scripts/../dataset/commons-configuration_34357e075d63c3634310878636f9498847badcab/src/test/java/org/apache/commons/configuration2/TestJSONConfiguration.java,org.apache.commons.configuration2.TestJSONConfiguration,setUp/0,jsonConfiguration,2
/home/sandro/workspace/sandro/MLCQCodeSmellSamples/scripts/../dataset/commons-configuration_34357e075d63c3634310878636f9498847badcab/src/test/java/org/apache/commons/configuration2/TestJSONConfiguration.java,org.apache.commons.configuration2.TestJSONConfiguration,setUp/0,testJson,1
/home/sandro/workspace/sandro/MLCQCodeSmellSamples/scripts/../dataset/commons-configuration_34357e075d63c3634310878636f9498847badcab/src/test/java/org/apache/commons/configuration2/TestJSONConfiguration.java,org.apache.commons.configuration2.TestJSONConfiguration,testGetProperty_subset/0,jsonConfiguration,1
/home/sandro/workspace/sandro/MLCQCodeSmellSamples/scripts/../dataset/commons-configuration_34357e075d63c3634310878636f9498847badcab/src/test/java/org/apache/commons/configuration2/TestJSONConfiguration.java,org.apache.commons.configuration2.TestJSONConfiguration,testGetProperty_integer/0,jsonConfiguration,1
/home/sandro/workspace/sandro/MLCQCodeSmellSamples/scripts/../dataset/commons-configuration_34357e075d63c3634310878636f9498847badcab/src/test/java/org/apache/commons/configuration2/TestJSONConfiguration.java,org.apache.commons.configuration2.TestJSONConfiguration,testCopyConstructor/0,jsonConfiguration,2
/home/sandro/workspace/sandro/MLCQCodeSmellSamples/scripts/../dataset/commons-configuration_34357e075d63c3634310878636f9498847badcab/src/test/java/org/apache/commons/configuration2/TestJSONConfiguration.java,org.apache.commons.configuration2.TestJSONConfiguration,testSave/0,jsonConfiguration,1
/home/sandro/workspace/sandro/MLCQCodeSmellSamples/scripts/../dataset/commons-configuration_34357e075d63c3634310878636f9498847badcab/src/test/java/org/apache/commons/configuration2/interpol/TestEnvironmentLookup.java,org.apache.commons.configuration2.interpol.TestEnvironmentLookup,testLookup/0,lookup,2
/home/sandro/workspace/sandro/MLCQCodeSmellSamples/scripts/../dataset/commons-configuration_34357e075d63c3634310878636f9498847badcab/src/test/java/org/apache/commons/configuration2/interpol/TestEnvironmentLookup.java,org.apache.commons.configuration2.interpol.TestEnvironmentLookup,testLookupNonExisting/0,lookup,2
/home/sandro/workspace/sandro/MLCQCodeSmellSamples/scripts/../dataset/commons-configuration_34357e075d63c3634310878636f9498847badcab/src/test/java/org/apache/commons/configuration2/interpol/TestEnvironmentLookup.java,org.apache.commons.configuration2.interpol.TestEnvironmentLookup,setUp/0,lookup,1
/home/sandro/workspace/sandro/MLCQCodeSmellSamples/scripts/../dataset/commons-configuration_34357e075d63c3634310878636f9498847badcab/src/main/java/org/apache/commons/configuration2/web/ServletFilterConfiguration.java,org.apache.commons.configuration2.web.ServletFilterConfiguration,ServletFilterConfiguration/1[org.apache.commons.configuration2.web.FilterConfig],config,4
/home/sandro/workspace/sandro/MLCQCodeSmellSamples/scripts/../dataset/commons-configuration_34357e075d63c3634310878636f9498847badcab/src/main/java/org/apache/commons/configuration2/web/ServletFilterConfiguration.java,org.apache.commons.configuration2.web.ServletFilterConfiguration,getPropertyInternal/1[java.lang.String],config,1
/home/sandro/workspace/sandro/MLCQCodeSmellSamples/scripts/../dataset/commons-configuration_34357e075d63c3634310878636f9498847badcab/src/main/java/org/apache/commons/configuration2/web/ServletFilterConfiguration.java,org.apache.commons.configuration2.web.ServletFilterConfiguration,getKeysInternal/0,config,1
/home/sandro/workspace/sandro/MLCQCodeSmellSamples/scripts/../dataset/commons-configuration_34357e075d63c3634310878636f9498847badcab/src/test/java/org/apache/commons/configuration2/plist/TestXMLPropertyListConfiguration.java,org.apache.commons.configuration2.plist.TestXMLPropertyListConfiguration,testInteger/0,config,1
/home/sandro/workspace/sandro/MLCQCodeSmellSamples/scripts/../dataset/commons-configuration_34357e075d63c3634310878636f9498847badcab/src/test/java/org/apache/commons/configuration2/plist/TestXMLPropertyListConfiguration.java,org.apache.commons.configuration2.plist.TestXMLPropertyListConfiguration,checkArrayProperty/1[java.util.List<?>],config,1
/home/sandro/workspace/sandro/MLCQCodeSmellSamples/scripts/../dataset/commons-configuration_34357e075d63c3634310878636f9498847badcab/src/test/java/org/apache/commons/configuration2/plist/TestXMLPropertyListConfiguration.java,org.apache.commons.configuration2.plist.TestXMLPropertyListConfiguration,testSetDataProperty/0,folder,1
/home/sandro/workspace/sandro/MLCQCodeSmellSamples/scripts/../dataset/commons-configuration_34357e075d63c3634310878636f9498847badcab/src/test/java/org/apache/commons/configuration2/plist/TestXMLPropertyListConfiguration.java,org.apache.commons.configuration2.plist.TestXMLPropertyListConfiguration,testSetDataProperty/0,config,2
/home/sandro/workspace/sandro/MLCQCodeSmellSamples/scripts/../dataset/commons-configuration_34357e075d63c3634310878636f9498847badcab/src/test/java/org/apache/commons/configuration2/plist/TestXMLPropertyListConfiguration.java,org.apache.commons.configuration2.plist.TestXMLPropertyListConfiguration,testWriteCalledDirectly/0,folder,1
/home/sandro/workspace/sandro/MLCQCodeSmellSamples/scripts/../dataset/commons-configuration_34357e075d63c3634310878636f9498847badcab/src/test/java/org/apache/commons/configuration2/plist/TestXMLPropertyListConfiguration.java,org.apache.commons.configuration2.plist.TestXMLPropertyListConfiguration,testWriteCalledDirectly/0,config,3
/home/sandro/workspace/sandro/MLCQCodeSmellSamples/scripts/../dataset/commons-configuration_34357e075d63c3634310878636f9498847badcab/src/test/java/org/apache/commons/configuration2/plist/TestXMLPropertyListConfiguration.java,org.apache.commons.configuration2.plist.TestXMLPropertyListConfiguration,testAddDataProperty/0,folder,1
/home/sandro/workspace/sandro/MLCQCodeSmellSamples/scripts/../dataset/commons-configuration_34357e075d63c3634310878636f9498847badcab/src/test/java/org/apache/commons/configuration2/plist/TestXMLPropertyListConfiguration.java,org.apache.commons.configuration2.plist.TestXMLPropertyListConfiguration,testAddDataProperty/0,config,2
/home/sandro/workspace/sandro/MLCQCodeSmellSamples/scripts/../dataset/commons-configuration_34357e075d63c3634310878636f9498847badcab/src/test/java/org/apache/commons/configuration2/plist/TestXMLPropertyListConfiguration.java,org.apache.commons.configuration2.plist.TestXMLPropertyListConfiguration,testSetDatePropertyInvalid/0,config,4
/home/sandro/workspace/sandro/MLCQCodeSmellSamples/scripts/../dataset/commons-configuration_34357e075d63c3634310878636f9498847badcab/src/test/java/org/apache/commons/configuration2/plist/TestXMLPropertyListConfiguration.java,org.apache.commons.configuration2.plist.TestXMLPropertyListConfiguration,testNestedArray/0,config,2
/home/sandro/workspace/sandro/MLCQCodeSmellSamples/scripts/../dataset/commons-configuration_34357e075d63c3634310878636f9498847badcab/src/test/java/org/apache/commons/configuration2/plist/TestXMLPropertyListConfiguration.java,org.apache.commons.configuration2.plist.TestXMLPropertyListConfiguration,testSave/0,folder,1
/home/sandro/workspace/sandro/MLCQCodeSmellSamples/scripts/../dataset/commons-configuration_34357e075d63c3634310878636f9498847badcab/src/test/java/org/apache/commons/configuration2/plist/TestXMLPropertyListConfiguration.java,org.apache.commons.configuration2.plist.TestXMLPropertyListConfiguration,testSave/0,config,5
/home/sandro/workspace/sandro/MLCQCodeSmellSamples/scripts/../dataset/commons-configuration_34357e075d63c3634310878636f9498847badcab/src/test/java/org/apache/commons/configuration2/plist/TestXMLPropertyListConfiguration.java,org.apache.commons.configuration2.plist.TestXMLPropertyListConfiguration,setUp/0,config,2
/home/sandro/workspace/sandro/MLCQCodeSmellSamples/scripts/../dataset/commons-configuration_34357e075d63c3634310878636f9498847badcab/src/test/java/org/apache/commons/configuration2/plist/TestXMLPropertyListConfiguration.java,org.apache.commons.configuration2.plist.TestXMLPropertyListConfiguration,testSaveArray/0,config,2
/home/sandro/workspace/sandro/MLCQCodeSmellSamples/scripts/../dataset/commons-configuration_34357e075d63c3634310878636f9498847badcab/src/test/java/org/apache/commons/configuration2/plist/TestXMLPropertyListConfiguration.java,org.apache.commons.configuration2.plist.TestXMLPropertyListConfiguration,testString/0,config,1
/home/sandro/workspace/sandro/MLCQCodeSmellSamples/scripts/../dataset/commons-configuration_34357e075d63c3634310878636f9498847badcab/src/test/java/org/apache/commons/configuration2/plist/TestXMLPropertyListConfiguration.java,org.apache.commons.configuration2.plist.TestXMLPropertyListConfiguration,testArray/0,config,2
/home/sandro/workspace/sandro/MLCQCodeSmellSamples/scripts/../dataset/commons-configuration_34357e075d63c3634310878636f9498847badcab/src/test/java/org/apache/commons/configuration2/plist/TestXMLPropertyListConfiguration.java,org.apache.commons.configuration2.plist.TestXMLPropertyListConfiguration,testSaveEmptyDictionary/0,folder,1
/home/sandro/workspace/sandro/MLCQCodeSmellSamples/scripts/../dataset/commons-configuration_34357e075d63c3634310878636f9498847badcab/src/test/java/org/apache/commons/configuration2/plist/TestXMLPropertyListConfiguration.java,org.apache.commons.configuration2.plist.TestXMLPropertyListConfiguration,testSaveEmptyDictionary/0,config,1
/home/sandro/workspace/sandro/MLCQCodeSmellSamples/scripts/../dataset/commons-configuration_34357e075d63c3634310878636f9498847badcab/src/test/java/org/apache/commons/configuration2/plist/TestXMLPropertyListConfiguration.java,org.apache.commons.configuration2.plist.TestXMLPropertyListConfiguration,testReal/0,config,1
/home/sandro/workspace/sandro/MLCQCodeSmellSamples/scripts/../dataset/commons-configuration_34357e075d63c3634310878636f9498847badcab/src/test/java/org/apache/commons/configuration2/plist/TestXMLPropertyListConfiguration.java,org.apache.commons.configuration2.plist.TestXMLPropertyListConfiguration,testBoolean/0,config,2
/home/sandro/workspace/sandro/MLCQCodeSmellSamples/scripts/../dataset/commons-configuration_34357e075d63c3634310878636f9498847badcab/src/test/java/org/apache/commons/configuration2/plist/TestXMLPropertyListConfiguration.java,org.apache.commons.configuration2.plist.TestXMLPropertyListConfiguration,testSaveWithEncoding/0,config,1
/home/sandro/workspace/sandro/MLCQCodeSmellSamples/scripts/../dataset/commons-configuration_34357e075d63c3634310878636f9498847badcab/src/test/java/org/apache/commons/configuration2/plist/TestXMLPropertyListConfiguration.java,org.apache.commons.configuration2.plist.TestXMLPropertyListConfiguration,save/1[java.io.File],config,1
/home/sandro/workspace/sandro/MLCQCodeSmellSamples/scripts/../dataset/commons-configuration_34357e075d63c3634310878636f9498847badcab/src/test/java/org/apache/commons/configuration2/plist/TestXMLPropertyListConfiguration.java,org.apache.commons.configuration2.plist.TestXMLPropertyListConfiguration,testDictionary/0,config,3
/home/sandro/workspace/sandro/MLCQCodeSmellSamples/scripts/../dataset/commons-configuration_34357e075d63c3634310878636f9498847badcab/src/test/java/org/apache/commons/configuration2/plist/TestXMLPropertyListConfiguration.java,org.apache.commons.configuration2.plist.TestXMLPropertyListConfiguration,testNested/0,config,1
/home/sandro/workspace/sandro/MLCQCodeSmellSamples/scripts/../dataset/commons-configuration_34357e075d63c3634310878636f9498847badcab/src/test/java/org/apache/commons/configuration2/plist/TestXMLPropertyListConfiguration.java,org.apache.commons.configuration2.plist.TestXMLPropertyListConfiguration,testSaveList/0,config,2
/home/sandro/workspace/sandro/MLCQCodeSmellSamples/scripts/../dataset/commons-configuration_34357e075d63c3634310878636f9498847badcab/src/test/java/org/apache/commons/configuration2/plist/TestXMLPropertyListConfiguration.java,org.apache.commons.configuration2.plist.TestXMLPropertyListConfiguration,testSaveNoEncoding/0,config,1
/home/sandro/workspace/sandro/MLCQCodeSmellSamples/scripts/../dataset/commons-configuration_34357e075d63c3634310878636f9498847badcab/src/test/java/org/apache/commons/configuration2/plist/TestXMLPropertyListConfiguration.java,org.apache.commons.configuration2.plist.TestXMLPropertyListConfiguration,testSubset/0,config,1
/home/sandro/workspace/sandro/MLCQCodeSmellSamples/scripts/../dataset/commons-configuration_34357e075d63c3634310878636f9498847badcab/src/test/java/org/apache/commons/configuration2/plist/TestXMLPropertyListConfiguration.java,org.apache.commons.configuration2.plist.TestXMLPropertyListConfiguration,testDate/0,config,2
/home/sandro/workspace/sandro/MLCQCodeSmellSamples/scripts/../dataset/commons-configuration_34357e075d63c3634310878636f9498847badcab/src/test/java/org/apache/commons/configuration2/plist/TestXMLPropertyListConfiguration.java,org.apache.commons.configuration2.plist.TestXMLPropertyListConfiguration,testInitCopy/0,config,2
/home/sandro/workspace/sandro/MLCQCodeSmellSamples/scripts/../dataset/commons-configuration_34357e075d63c3634310878636f9498847badcab/src/test/java/org/apache/commons/configuration2/plist/TestXMLPropertyListConfiguration.java,org.apache.commons.configuration2.plist.TestXMLPropertyListConfiguration,testDictionaryArray/0,config,2
/home/sandro/workspace/sandro/MLCQCodeSmellSamples/scripts/../dataset/commons-configuration_34357e075d63c3634310878636f9498847badcab/src/test/java/org/apache/commons/configuration2/reloading/TestFileHandlerReloadingDetector.java,org.apache.commons.configuration2.reloading.TestFileHandlerReloadingDetector$FileHandlerReloadingDetectorTestImpl,getFile/0,mockFile,1
/home/sandro/workspace/sandro/MLCQCodeSmellSamples/scripts/../dataset/commons-configuration_34357e075d63c3634310878636f9498847badcab/src/test/java/org/apache/commons/configuration2/reloading/TestFileHandlerReloadingDetector.java,org.apache.commons.configuration2.reloading.TestFileHandlerReloadingDetector$FileHandlerReloadingDetectorTestImpl,"FileHandlerReloadingDetectorTestImpl/2[java.io.File,long]",mockFile,1
/home/sandro/workspace/sandro/MLCQCodeSmellSamples/scripts/../dataset/commons-configuration_34357e075d63c3634310878636f9498847badcab/src/test/java/org/apache/commons/configuration2/TestImmutableConfiguration.java,org.apache.commons.configuration2.TestImmutableConfiguration,createTestConfig/0,TEST_FILE,1
/home/sandro/workspace/sandro/MLCQCodeSmellSamples/scripts/../dataset/commons-configuration_34357e075d63c3634310878636f9498847badcab/src/main/java/org/apache/commons/configuration2/builder/AutoSaveListener.java,org.apache.commons.configuration2.builder.AutoSaveListener,loaded/1[org.apache.commons.configuration2.io.FileHandler],handler,1
/home/sandro/workspace/sandro/MLCQCodeSmellSamples/scripts/../dataset/commons-configuration_34357e075d63c3634310878636f9498847badcab/src/main/java/org/apache/commons/configuration2/builder/AutoSaveListener.java,org.apache.commons.configuration2.builder.AutoSaveListener,loaded/1[org.apache.commons.configuration2.io.FileHandler],loading,1
/home/sandro/workspace/sandro/MLCQCodeSmellSamples/scripts/../dataset/commons-configuration_34357e075d63c3634310878636f9498847badcab/src/main/java/org/apache/commons/configuration2/builder/AutoSaveListener.java,org.apache.commons.configuration2.builder.AutoSaveListener,updateFileHandler/1[org.apache.commons.configuration2.io.FileHandler],handler,3
/home/sandro/workspace/sandro/MLCQCodeSmellSamples/scripts/../dataset/commons-configuration_34357e075d63c3634310878636f9498847badcab/src/main/java/org/apache/commons/configuration2/builder/AutoSaveListener.java,org.apache.commons.configuration2.builder.AutoSaveListener,loading/1[org.apache.commons.configuration2.io.FileHandler],handler,1
/home/sandro/workspace/sandro/MLCQCodeSmellSamples/scripts/../dataset/commons-configuration_34357e075d63c3634310878636f9498847badcab/src/main/java/org/apache/commons/configuration2/builder/AutoSaveListener.java,org.apache.commons.configuration2.builder.AutoSaveListener,loading/1[org.apache.commons.configuration2.io.FileHandler],loading,2
/home/sandro/workspace/sandro/MLCQCodeSmellSamples/scripts/../dataset/commons-configuration_34357e075d63c3634310878636f9498847badcab/src/main/java/org/apache/commons/configuration2/builder/AutoSaveListener.java,org.apache.commons.configuration2.builder.AutoSaveListener,inLoadOperation/0,loading,1
/home/sandro/workspace/sandro/MLCQCodeSmellSamples/scripts/../dataset/commons-configuration_34357e075d63c3634310878636f9498847badcab/src/main/java/org/apache/commons/configuration2/builder/AutoSaveListener.java,org.apache.commons.configuration2.builder.AutoSaveListener,AutoSaveListener/1[org.apache.commons.configuration2.builder.FileBasedConfigurationBuilder<?>],builder,1
/home/sandro/workspace/sandro/MLCQCodeSmellSamples/scripts/../dataset/commons-configuration_34357e075d63c3634310878636f9498847badcab/src/main/java/org/apache/commons/configuration2/builder/AutoSaveListener.java,org.apache.commons.configuration2.builder.AutoSaveListener,onEvent/1[org.apache.commons.configuration2.event.ConfigurationEvent],log,1
/home/sandro/workspace/sandro/MLCQCodeSmellSamples/scripts/../dataset/commons-configuration_34357e075d63c3634310878636f9498847badcab/src/main/java/org/apache/commons/configuration2/builder/AutoSaveListener.java,org.apache.commons.configuration2.builder.AutoSaveListener,onEvent/1[org.apache.commons.configuration2.event.ConfigurationEvent],builder,1
/home/sandro/workspace/sandro/MLCQCodeSmellSamples/scripts/../dataset/commons-configuration_34357e075d63c3634310878636f9498847badcab/src/main/java/org/apache/commons/configuration2/ConfigurationMap.java,org.apache.commons.configuration2.ConfigurationMap$ConfigurationSet$ConfigurationSetIterator,ConfigurationSetIterator/0,keys,1
/home/sandro/workspace/sandro/MLCQCodeSmellSamples/scripts/../dataset/commons-configuration_34357e075d63c3634310878636f9498847badcab/src/main/java/org/apache/commons/configuration2/ConfigurationMap.java,org.apache.commons.configuration2.ConfigurationMap$ConfigurationSet$ConfigurationSetIterator,hasNext/0,keys,1
/home/sandro/workspace/sandro/MLCQCodeSmellSamples/scripts/../dataset/commons-configuration_34357e075d63c3634310878636f9498847badcab/src/main/java/org/apache/commons/configuration2/ConfigurationMap.java,org.apache.commons.configuration2.ConfigurationMap$ConfigurationSet$ConfigurationSetIterator,next/0,keys,1
/home/sandro/workspace/sandro/MLCQCodeSmellSamples/scripts/../dataset/commons-configuration_34357e075d63c3634310878636f9498847badcab/src/main/java/org/apache/commons/configuration2/ConfigurationMap.java,org.apache.commons.configuration2.ConfigurationMap$ConfigurationSet$ConfigurationSetIterator,remove/0,keys,1
/home/sandro/workspace/sandro/MLCQCodeSmellSamples/scripts/../dataset/commons-configuration_34357e075d63c3634310878636f9498847badcab/src/main/java/org/apache/commons/configuration2/tree/ReferenceTracker.java,org.apache.commons.configuration2.tree.ReferenceTracker,getReference/1[org.apache.commons.configuration2.tree.ImmutableNode],references,1
/home/sandro/workspace/sandro/MLCQCodeSmellSamples/scripts/../dataset/commons-configuration_34357e075d63c3634310878636f9498847badcab/src/main/java/org/apache/commons/configuration2/tree/ReferenceTracker.java,org.apache.commons.configuration2.tree.ReferenceTracker,"updateReferences/2[java.util.Map<org.apache.commons.configuration2.tree.ImmutableNode,org.apache.commons.configuration2.tree.ImmutableNode>,java.util.Collection<org.apache.commons.configuration2.tree.ImmutableNode>]",references,5
/home/sandro/workspace/sandro/MLCQCodeSmellSamples/scripts/../dataset/commons-configuration_34357e075d63c3634310878636f9498847badcab/src/main/java/org/apache/commons/configuration2/tree/ReferenceTracker.java,org.apache.commons.configuration2.tree.ReferenceTracker,"updateReferences/2[java.util.Map<org.apache.commons.configuration2.tree.ImmutableNode,org.apache.commons.configuration2.tree.ImmutableNode>,java.util.Collection<org.apache.commons.configuration2.tree.ImmutableNode>]",removedReferences,2
/home/sandro/workspace/sandro/MLCQCodeSmellSamples/scripts/../dataset/commons-configuration_34357e075d63c3634310878636f9498847badcab/src/main/java/org/apache/commons/configuration2/tree/ReferenceTracker.java,org.apache.commons.configuration2.tree.ReferenceTracker,getRemovedReferences/0,removedReferences,1
/home/sandro/workspace/sandro/MLCQCodeSmellSamples/scripts/../dataset/commons-configuration_34357e075d63c3634310878636f9498847badcab/src/main/java/org/apache/commons/configuration2/tree/ReferenceTracker.java,org.apache.commons.configuration2.tree.ReferenceTracker,"addReferences/1[java.util.Map<org.apache.commons.configuration2.tree.ImmutableNode,?>]",references,1
/home/sandro/workspace/sandro/MLCQCodeSmellSamples/scripts/../dataset/commons-configuration_34357e075d63c3634310878636f9498847badcab/src/main/java/org/apache/commons/configuration2/tree/ReferenceTracker.java,org.apache.commons.configuration2.tree.ReferenceTracker,"addReferences/1[java.util.Map<org.apache.commons.configuration2.tree.ImmutableNode,?>]",removedReferences,1
/home/sandro/workspace/sandro/MLCQCodeSmellSamples/scripts/../dataset/commons-configuration_34357e075d63c3634310878636f9498847badcab/src/main/java/org/apache/commons/configuration2/tree/ReferenceTracker.java,org.apache.commons.configuration2.tree.ReferenceTracker,"ReferenceTracker/2[java.util.Map<org.apache.commons.configuration2.tree.ImmutableNode,java.lang.Object>,java.util.List<java.lang.Object>]",references,1
/home/sandro/workspace/sandro/MLCQCodeSmellSamples/scripts/../dataset/commons-configuration_34357e075d63c3634310878636f9498847badcab/src/main/java/org/apache/commons/configuration2/tree/ReferenceTracker.java,org.apache.commons.configuration2.tree.ReferenceTracker,"ReferenceTracker/2[java.util.Map<org.apache.commons.configuration2.tree.ImmutableNode,java.lang.Object>,java.util.List<java.lang.Object>]",removedReferences,1
/home/sandro/workspace/sandro/MLCQCodeSmellSamples/scripts/../dataset/commons-configuration_34357e075d63c3634310878636f9498847badcab/src/test/java/org/apache/commons/configuration2/tree/TestNodeAddData.java,org.apache.commons.configuration2.tree.TestNodeAddData,setUpBeforeClass/0,parentNode,1
/home/sandro/workspace/sandro/MLCQCodeSmellSamples/scripts/../dataset/commons-configuration_34357e075d63c3634310878636f9498847badcab/src/test/java/org/apache/commons/configuration2/tree/TestNodeAddData.java,org.apache.commons.configuration2.tree.TestNodeAddData,testPathNodesNull/0,parentNode,1
/home/sandro/workspace/sandro/MLCQCodeSmellSamples/scripts/../dataset/commons-configuration_34357e075d63c3634310878636f9498847badcab/src/test/java/org/apache/commons/configuration2/tree/TestNodeAddData.java,org.apache.commons.configuration2.tree.TestNodeAddData,testPathNodesNull/0,TEST_NODENAME,1
/home/sandro/workspace/sandro/MLCQCodeSmellSamples/scripts/../dataset/commons-configuration_34357e075d63c3634310878636f9498847badcab/src/test/java/org/apache/commons/configuration2/tree/TestNodeAddData.java,org.apache.commons.configuration2.tree.TestNodeAddData,testPathNodesNullModify/0,parentNode,1
/home/sandro/workspace/sandro/MLCQCodeSmellSamples/scripts/../dataset/commons-configuration_34357e075d63c3634310878636f9498847badcab/src/test/java/org/apache/commons/configuration2/tree/TestNodeAddData.java,org.apache.commons.configuration2.tree.TestNodeAddData,testPathNodesNullModify/0,TEST_NODENAME,1
/home/sandro/workspace/sandro/MLCQCodeSmellSamples/scripts/../dataset/commons-configuration_34357e075d63c3634310878636f9498847badcab/src/test/java/org/apache/commons/configuration2/tree/TestNodeAddData.java,org.apache.commons.configuration2.tree.TestNodeAddData,testPathNodesDefinedModify/0,PATH_NODE_NAME,1
/home/sandro/workspace/sandro/MLCQCodeSmellSamples/scripts/../dataset/commons-configuration_34357e075d63c3634310878636f9498847badcab/src/test/java/org/apache/commons/configuration2/tree/TestNodeAddData.java,org.apache.commons.configuration2.tree.TestNodeAddData,testPathNodesDefinedModify/0,parentNode,1
/home/sandro/workspace/sandro/MLCQCodeSmellSamples/scripts/../dataset/commons-configuration_34357e075d63c3634310878636f9498847badcab/src/test/java/org/apache/commons/configuration2/tree/TestNodeAddData.java,org.apache.commons.configuration2.tree.TestNodeAddData,testPathNodesDefinedModify/0,TEST_NODENAME,1
/home/sandro/workspace/sandro/MLCQCodeSmellSamples/scripts/../dataset/commons-configuration_34357e075d63c3634310878636f9498847badcab/src/test/java/org/apache/commons/configuration2/tree/TestNodeAddData.java,org.apache.commons.configuration2.tree.TestNodeAddData,testInitPathNodesDefensiveCopy/0,PATH_NODE_NAME,2
/home/sandro/workspace/sandro/MLCQCodeSmellSamples/scripts/../dataset/commons-configuration_34357e075d63c3634310878636f9498847badcab/src/test/java/org/apache/commons/configuration2/tree/TestNodeAddData.java,org.apache.commons.configuration2.tree.TestNodeAddData,testInitPathNodesDefensiveCopy/0,parentNode,1
/home/sandro/workspace/sandro/MLCQCodeSmellSamples/scripts/../dataset/commons-configuration_34357e075d63c3634310878636f9498847badcab/src/test/java/org/apache/commons/configuration2/tree/TestNodeAddData.java,org.apache.commons.configuration2.tree.TestNodeAddData,testInitPathNodesDefensiveCopy/0,TEST_NODENAME,1
/home/sandro/workspace/sandro/MLCQCodeSmellSamples/scripts/../dataset/commons-configuration_34357e075d63c3634310878636f9498847badcab/src/test/java/org/apache/commons/configuration2/TestEqualsProperty.java,org.apache.commons.configuration2.TestEqualsProperty,testEquals/0,testProperties,1
/home/sandro/workspace/sandro/MLCQCodeSmellSamples/scripts/../dataset/commons-configuration_34357e075d63c3634310878636f9498847badcab/src/test/java/org/apache/commons/configuration2/tree/xpath/TestConfigurationNodePointer.java,org.apache.commons.configuration2.tree.xpath.TestConfigurationNodePointer,setUp/0,pointer,1
/home/sandro/workspace/sandro/MLCQCodeSmellSamples/scripts/../dataset/commons-configuration_34357e075d63c3634310878636f9498847badcab/src/test/java/org/apache/commons/configuration2/tree/xpath/TestConfigurationNodePointer.java,org.apache.commons.configuration2.tree.xpath.TestConfigurationNodePointer,testIsAttribute/0,pointer,1
/home/sandro/workspace/sandro/MLCQCodeSmellSamples/scripts/../dataset/commons-configuration_34357e075d63c3634310878636f9498847badcab/src/test/java/org/apache/commons/configuration2/tree/xpath/TestConfigurationNodePointer.java,org.apache.commons.configuration2.tree.xpath.TestConfigurationNodePointer,testSetValue/0,pointer,1
/home/sandro/workspace/sandro/MLCQCodeSmellSamples/scripts/../dataset/commons-configuration_34357e075d63c3634310878636f9498847badcab/src/test/java/org/apache/commons/configuration2/tree/xpath/TestConfigurationNodePointer.java,org.apache.commons.configuration2.tree.xpath.TestConfigurationNodePointer,testCompareChildNodePointersChildren/0,pointer,4
/home/sandro/workspace/sandro/MLCQCodeSmellSamples/scripts/../dataset/commons-configuration_34357e075d63c3634310878636f9498847badcab/src/test/java/org/apache/commons/configuration2/tree/xpath/TestConfigurationNodePointer.java,org.apache.commons.configuration2.tree.xpath.TestConfigurationNodePointer,testCompareChildNodePointersAttributes/0,pointer,4
/home/sandro/workspace/sandro/MLCQCodeSmellSamples/scripts/../dataset/commons-configuration_34357e075d63c3634310878636f9498847badcab/src/test/java/org/apache/commons/configuration2/tree/xpath/TestConfigurationNodePointer.java,org.apache.commons.configuration2.tree.xpath.TestConfigurationNodePointer,testIterators/0,pointer,1
/home/sandro/workspace/sandro/MLCQCodeSmellSamples/scripts/../dataset/commons-configuration_34357e075d63c3634310878636f9498847badcab/src/test/java/org/apache/commons/configuration2/tree/xpath/TestConfigurationNodePointer.java,org.apache.commons.configuration2.tree.xpath.TestConfigurationNodePointer,testIsLeave/0,pointer,1
/home/sandro/workspace/sandro/MLCQCodeSmellSamples/scripts/../dataset/commons-configuration_34357e075d63c3634310878636f9498847badcab/src/test/java/org/apache/commons/configuration2/tree/xpath/TestConfigurationNodePointer.java,org.apache.commons.configuration2.tree.xpath.TestConfigurationNodePointer,testIsLeafTrue/0,pointer,3
/home/sandro/workspace/sandro/MLCQCodeSmellSamples/scripts/../dataset/commons-configuration_34357e075d63c3634310878636f9498847badcab/src/main/java/org/apache/commons/configuration2/AbstractHierarchicalConfiguration.java,org.apache.commons.configuration2.AbstractHierarchicalConfiguration$DefinedKeysVisitor,"handleAttributeKeys/3[java.lang.String,T,org.apache.commons.configuration2.tree.NodeHandler<T>]",keyList,1
/home/sandro/workspace/sandro/MLCQCodeSmellSamples/scripts/../dataset/commons-configuration_34357e075d63c3634310878636f9498847badcab/src/main/java/org/apache/commons/configuration2/AbstractHierarchicalConfiguration.java,org.apache.commons.configuration2.AbstractHierarchicalConfiguration$DefinedKeysVisitor,DefinedKeysVisitor/0,parentKeys,1
/home/sandro/workspace/sandro/MLCQCodeSmellSamples/scripts/../dataset/commons-configuration_34357e075d63c3634310878636f9498847badcab/src/main/java/org/apache/commons/configuration2/AbstractHierarchicalConfiguration.java,org.apache.commons.configuration2.AbstractHierarchicalConfiguration$DefinedKeysVisitor,DefinedKeysVisitor/0,keyList,1
/home/sandro/workspace/sandro/MLCQCodeSmellSamples/scripts/../dataset/commons-configuration_34357e075d63c3634310878636f9498847badcab/src/main/java/org/apache/commons/configuration2/AbstractHierarchicalConfiguration.java,org.apache.commons.configuration2.AbstractHierarchicalConfiguration$DefinedKeysVisitor,getKeyList/0,keyList,1
/home/sandro/workspace/sandro/MLCQCodeSmellSamples/scripts/../dataset/commons-configuration_34357e075d63c3634310878636f9498847badcab/src/main/java/org/apache/commons/configuration2/AbstractHierarchicalConfiguration.java,org.apache.commons.configuration2.AbstractHierarchicalConfiguration$DefinedKeysVisitor,"visitAfterChildren/2[T,org.apache.commons.configuration2.tree.NodeHandler<T>]",parentKeys,1
/home/sandro/workspace/sandro/MLCQCodeSmellSamples/scripts/../dataset/commons-configuration_34357e075d63c3634310878636f9498847badcab/src/main/java/org/apache/commons/configuration2/AbstractHierarchicalConfiguration.java,org.apache.commons.configuration2.AbstractHierarchicalConfiguration$DefinedKeysVisitor,"visitBeforeChildren/2[T,org.apache.commons.configuration2.tree.NodeHandler<T>]",parentKeys,3
/home/sandro/workspace/sandro/MLCQCodeSmellSamples/scripts/../dataset/commons-configuration_34357e075d63c3634310878636f9498847badcab/src/main/java/org/apache/commons/configuration2/AbstractHierarchicalConfiguration.java,org.apache.commons.configuration2.AbstractHierarchicalConfiguration$DefinedKeysVisitor,"visitBeforeChildren/2[T,org.apache.commons.configuration2.tree.NodeHandler<T>]",keyList,1
/home/sandro/workspace/sandro/MLCQCodeSmellSamples/scripts/../dataset/commons-configuration_34357e075d63c3634310878636f9498847badcab/src/main/java/org/apache/commons/configuration2/AbstractHierarchicalConfiguration.java,org.apache.commons.configuration2.AbstractHierarchicalConfiguration$DefinedKeysVisitor,DefinedKeysVisitor/1[java.lang.String],parentKeys,1
/home/sandro/workspace/sandro/MLCQCodeSmellSamples/scripts/../dataset/commons-configuration_34357e075d63c3634310878636f9498847badcab/src/main/java/org/apache/commons/configuration2/web/ServletRequestConfiguration.java,org.apache.commons.configuration2.web.ServletRequestConfiguration,getPropertyInternal/1[java.lang.String],request,1
/home/sandro/workspace/sandro/MLCQCodeSmellSamples/scripts/../dataset/commons-configuration_34357e075d63c3634310878636f9498847badcab/src/main/java/org/apache/commons/configuration2/web/ServletRequestConfiguration.java,org.apache.commons.configuration2.web.ServletRequestConfiguration,ServletRequestConfiguration/1[org.apache.commons.configuration2.web.ServletRequest],request,4
/home/sandro/workspace/sandro/MLCQCodeSmellSamples/scripts/../dataset/commons-configuration_34357e075d63c3634310878636f9498847badcab/src/main/java/org/apache/commons/configuration2/web/ServletRequestConfiguration.java,org.apache.commons.configuration2.web.ServletRequestConfiguration,getKeysInternal/0,request,1
/home/sandro/workspace/sandro/MLCQCodeSmellSamples/scripts/../dataset/commons-configuration_34357e075d63c3634310878636f9498847badcab/src/test/java/org/apache/commons/configuration2/reloading/RandomReloadingDetector.java,org.apache.commons.configuration2.reloading.RandomReloadingDetector,isReloadingRequired/0,random,1
/home/sandro/workspace/sandro/MLCQCodeSmellSamples/scripts/../dataset/commons-configuration_34357e075d63c3634310878636f9498847badcab/src/test/java/org/apache/commons/configuration2/event/AbstractEventListenerTestImpl.java,org.apache.commons.configuration2.event.AbstractEventListenerTestImpl,checkEventCount/1[int],events,1
/home/sandro/workspace/sandro/MLCQCodeSmellSamples/scripts/../dataset/commons-configuration_34357e075d63c3634310878636f9498847badcab/src/test/java/org/apache/commons/configuration2/event/AbstractEventListenerTestImpl.java,org.apache.commons.configuration2.event.AbstractEventListenerTestImpl,nextEvent/1[org.apache.commons.configuration2.event.EventType<?>],expectedSource,2
/home/sandro/workspace/sandro/MLCQCodeSmellSamples/scripts/../dataset/commons-configuration_34357e075d63c3634310878636f9498847badcab/src/test/java/org/apache/commons/configuration2/event/AbstractEventListenerTestImpl.java,org.apache.commons.configuration2.event.AbstractEventListenerTestImpl,nextEvent/1[org.apache.commons.configuration2.event.EventType<?>],events,2
/home/sandro/workspace/sandro/MLCQCodeSmellSamples/scripts/../dataset/commons-configuration_34357e075d63c3634310878636f9498847badcab/src/test/java/org/apache/commons/configuration2/event/AbstractEventListenerTestImpl.java,org.apache.commons.configuration2.event.AbstractEventListenerTestImpl,onEvent/1[T],events,1
/home/sandro/workspace/sandro/MLCQCodeSmellSamples/scripts/../dataset/commons-configuration_34357e075d63c3634310878636f9498847badcab/src/test/java/org/apache/commons/configuration2/event/AbstractEventListenerTestImpl.java,org.apache.commons.configuration2.event.AbstractEventListenerTestImpl,skipToLast/1[org.apache.commons.configuration2.event.EventType<?>],events,2
/home/sandro/workspace/sandro/MLCQCodeSmellSamples/scripts/../dataset/commons-configuration_34357e075d63c3634310878636f9498847badcab/src/test/java/org/apache/commons/configuration2/event/AbstractEventListenerTestImpl.java,org.apache.commons.configuration2.event.AbstractEventListenerTestImpl,AbstractEventListenerTestImpl/1[java.lang.Object],expectedSource,1
/home/sandro/workspace/sandro/MLCQCodeSmellSamples/scripts/../dataset/commons-configuration_34357e075d63c3634310878636f9498847badcab/src/test/java/org/apache/commons/configuration2/event/AbstractEventListenerTestImpl.java,org.apache.commons.configuration2.event.AbstractEventListenerTestImpl,AbstractEventListenerTestImpl/1[java.lang.Object],events,1
/home/sandro/workspace/sandro/MLCQCodeSmellSamples/scripts/../dataset/commons-configuration_34357e075d63c3634310878636f9498847badcab/src/test/java/org/apache/commons/configuration2/event/AbstractEventListenerTestImpl.java,org.apache.commons.configuration2.event.AbstractEventListenerTestImpl,done/0,events,1
/home/sandro/workspace/sandro/MLCQCodeSmellSamples/scripts/../dataset/commons-configuration_34357e075d63c3634310878636f9498847badcab/src/main/java/org/apache/commons/configuration2/builder/combined/CombinedConfigurationBuilder.java,org.apache.commons.configuration2.builder.combined.CombinedConfigurationBuilder$ConfigurationSourceData,getUnionSources/0,unionDeclarations,1
/home/sandro/workspace/sandro/MLCQCodeSmellSamples/scripts/../dataset/commons-configuration_34357e075d63c3634310878636f9498847badcab/src/main/java/org/apache/commons/configuration2/builder/combined/CombinedConfigurationBuilder.java,org.apache.commons.configuration2.builder.combined.CombinedConfigurationBuilder$ConfigurationSourceData,createConfigurationBuilder/1[org.apache.commons.configuration2.builder.combined.ConfigurationDeclaration],changeListener,1
/home/sandro/workspace/sandro/MLCQCodeSmellSamples/scripts/../dataset/commons-configuration_34357e075d63c3634310878636f9498847badcab/src/main/java/org/apache/commons/configuration2/builder/combined/CombinedConfigurationBuilder.java,org.apache.commons.configuration2.builder.combined.CombinedConfigurationBuilder$ConfigurationSourceData,createConfigurationBuilder/1[org.apache.commons.configuration2.builder.combined.ConfigurationDeclaration],namedBuilders,1
/home/sandro/workspace/sandro/MLCQCodeSmellSamples/scripts/../dataset/commons-configuration_34357e075d63c3634310878636f9498847badcab/src/main/java/org/apache/commons/configuration2/builder/combined/CombinedConfigurationBuilder.java,org.apache.commons.configuration2.builder.combined.CombinedConfigurationBuilder$ConfigurationSourceData,createConfigurationBuilder/1[org.apache.commons.configuration2.builder.combined.ConfigurationDeclaration],allBuilders,1
/home/sandro/workspace/sandro/MLCQCodeSmellSamples/scripts/../dataset/commons-configuration_34357e075d63c3634310878636f9498847badcab/src/main/java/org/apache/commons/configuration2/builder/combined/CombinedConfigurationBuilder.java,org.apache.commons.configuration2.builder.combined.CombinedConfigurationBuilder$ConfigurationSourceData,getChildBuilders/0,allBuilders,1
/home/sandro/workspace/sandro/MLCQCodeSmellSamples/scripts/../dataset/commons-configuration_34357e075d63c3634310878636f9498847badcab/src/main/java/org/apache/commons/configuration2/builder/combined/CombinedConfigurationBuilder.java,org.apache.commons.configuration2.builder.combined.CombinedConfigurationBuilder$ConfigurationSourceData,initFromDefinitionConfiguration/1[org.apache.commons.configuration2.HierarchicalConfiguration<?>],unionDeclarations,1
/home/sandro/workspace/sandro/MLCQCodeSmellSamples/scripts/../dataset/commons-configuration_34357e075d63c3634310878636f9498847badcab/src/main/java/org/apache/commons/configuration2/builder/combined/CombinedConfigurationBuilder.java,org.apache.commons.configuration2.builder.combined.CombinedConfigurationBuilder$ConfigurationSourceData,initFromDefinitionConfiguration/1[org.apache.commons.configuration2.HierarchicalConfiguration<?>],overrideDeclarations,2
/home/sandro/workspace/sandro/MLCQCodeSmellSamples/scripts/../dataset/commons-configuration_34357e075d63c3634310878636f9498847badcab/src/main/java/org/apache/commons/configuration2/builder/combined/CombinedConfigurationBuilder.java,org.apache.commons.configuration2.builder.combined.CombinedConfigurationBuilder$ConfigurationSourceData,getOverrideSources/0,overrideDeclarations,1
/home/sandro/workspace/sandro/MLCQCodeSmellSamples/scripts/../dataset/commons-configuration_34357e075d63c3634310878636f9498847badcab/src/main/java/org/apache/commons/configuration2/builder/combined/CombinedConfigurationBuilder.java,org.apache.commons.configuration2.builder.combined.CombinedConfigurationBuilder$ConfigurationSourceData,getNamedBuilder/1[java.lang.String],namedBuilders,1
/home/sandro/workspace/sandro/MLCQCodeSmellSamples/scripts/../dataset/commons-configuration_34357e075d63c3634310878636f9498847badcab/src/main/java/org/apache/commons/configuration2/builder/combined/CombinedConfigurationBuilder.java,org.apache.commons.configuration2.builder.combined.CombinedConfigurationBuilder$ConfigurationSourceData,ConfigurationSourceData/0,unionDeclarations,1
/home/sandro/workspace/sandro/MLCQCodeSmellSamples/scripts/../dataset/commons-configuration_34357e075d63c3634310878636f9498847badcab/src/main/java/org/apache/commons/configuration2/builder/combined/CombinedConfigurationBuilder.java,org.apache.commons.configuration2.builder.combined.CombinedConfigurationBuilder$ConfigurationSourceData,ConfigurationSourceData/0,changeListener,1
/home/sandro/workspace/sandro/MLCQCodeSmellSamples/scripts/../dataset/commons-configuration_34357e075d63c3634310878636f9498847badcab/src/main/java/org/apache/commons/configuration2/builder/combined/CombinedConfigurationBuilder.java,org.apache.commons.configuration2.builder.combined.CombinedConfigurationBuilder$ConfigurationSourceData,ConfigurationSourceData/0,namedBuilders,1
/home/sandro/workspace/sandro/MLCQCodeSmellSamples/scripts/../dataset/commons-configuration_34357e075d63c3634310878636f9498847badcab/src/main/java/org/apache/commons/configuration2/builder/combined/CombinedConfigurationBuilder.java,org.apache.commons.configuration2.builder.combined.CombinedConfigurationBuilder$ConfigurationSourceData,ConfigurationSourceData/0,overrideDeclarations,1
/home/sandro/workspace/sandro/MLCQCodeSmellSamples/scripts/../dataset/commons-configuration_34357e075d63c3634310878636f9498847badcab/src/main/java/org/apache/commons/configuration2/builder/combined/CombinedConfigurationBuilder.java,org.apache.commons.configuration2.builder.combined.CombinedConfigurationBuilder$ConfigurationSourceData,ConfigurationSourceData/0,overrideBuilders,1
/home/sandro/workspace/sandro/MLCQCodeSmellSamples/scripts/../dataset/commons-configuration_34357e075d63c3634310878636f9498847badcab/src/main/java/org/apache/commons/configuration2/builder/combined/CombinedConfigurationBuilder.java,org.apache.commons.configuration2.builder.combined.CombinedConfigurationBuilder$ConfigurationSourceData,ConfigurationSourceData/0,unionBuilders,1
/home/sandro/workspace/sandro/MLCQCodeSmellSamples/scripts/../dataset/commons-configuration_34357e075d63c3634310878636f9498847badcab/src/main/java/org/apache/commons/configuration2/builder/combined/CombinedConfigurationBuilder.java,org.apache.commons.configuration2.builder.combined.CombinedConfigurationBuilder$ConfigurationSourceData,ConfigurationSourceData/0,allBuilders,1
/home/sandro/workspace/sandro/MLCQCodeSmellSamples/scripts/../dataset/commons-configuration_34357e075d63c3634310878636f9498847badcab/src/main/java/org/apache/commons/configuration2/builder/combined/CombinedConfigurationBuilder.java,org.apache.commons.configuration2.builder.combined.CombinedConfigurationBuilder$ConfigurationSourceData,builderNames/0,namedBuilders,1
/home/sandro/workspace/sandro/MLCQCodeSmellSamples/scripts/../dataset/commons-configuration_34357e075d63c3634310878636f9498847badcab/src/main/java/org/apache/commons/configuration2/builder/combined/CombinedConfigurationBuilder.java,org.apache.commons.configuration2.builder.combined.CombinedConfigurationBuilder$ConfigurationSourceData,cleanUp/0,changeListener,1
/home/sandro/workspace/sandro/MLCQCodeSmellSamples/scripts/../dataset/commons-configuration_34357e075d63c3634310878636f9498847badcab/src/main/java/org/apache/commons/configuration2/builder/combined/CombinedConfigurationBuilder.java,org.apache.commons.configuration2.builder.combined.CombinedConfigurationBuilder$ConfigurationSourceData,cleanUp/0,namedBuilders,1
/home/sandro/workspace/sandro/MLCQCodeSmellSamples/scripts/../dataset/commons-configuration_34357e075d63c3634310878636f9498847badcab/src/main/java/org/apache/commons/configuration2/AbstractHierarchicalConfiguration.java,org.apache.commons.configuration2.AbstractHierarchicalConfiguration$DefinedVisitor,"visitBeforeChildren/2[T,org.apache.commons.configuration2.tree.NodeHandler<T>]",defined,1
/home/sandro/workspace/sandro/MLCQCodeSmellSamples/scripts/../dataset/commons-configuration_34357e075d63c3634310878636f9498847badcab/src/main/java/org/apache/commons/configuration2/AbstractHierarchicalConfiguration.java,org.apache.commons.configuration2.AbstractHierarchicalConfiguration$DefinedVisitor,isDefined/0,defined,1
/home/sandro/workspace/sandro/MLCQCodeSmellSamples/scripts/../dataset/commons-configuration_34357e075d63c3634310878636f9498847badcab/src/main/java/org/apache/commons/configuration2/builder/FileBasedBuilderParametersImpl.java,org.apache.commons.configuration2.builder.FileBasedBuilderParametersImpl,getFileHandler/0,fileHandler,1
/home/sandro/workspace/sandro/MLCQCodeSmellSamples/scripts/../dataset/commons-configuration_34357e075d63c3634310878636f9498847badcab/src/main/java/org/apache/commons/configuration2/builder/FileBasedBuilderParametersImpl.java,org.apache.commons.configuration2.builder.FileBasedBuilderParametersImpl,"fromParameters/2[java.util.Map<java.lang.String,?>,boolean]",PARAM_KEY,1
/home/sandro/workspace/sandro/MLCQCodeSmellSamples/scripts/../dataset/commons-configuration_34357e075d63c3634310878636f9498847badcab/src/main/java/org/apache/commons/configuration2/builder/FileBasedBuilderParametersImpl.java,org.apache.commons.configuration2.builder.FileBasedBuilderParametersImpl,setReloadingDetectorFactory/1[org.apache.commons.configuration2.builder.ReloadingDetectorFactory],reloadingDetectorFactory,3
/home/sandro/workspace/sandro/MLCQCodeSmellSamples/scripts/../dataset/commons-configuration_34357e075d63c3634310878636f9498847badcab/src/main/java/org/apache/commons/configuration2/builder/FileBasedBuilderParametersImpl.java,org.apache.commons.configuration2.builder.FileBasedBuilderParametersImpl,FileBasedBuilderParametersImpl/1[org.apache.commons.configuration2.io.FileHandler],fileHandler,1
/home/sandro/workspace/sandro/MLCQCodeSmellSamples/scripts/../dataset/commons-configuration_34357e075d63c3634310878636f9498847badcab/src/main/java/org/apache/commons/configuration2/builder/FileBasedBuilderParametersImpl.java,org.apache.commons.configuration2.builder.FileBasedBuilderParametersImpl,getReloadingDetectorFactory/0,reloadingDetectorFactory,1
/home/sandro/workspace/sandro/MLCQCodeSmellSamples/scripts/../dataset/commons-configuration_34357e075d63c3634310878636f9498847badcab/src/main/java/org/apache/commons/configuration2/builder/FileBasedBuilderParametersImpl.java,org.apache.commons.configuration2.builder.FileBasedBuilderParametersImpl,"fromMap/1[java.util.Map<java.lang.String,?>]",PROP_DETECTOR_FACTORY,1
/home/sandro/workspace/sandro/MLCQCodeSmellSamples/scripts/../dataset/commons-configuration_34357e075d63c3634310878636f9498847badcab/src/main/java/org/apache/commons/configuration2/builder/FileBasedBuilderParametersImpl.java,org.apache.commons.configuration2.builder.FileBasedBuilderParametersImpl,"fromMap/1[java.util.Map<java.lang.String,?>]",PROP_REFRESH_DELAY,1
/home/sandro/workspace/sandro/MLCQCodeSmellSamples/scripts/../dataset/commons-configuration_34357e075d63c3634310878636f9498847badcab/src/main/java/org/apache/commons/configuration2/builder/FileBasedBuilderParametersImpl.java,org.apache.commons.configuration2.builder.FileBasedBuilderParametersImpl,getReloadingRefreshDelay/0,reloadingRefreshDelay,1
/home/sandro/workspace/sandro/MLCQCodeSmellSamples/scripts/../dataset/commons-configuration_34357e075d63c3634310878636f9498847badcab/src/main/java/org/apache/commons/configuration2/builder/FileBasedBuilderParametersImpl.java,org.apache.commons.configuration2.builder.FileBasedBuilderParametersImpl,setReloadingRefreshDelay/1[java.lang.Long],reloadingRefreshDelay,3
/home/sandro/workspace/sandro/MLCQCodeSmellSamples/scripts/../dataset/commons-configuration_34357e075d63c3634310878636f9498847badcab/src/main/java/org/apache/commons/configuration2/builder/FileBasedBuilderParametersImpl.java,org.apache.commons.configuration2.builder.FileBasedBuilderParametersImpl,getParameters/0,PARAM_KEY,1
/home/sandro/workspace/sandro/MLCQCodeSmellSamples/scripts/../dataset/commons-configuration_34357e075d63c3634310878636f9498847badcab/src/main/java/org/apache/commons/configuration2/builder/FileBasedBuilderParametersImpl.java,org.apache.commons.configuration2.builder.FileBasedBuilderParametersImpl,clone/0,fileHandler,2
/home/sandro/workspace/sandro/MLCQCodeSmellSamples/scripts/../dataset/commons-configuration_34357e075d63c3634310878636f9498847badcab/src/main/java/org/apache/commons/configuration2/convert/DefaultConversionHandler.java,org.apache.commons.configuration2.convert.DefaultConversionHandler,getDateFormat/0,DEFAULT_DATE_FORMAT,1
/home/sandro/workspace/sandro/MLCQCodeSmellSamples/scripts/../dataset/commons-configuration_34357e075d63c3634310878636f9498847badcab/src/main/java/org/apache/commons/configuration2/convert/DefaultConversionHandler.java,org.apache.commons.configuration2.convert.DefaultConversionHandler,getDateFormat/0,dateFormat,1
/home/sandro/workspace/sandro/MLCQCodeSmellSamples/scripts/../dataset/commons-configuration_34357e075d63c3634310878636f9498847badcab/src/main/java/org/apache/commons/configuration2/convert/DefaultConversionHandler.java,org.apache.commons.configuration2.convert.DefaultConversionHandler,setDateFormat/1[java.lang.String],DEFAULT_DATE_FORMAT,1
/home/sandro/workspace/sandro/MLCQCodeSmellSamples/scripts/../dataset/commons-configuration_34357e075d63c3634310878636f9498847badcab/src/main/java/org/apache/commons/configuration2/convert/DefaultConversionHandler.java,org.apache.commons.configuration2.convert.DefaultConversionHandler,setDateFormat/1[java.lang.String],dateFormat,4
/home/sandro/workspace/sandro/MLCQCodeSmellSamples/scripts/../dataset/commons-configuration_34357e075d63c3634310878636f9498847badcab/src/main/java/org/apache/commons/configuration2/convert/DefaultConversionHandler.java,org.apache.commons.configuration2.convert.DefaultConversionHandler,fetchInterpolator/1[org.apache.commons.configuration2.interpol.ConfigurationInterpolator],NULL_INTERPOLATOR,1
/home/sandro/workspace/sandro/MLCQCodeSmellSamples/scripts/../dataset/commons-configuration_34357e075d63c3634310878636f9498847badcab/src/main/java/org/apache/commons/configuration2/convert/DefaultConversionHandler.java,org.apache.commons.configuration2.convert.DefaultConversionHandler,"extractValues/2[java.lang.Object,int]",EXTRACTOR,1
/home/sandro/workspace/sandro/MLCQCodeSmellSamples/scripts/../dataset/commons-configuration_34357e075d63c3634310878636f9498847badcab/src/test/java/org/apache/commons/configuration2/beanutils/TestXMLBeanDeclaration.java,org.apache.commons.configuration2.beanutils.TestXMLBeanDeclaration,prepareNestedBeanDeclarations/0,TEST_PROPS,1
/home/sandro/workspace/sandro/MLCQCodeSmellSamples/scripts/../dataset/commons-configuration_34357e075d63c3634310878636f9498847badcab/src/test/java/org/apache/commons/configuration2/beanutils/TestXMLBeanDeclaration.java,org.apache.commons.configuration2.beanutils.TestXMLBeanDeclaration,prepareNestedBeanDeclarations/0,COMPLEX_VALUES,1
/home/sandro/workspace/sandro/MLCQCodeSmellSamples/scripts/../dataset/commons-configuration_34357e075d63c3634310878636f9498847badcab/src/test/java/org/apache/commons/configuration2/beanutils/TestXMLBeanDeclaration.java,org.apache.commons.configuration2.beanutils.TestXMLBeanDeclaration,prepareNestedBeanDeclarations/0,CTOR_COMPLEX_ATTRIBUTES,1
/home/sandro/workspace/sandro/MLCQCodeSmellSamples/scripts/../dataset/commons-configuration_34357e075d63c3634310878636f9498847badcab/src/test/java/org/apache/commons/configuration2/beanutils/TestXMLBeanDeclaration.java,org.apache.commons.configuration2.beanutils.TestXMLBeanDeclaration,prepareNestedBeanDeclarations/0,COMPLEX_CLASSES,1
/home/sandro/workspace/sandro/MLCQCodeSmellSamples/scripts/../dataset/commons-configuration_34357e075d63c3634310878636f9498847badcab/src/test/java/org/apache/commons/configuration2/beanutils/TestXMLBeanDeclaration.java,org.apache.commons.configuration2.beanutils.TestXMLBeanDeclaration,prepareNestedBeanDeclarations/0,CTOR_COMPLEX_VALUES,1
/home/sandro/workspace/sandro/MLCQCodeSmellSamples/scripts/../dataset/commons-configuration_34357e075d63c3634310878636f9498847badcab/src/test/java/org/apache/commons/configuration2/beanutils/TestXMLBeanDeclaration.java,org.apache.commons.configuration2.beanutils.TestXMLBeanDeclaration,prepareNestedBeanDeclarations/0,COMPLEX_PROPS,2
/home/sandro/workspace/sandro/MLCQCodeSmellSamples/scripts/../dataset/commons-configuration_34357e075d63c3634310878636f9498847badcab/src/test/java/org/apache/commons/configuration2/beanutils/TestXMLBeanDeclaration.java,org.apache.commons.configuration2.beanutils.TestXMLBeanDeclaration,prepareNestedBeanDeclarations/0,COMPLEX_ATTRIBUTES,1
/home/sandro/workspace/sandro/MLCQCodeSmellSamples/scripts/../dataset/commons-configuration_34357e075d63c3634310878636f9498847badcab/src/test/java/org/apache/commons/configuration2/beanutils/TestXMLBeanDeclaration.java,org.apache.commons.configuration2.beanutils.TestXMLBeanDeclaration,prepareNestedBeanDeclarations/0,KEY,4
/home/sandro/workspace/sandro/MLCQCodeSmellSamples/scripts/../dataset/commons-configuration_34357e075d63c3634310878636f9498847badcab/src/test/java/org/apache/commons/configuration2/beanutils/TestXMLBeanDeclaration.java,org.apache.commons.configuration2.beanutils.TestXMLBeanDeclaration,prepareNestedBeanDeclarations/0,TEST_VALUES,1
/home/sandro/workspace/sandro/MLCQCodeSmellSamples/scripts/../dataset/commons-configuration_34357e075d63c3634310878636f9498847badcab/src/test/java/org/apache/commons/configuration2/beanutils/TestXMLBeanDeclaration.java,org.apache.commons.configuration2.beanutils.TestXMLBeanDeclaration,prepareNestedBeanDeclarations/0,CTOR_ID,1
/home/sandro/workspace/sandro/MLCQCodeSmellSamples/scripts/../dataset/commons-configuration_34357e075d63c3634310878636f9498847badcab/src/test/java/org/apache/commons/configuration2/beanutils/TestXMLBeanDeclaration.java,org.apache.commons.configuration2.beanutils.TestXMLBeanDeclaration,testGetConstructorArgs/0,CTOR_COMPLEX_ATTRIBUTES,1
/home/sandro/workspace/sandro/MLCQCodeSmellSamples/scripts/../dataset/commons-configuration_34357e075d63c3634310878636f9498847badcab/src/test/java/org/apache/commons/configuration2/beanutils/TestXMLBeanDeclaration.java,org.apache.commons.configuration2.beanutils.TestXMLBeanDeclaration,testGetConstructorArgs/0,CTOR_COMPLEX_VALUES,1
/home/sandro/workspace/sandro/MLCQCodeSmellSamples/scripts/../dataset/commons-configuration_34357e075d63c3634310878636f9498847badcab/src/test/java/org/apache/commons/configuration2/beanutils/TestXMLBeanDeclaration.java,org.apache.commons.configuration2.beanutils.TestXMLBeanDeclaration,testGetConstructorArgs/0,KEY,1
/home/sandro/workspace/sandro/MLCQCodeSmellSamples/scripts/../dataset/commons-configuration_34357e075d63c3634310878636f9498847badcab/src/test/java/org/apache/commons/configuration2/beanutils/TestXMLBeanDeclaration.java,org.apache.commons.configuration2.beanutils.TestXMLBeanDeclaration,testGetConstructorArgs/0,CTOR_ID,1
/home/sandro/workspace/sandro/MLCQCodeSmellSamples/scripts/../dataset/commons-configuration_34357e075d63c3634310878636f9498847badcab/src/test/java/org/apache/commons/configuration2/beanutils/TestXMLBeanDeclaration.java,org.apache.commons.configuration2.beanutils.TestXMLBeanDeclaration,testGetBeanFactoryParameter/0,KEY,2
/home/sandro/workspace/sandro/MLCQCodeSmellSamples/scripts/../dataset/commons-configuration_34357e075d63c3634310878636f9498847badcab/src/test/java/org/apache/commons/configuration2/beanutils/TestXMLBeanDeclaration.java,org.apache.commons.configuration2.beanutils.TestXMLBeanDeclaration,testInitFromNullConfigurationAndKey/0,KEY,1
/home/sandro/workspace/sandro/MLCQCodeSmellSamples/scripts/../dataset/commons-configuration_34357e075d63c3634310878636f9498847badcab/src/test/java/org/apache/commons/configuration2/beanutils/TestXMLBeanDeclaration.java,org.apache.commons.configuration2.beanutils.TestXMLBeanDeclaration,testGetBeanClassNameFromDefault/0,KEY,2
/home/sandro/workspace/sandro/MLCQCodeSmellSamples/scripts/../dataset/commons-configuration_34357e075d63c3634310878636f9498847badcab/src/test/java/org/apache/commons/configuration2/beanutils/TestXMLBeanDeclaration.java,org.apache.commons.configuration2.beanutils.TestXMLBeanDeclaration,testGetInterpolatedBeanProperties/0,TEST_PROPS,4
/home/sandro/workspace/sandro/MLCQCodeSmellSamples/scripts/../dataset/commons-configuration_34357e075d63c3634310878636f9498847badcab/src/test/java/org/apache/commons/configuration2/beanutils/TestXMLBeanDeclaration.java,org.apache.commons.configuration2.beanutils.TestXMLBeanDeclaration,testGetInterpolatedBeanProperties/0,VARS,2
/home/sandro/workspace/sandro/MLCQCodeSmellSamples/scripts/../dataset/commons-configuration_34357e075d63c3634310878636f9498847badcab/src/test/java/org/apache/commons/configuration2/beanutils/TestXMLBeanDeclaration.java,org.apache.commons.configuration2.beanutils.TestXMLBeanDeclaration,testGetInterpolatedBeanProperties/0,TEST_VALUES,2
/home/sandro/workspace/sandro/MLCQCodeSmellSamples/scripts/../dataset/commons-configuration_34357e075d63c3634310878636f9498847badcab/src/test/java/org/apache/commons/configuration2/beanutils/TestXMLBeanDeclaration.java,org.apache.commons.configuration2.beanutils.TestXMLBeanDeclaration,testGetInterpolatedBeanProperties/0,KEY,2
/home/sandro/workspace/sandro/MLCQCodeSmellSamples/scripts/../dataset/commons-configuration_34357e075d63c3634310878636f9498847badcab/src/test/java/org/apache/commons/configuration2/beanutils/TestXMLBeanDeclaration.java,org.apache.commons.configuration2.beanutils.TestXMLBeanDeclaration,testInitFromMultiValueKey/0,KEY,3
/home/sandro/workspace/sandro/MLCQCodeSmellSamples/scripts/../dataset/commons-configuration_34357e075d63c3634310878636f9498847badcab/src/test/java/org/apache/commons/configuration2/beanutils/TestXMLBeanDeclaration.java,org.apache.commons.configuration2.beanutils.TestXMLBeanDeclaration,testGetBeanClassName/0,KEY,2
/home/sandro/workspace/sandro/MLCQCodeSmellSamples/scripts/../dataset/commons-configuration_34357e075d63c3634310878636f9498847badcab/src/test/java/org/apache/commons/configuration2/beanutils/TestXMLBeanDeclaration.java,org.apache.commons.configuration2.beanutils.TestXMLBeanDeclaration,testGetNestedBeanDeclarationsEmpty/0,TEST_PROPS,1
/home/sandro/workspace/sandro/MLCQCodeSmellSamples/scripts/../dataset/commons-configuration_34357e075d63c3634310878636f9498847badcab/src/test/java/org/apache/commons/configuration2/beanutils/TestXMLBeanDeclaration.java,org.apache.commons.configuration2.beanutils.TestXMLBeanDeclaration,testGetNestedBeanDeclarationsEmpty/0,KEY,2
/home/sandro/workspace/sandro/MLCQCodeSmellSamples/scripts/../dataset/commons-configuration_34357e075d63c3634310878636f9498847badcab/src/test/java/org/apache/commons/configuration2/beanutils/TestXMLBeanDeclaration.java,org.apache.commons.configuration2.beanutils.TestXMLBeanDeclaration,testGetNestedBeanDeclarationsEmpty/0,TEST_VALUES,1
/home/sandro/workspace/sandro/MLCQCodeSmellSamples/scripts/../dataset/commons-configuration_34357e075d63c3634310878636f9498847badcab/src/test/java/org/apache/commons/configuration2/beanutils/TestXMLBeanDeclaration.java,org.apache.commons.configuration2.beanutils.TestXMLBeanDeclaration,testGetBeanProperties/0,TEST_PROPS,2
/home/sandro/workspace/sandro/MLCQCodeSmellSamples/scripts/../dataset/commons-configuration_34357e075d63c3634310878636f9498847badcab/src/test/java/org/apache/commons/configuration2/beanutils/TestXMLBeanDeclaration.java,org.apache.commons.configuration2.beanutils.TestXMLBeanDeclaration,testGetBeanProperties/0,KEY,2
/home/sandro/workspace/sandro/MLCQCodeSmellSamples/scripts/../dataset/commons-configuration_34357e075d63c3634310878636f9498847badcab/src/test/java/org/apache/commons/configuration2/beanutils/TestXMLBeanDeclaration.java,org.apache.commons.configuration2.beanutils.TestXMLBeanDeclaration,testGetBeanProperties/0,TEST_VALUES,2
/home/sandro/workspace/sandro/MLCQCodeSmellSamples/scripts/../dataset/commons-configuration_34357e075d63c3634310878636f9498847badcab/src/test/java/org/apache/commons/configuration2/beanutils/TestXMLBeanDeclaration.java,org.apache.commons.configuration2.beanutils.TestXMLBeanDeclaration,testInitFromUndefinedKey/0,TEST_PROPS,1
/home/sandro/workspace/sandro/MLCQCodeSmellSamples/scripts/../dataset/commons-configuration_34357e075d63c3634310878636f9498847badcab/src/test/java/org/apache/commons/configuration2/beanutils/TestXMLBeanDeclaration.java,org.apache.commons.configuration2.beanutils.TestXMLBeanDeclaration,testInitFromUndefinedKey/0,KEY,1
/home/sandro/workspace/sandro/MLCQCodeSmellSamples/scripts/../dataset/commons-configuration_34357e075d63c3634310878636f9498847badcab/src/test/java/org/apache/commons/configuration2/beanutils/TestXMLBeanDeclaration.java,org.apache.commons.configuration2.beanutils.TestXMLBeanDeclaration,testInitFromUndefinedKey/0,TEST_VALUES,1
/home/sandro/workspace/sandro/MLCQCodeSmellSamples/scripts/../dataset/commons-configuration_34357e075d63c3634310878636f9498847badcab/src/test/java/org/apache/commons/configuration2/beanutils/TestXMLBeanDeclaration.java,org.apache.commons.configuration2.beanutils.TestXMLBeanDeclaration,testInitFromUndefinedKeyOptional/0,TEST_PROPS,1
/home/sandro/workspace/sandro/MLCQCodeSmellSamples/scripts/../dataset/commons-configuration_34357e075d63c3634310878636f9498847badcab/src/test/java/org/apache/commons/configuration2/beanutils/TestXMLBeanDeclaration.java,org.apache.commons.configuration2.beanutils.TestXMLBeanDeclaration,testInitFromUndefinedKeyOptional/0,KEY,1
/home/sandro/workspace/sandro/MLCQCodeSmellSamples/scripts/../dataset/commons-configuration_34357e075d63c3634310878636f9498847badcab/src/test/java/org/apache/commons/configuration2/beanutils/TestXMLBeanDeclaration.java,org.apache.commons.configuration2.beanutils.TestXMLBeanDeclaration,testInitFromUndefinedKeyOptional/0,TEST_VALUES,1
/home/sandro/workspace/sandro/MLCQCodeSmellSamples/scripts/../dataset/commons-configuration_34357e075d63c3634310878636f9498847badcab/src/test/java/org/apache/commons/configuration2/beanutils/TestXMLBeanDeclaration.java,org.apache.commons.configuration2.beanutils.TestXMLBeanDeclaration,testGetInterpolatedConstructorArgs/0,TEST_PROPS,1
/home/sandro/workspace/sandro/MLCQCodeSmellSamples/scripts/../dataset/commons-configuration_34357e075d63c3634310878636f9498847badcab/src/test/java/org/apache/commons/configuration2/beanutils/TestXMLBeanDeclaration.java,org.apache.commons.configuration2.beanutils.TestXMLBeanDeclaration,testGetInterpolatedConstructorArgs/0,KEY,3
/home/sandro/workspace/sandro/MLCQCodeSmellSamples/scripts/../dataset/commons-configuration_34357e075d63c3634310878636f9498847badcab/src/test/java/org/apache/commons/configuration2/beanutils/TestXMLBeanDeclaration.java,org.apache.commons.configuration2.beanutils.TestXMLBeanDeclaration,testGetInterpolatedConstructorArgs/0,TEST_VALUES,1
/home/sandro/workspace/sandro/MLCQCodeSmellSamples/scripts/../dataset/commons-configuration_34357e075d63c3634310878636f9498847badcab/src/test/java/org/apache/commons/configuration2/beanutils/TestXMLBeanDeclaration.java,org.apache.commons.configuration2.beanutils.TestXMLBeanDeclaration,tetGetBeanClassNameDefaultOverride/0,KEY,2
/home/sandro/workspace/sandro/MLCQCodeSmellSamples/scripts/../dataset/commons-configuration_34357e075d63c3634310878636f9498847badcab/src/test/java/org/apache/commons/configuration2/beanutils/TestXMLBeanDeclaration.java,org.apache.commons.configuration2.beanutils.TestXMLBeanDeclaration,testGetNestedBeanDeclarations/0,TEST_PROPS,1
/home/sandro/workspace/sandro/MLCQCodeSmellSamples/scripts/../dataset/commons-configuration_34357e075d63c3634310878636f9498847badcab/src/test/java/org/apache/commons/configuration2/beanutils/TestXMLBeanDeclaration.java,org.apache.commons.configuration2.beanutils.TestXMLBeanDeclaration,testGetNestedBeanDeclarations/0,COMPLEX_VALUES,1
/home/sandro/workspace/sandro/MLCQCodeSmellSamples/scripts/../dataset/commons-configuration_34357e075d63c3634310878636f9498847badcab/src/test/java/org/apache/commons/configuration2/beanutils/TestXMLBeanDeclaration.java,org.apache.commons.configuration2.beanutils.TestXMLBeanDeclaration,testGetNestedBeanDeclarations/0,COMPLEX_CLASSES,1
/home/sandro/workspace/sandro/MLCQCodeSmellSamples/scripts/../dataset/commons-configuration_34357e075d63c3634310878636f9498847badcab/src/test/java/org/apache/commons/configuration2/beanutils/TestXMLBeanDeclaration.java,org.apache.commons.configuration2.beanutils.TestXMLBeanDeclaration,testGetNestedBeanDeclarations/0,COMPLEX_PROPS,2
/home/sandro/workspace/sandro/MLCQCodeSmellSamples/scripts/../dataset/commons-configuration_34357e075d63c3634310878636f9498847badcab/src/test/java/org/apache/commons/configuration2/beanutils/TestXMLBeanDeclaration.java,org.apache.commons.configuration2.beanutils.TestXMLBeanDeclaration,testGetNestedBeanDeclarations/0,COMPLEX_ATTRIBUTES,1
/home/sandro/workspace/sandro/MLCQCodeSmellSamples/scripts/../dataset/commons-configuration_34357e075d63c3634310878636f9498847badcab/src/test/java/org/apache/commons/configuration2/beanutils/TestXMLBeanDeclaration.java,org.apache.commons.configuration2.beanutils.TestXMLBeanDeclaration,testGetNestedBeanDeclarations/0,KEY,1
/home/sandro/workspace/sandro/MLCQCodeSmellSamples/scripts/../dataset/commons-configuration_34357e075d63c3634310878636f9498847badcab/src/test/java/org/apache/commons/configuration2/beanutils/TestXMLBeanDeclaration.java,org.apache.commons.configuration2.beanutils.TestXMLBeanDeclaration,testGetNestedBeanDeclarations/0,TEST_VALUES,1
/home/sandro/workspace/sandro/MLCQCodeSmellSamples/scripts/../dataset/commons-configuration_34357e075d63c3634310878636f9498847badcab/src/test/java/org/apache/commons/configuration2/beanutils/TestXMLBeanDeclaration.java,org.apache.commons.configuration2.beanutils.TestXMLBeanDeclaration,testGetConstructorArgsNullArg/0,TEST_PROPS,1
/home/sandro/workspace/sandro/MLCQCodeSmellSamples/scripts/../dataset/commons-configuration_34357e075d63c3634310878636f9498847badcab/src/test/java/org/apache/commons/configuration2/beanutils/TestXMLBeanDeclaration.java,org.apache.commons.configuration2.beanutils.TestXMLBeanDeclaration,testGetConstructorArgsNullArg/0,KEY,3
/home/sandro/workspace/sandro/MLCQCodeSmellSamples/scripts/../dataset/commons-configuration_34357e075d63c3634310878636f9498847badcab/src/test/java/org/apache/commons/configuration2/beanutils/TestXMLBeanDeclaration.java,org.apache.commons.configuration2.beanutils.TestXMLBeanDeclaration,testGetConstructorArgsNullArg/0,TEST_VALUES,1
/home/sandro/workspace/sandro/MLCQCodeSmellSamples/scripts/../dataset/commons-configuration_34357e075d63c3634310878636f9498847badcab/src/test/java/org/apache/commons/configuration2/beanutils/TestXMLBeanDeclaration.java,org.apache.commons.configuration2.beanutils.TestXMLBeanDeclaration,testGetNestedBeanDeclarationsFactoryMethod/0,COMPLEX_PROPS,1
/home/sandro/workspace/sandro/MLCQCodeSmellSamples/scripts/../dataset/commons-configuration_34357e075d63c3634310878636f9498847badcab/src/test/java/org/apache/commons/configuration2/beanutils/TestXMLBeanDeclaration.java,org.apache.commons.configuration2.beanutils.TestXMLBeanDeclaration,testGetNestedBeanDeclarationsFactoryMethod/0,KEY,1
/home/sandro/workspace/sandro/MLCQCodeSmellSamples/scripts/../dataset/commons-configuration_34357e075d63c3634310878636f9498847badcab/src/test/java/org/apache/commons/configuration2/beanutils/TestXMLBeanDeclaration.java,org.apache.commons.configuration2.beanutils.TestXMLBeanDeclaration,testInterpolateNoInterpolator/0,TEST_PROPS,1
/home/sandro/workspace/sandro/MLCQCodeSmellSamples/scripts/../dataset/commons-configuration_34357e075d63c3634310878636f9498847badcab/src/test/java/org/apache/commons/configuration2/beanutils/TestXMLBeanDeclaration.java,org.apache.commons.configuration2.beanutils.TestXMLBeanDeclaration,testInterpolateNoInterpolator/0,KEY,3
/home/sandro/workspace/sandro/MLCQCodeSmellSamples/scripts/../dataset/commons-configuration_34357e075d63c3634310878636f9498847badcab/src/test/java/org/apache/commons/configuration2/beanutils/TestXMLBeanDeclaration.java,org.apache.commons.configuration2.beanutils.TestXMLBeanDeclaration,testInterpolateNoInterpolator/0,TEST_VALUES,1
/home/sandro/workspace/sandro/MLCQCodeSmellSamples/scripts/../dataset/commons-configuration_34357e075d63c3634310878636f9498847badcab/src/test/java/org/apache/commons/configuration2/beanutils/TestXMLBeanDeclaration.java,org.apache.commons.configuration2.beanutils.TestXMLBeanDeclaration,testGetBeanPropertiesWithReservedAttributes/0,TEST_PROPS,2
/home/sandro/workspace/sandro/MLCQCodeSmellSamples/scripts/../dataset/commons-configuration_34357e075d63c3634310878636f9498847badcab/src/test/java/org/apache/commons/configuration2/beanutils/TestXMLBeanDeclaration.java,org.apache.commons.configuration2.beanutils.TestXMLBeanDeclaration,testGetBeanPropertiesWithReservedAttributes/0,KEY,4
/home/sandro/workspace/sandro/MLCQCodeSmellSamples/scripts/../dataset/commons-configuration_34357e075d63c3634310878636f9498847badcab/src/test/java/org/apache/commons/configuration2/beanutils/TestXMLBeanDeclaration.java,org.apache.commons.configuration2.beanutils.TestXMLBeanDeclaration,testGetBeanPropertiesWithReservedAttributes/0,TEST_VALUES,2
/home/sandro/workspace/sandro/MLCQCodeSmellSamples/scripts/../dataset/commons-configuration_34357e075d63c3634310878636f9498847badcab/src/test/java/org/apache/commons/configuration2/beanutils/TestXMLBeanDeclaration.java,org.apache.commons.configuration2.beanutils.TestXMLBeanDeclaration,testGetBeanFactoryName/0,KEY,2
/home/sandro/workspace/sandro/MLCQCodeSmellSamples/scripts/../dataset/commons-configuration_34357e075d63c3634310878636f9498847badcab/src/test/java/org/apache/commons/configuration2/beanutils/TestXMLBeanDeclaration.java,org.apache.commons.configuration2.beanutils.TestXMLBeanDeclaration,testGetNestedBeanDeclarationsReservedCharacter/0,COMPLEX_VALUES,1
/home/sandro/workspace/sandro/MLCQCodeSmellSamples/scripts/../dataset/commons-configuration_34357e075d63c3634310878636f9498847badcab/src/test/java/org/apache/commons/configuration2/beanutils/TestXMLBeanDeclaration.java,org.apache.commons.configuration2.beanutils.TestXMLBeanDeclaration,testGetNestedBeanDeclarationsReservedCharacter/0,COMPLEX_ATTRIBUTES,1
/home/sandro/workspace/sandro/MLCQCodeSmellSamples/scripts/../dataset/commons-configuration_34357e075d63c3634310878636f9498847badcab/src/test/java/org/apache/commons/configuration2/beanutils/TestXMLBeanDeclaration.java,org.apache.commons.configuration2.beanutils.TestXMLBeanDeclaration,testGetNestedBeanDeclarationsReservedCharacter/0,KEY,2
/home/sandro/workspace/sandro/MLCQCodeSmellSamples/scripts/../dataset/commons-configuration_34357e075d63c3634310878636f9498847badcab/src/test/java/org/apache/commons/configuration2/tree/TestImmutableNode.java,org.apache.commons.configuration2.tree.TestImmutableNode,testSimpleProperties/0,NAME,1
/home/sandro/workspace/sandro/MLCQCodeSmellSamples/scripts/../dataset/commons-configuration_34357e075d63c3634310878636f9498847badcab/src/test/java/org/apache/commons/configuration2/tree/TestImmutableNode.java,org.apache.commons.configuration2.tree.TestImmutableNode,testReplaceChildExisting/0,VALUE,1
/home/sandro/workspace/sandro/MLCQCodeSmellSamples/scripts/../dataset/commons-configuration_34357e075d63c3634310878636f9498847badcab/src/test/java/org/apache/commons/configuration2/tree/TestImmutableNode.java,org.apache.commons.configuration2.tree.TestImmutableNode,testSetAttributes/0,VALUE,1
/home/sandro/workspace/sandro/MLCQCodeSmellSamples/scripts/../dataset/commons-configuration_34357e075d63c3634310878636f9498847badcab/src/test/java/org/apache/commons/configuration2/tree/TestImmutableNode.java,org.apache.commons.configuration2.tree.TestImmutableNode,testRemoveAttributeExisting/0,VALUE,1
/home/sandro/workspace/sandro/MLCQCodeSmellSamples/scripts/../dataset/commons-configuration_34357e075d63c3634310878636f9498847badcab/src/test/java/org/apache/commons/configuration2/tree/TestImmutableNode.java,org.apache.commons.configuration2.tree.TestImmutableNode,testAddChild/0,VALUE,1
/home/sandro/workspace/sandro/MLCQCodeSmellSamples/scripts/../dataset/commons-configuration_34357e075d63c3634310878636f9498847badcab/src/test/java/org/apache/commons/configuration2/tree/TestImmutableNode.java,org.apache.commons.configuration2.tree.TestImmutableNode,testGetChildrenByMissingName/0,VALUE,1
/home/sandro/workspace/sandro/MLCQCodeSmellSamples/scripts/../dataset/commons-configuration_34357e075d63c3634310878636f9498847badcab/src/test/java/org/apache/commons/configuration2/tree/TestImmutableNode.java,org.apache.commons.configuration2.tree.TestImmutableNode,testAddChildNull/0,VALUE,1
/home/sandro/workspace/sandro/MLCQCodeSmellSamples/scripts/../dataset/commons-configuration_34357e075d63c3634310878636f9498847badcab/src/test/java/org/apache/commons/configuration2/tree/TestImmutableNode.java,org.apache.commons.configuration2.tree.TestImmutableNode,testRemoveChildNodeNotExisting/0,VALUE,1
/home/sandro/workspace/sandro/MLCQCodeSmellSamples/scripts/../dataset/commons-configuration_34357e075d63c3634310878636f9498847badcab/src/test/java/org/apache/commons/configuration2/tree/TestImmutableNode.java,org.apache.commons.configuration2.tree.TestImmutableNode,testSetName/0,VALUE,1
/home/sandro/workspace/sandro/MLCQCodeSmellSamples/scripts/../dataset/commons-configuration_34357e075d63c3634310878636f9498847badcab/src/test/java/org/apache/commons/configuration2/tree/TestImmutableNode.java,org.apache.commons.configuration2.tree.TestImmutableNode,testSetName/0,NAME,1
/home/sandro/workspace/sandro/MLCQCodeSmellSamples/scripts/../dataset/commons-configuration_34357e075d63c3634310878636f9498847badcab/src/test/java/org/apache/commons/configuration2/tree/TestImmutableNode.java,org.apache.commons.configuration2.tree.TestImmutableNode,testNodeWithAttributes/0,NAME,1
/home/sandro/workspace/sandro/MLCQCodeSmellSamples/scripts/../dataset/commons-configuration_34357e075d63c3634310878636f9498847badcab/src/test/java/org/apache/commons/configuration2/tree/TestImmutableNode.java,org.apache.commons.configuration2.tree.TestImmutableNode,testSetAttribute/0,ATTR_VALUE,2
/home/sandro/workspace/sandro/MLCQCodeSmellSamples/scripts/../dataset/commons-configuration_34357e075d63c3634310878636f9498847badcab/src/test/java/org/apache/commons/configuration2/tree/TestImmutableNode.java,org.apache.commons.configuration2.tree.TestImmutableNode,testSetAttribute/0,VALUE,1
/home/sandro/workspace/sandro/MLCQCodeSmellSamples/scripts/../dataset/commons-configuration_34357e075d63c3634310878636f9498847badcab/src/test/java/org/apache/commons/configuration2/tree/TestImmutableNode.java,org.apache.commons.configuration2.tree.TestImmutableNode,testSetAttribute/0,ATTR,1
/home/sandro/workspace/sandro/MLCQCodeSmellSamples/scripts/../dataset/commons-configuration_34357e075d63c3634310878636f9498847badcab/src/test/java/org/apache/commons/configuration2/tree/TestImmutableNode.java,org.apache.commons.configuration2.tree.TestImmutableNode,"checkSetAttributesNoOp/1[java.util.Map<java.lang.String,java.lang.Object>]",VALUE,1
/home/sandro/workspace/sandro/MLCQCodeSmellSamples/scripts/../dataset/commons-configuration_34357e075d63c3634310878636f9498847badcab/src/test/java/org/apache/commons/configuration2/tree/TestImmutableNode.java,org.apache.commons.configuration2.tree.TestImmutableNode,setUpBuilder/0,VALUE,1
/home/sandro/workspace/sandro/MLCQCodeSmellSamples/scripts/../dataset/commons-configuration_34357e075d63c3634310878636f9498847badcab/src/test/java/org/apache/commons/configuration2/tree/TestImmutableNode.java,org.apache.commons.configuration2.tree.TestImmutableNode,setUpBuilder/0,NAME,1
/home/sandro/workspace/sandro/MLCQCodeSmellSamples/scripts/../dataset/commons-configuration_34357e075d63c3634310878636f9498847badcab/src/test/java/org/apache/commons/configuration2/tree/TestImmutableNode.java,org.apache.commons.configuration2.tree.TestImmutableNode,testNodeWithChildren/0,NAME,2
/home/sandro/workspace/sandro/MLCQCodeSmellSamples/scripts/../dataset/commons-configuration_34357e075d63c3634310878636f9498847badcab/src/test/java/org/apache/commons/configuration2/tree/TestImmutableNode.java,org.apache.commons.configuration2.tree.TestImmutableNode,testRemoveChildExisting/0,VALUE,1
/home/sandro/workspace/sandro/MLCQCodeSmellSamples/scripts/../dataset/commons-configuration_34357e075d63c3634310878636f9498847badcab/src/test/java/org/apache/commons/configuration2/tree/TestImmutableNode.java,org.apache.commons.configuration2.tree.TestImmutableNode,testSetValue/0,VALUE,1
/home/sandro/workspace/sandro/MLCQCodeSmellSamples/scripts/../dataset/commons-configuration_34357e075d63c3634310878636f9498847badcab/src/test/java/org/apache/commons/configuration2/tree/TestImmutableNode.java,org.apache.commons.configuration2.tree.TestImmutableNode,testNodeWithMultipleAttributes/0,NAME,1
/home/sandro/workspace/sandro/MLCQCodeSmellSamples/scripts/../dataset/commons-configuration_34357e075d63c3634310878636f9498847badcab/src/test/java/org/apache/commons/configuration2/tree/TestImmutableNode.java,org.apache.commons.configuration2.tree.TestImmutableNode,testReplaceChildrenNullCollection/0,VALUE,1
/home/sandro/workspace/sandro/MLCQCodeSmellSamples/scripts/../dataset/commons-configuration_34357e075d63c3634310878636f9498847badcab/src/test/java/org/apache/commons/configuration2/tree/TestImmutableNode.java,org.apache.commons.configuration2.tree.TestImmutableNode,testNodeWithAttributesManipulateLater/0,ATTR_VALUE,2
/home/sandro/workspace/sandro/MLCQCodeSmellSamples/scripts/../dataset/commons-configuration_34357e075d63c3634310878636f9498847badcab/src/test/java/org/apache/commons/configuration2/tree/TestImmutableNode.java,org.apache.commons.configuration2.tree.TestImmutableNode,testNodeWithAttributesManipulateLater/0,ATTR,2
/home/sandro/workspace/sandro/MLCQCodeSmellSamples/scripts/../dataset/commons-configuration_34357e075d63c3634310878636f9498847badcab/src/test/java/org/apache/commons/configuration2/tree/TestImmutableNode.java,org.apache.commons.configuration2.tree.TestImmutableNode,testNodeWithAddMultipleChildren/0,NAME,1
/home/sandro/workspace/sandro/MLCQCodeSmellSamples/scripts/../dataset/commons-configuration_34357e075d63c3634310878636f9498847badcab/src/test/java/org/apache/commons/configuration2/tree/TestImmutableNode.java,org.apache.commons.configuration2.tree.TestImmutableNode,testRemoveAttributeNotExisting/0,VALUE,1
/home/sandro/workspace/sandro/MLCQCodeSmellSamples/scripts/../dataset/commons-configuration_34357e075d63c3634310878636f9498847badcab/src/test/java/org/apache/commons/configuration2/tree/TestImmutableNode.java,org.apache.commons.configuration2.tree.TestImmutableNode,testRemoveAttributeNotExisting/0,ATTR,1
/home/sandro/workspace/sandro/MLCQCodeSmellSamples/scripts/../dataset/commons-configuration_34357e075d63c3634310878636f9498847badcab/src/test/java/org/apache/commons/configuration2/tree/TestImmutableNode.java,org.apache.commons.configuration2.tree.TestImmutableNode,testReplaceChildNull/0,VALUE,1
/home/sandro/workspace/sandro/MLCQCodeSmellSamples/scripts/../dataset/commons-configuration_34357e075d63c3634310878636f9498847badcab/src/test/java/org/apache/commons/configuration2/tree/TestImmutableNode.java,org.apache.commons.configuration2.tree.TestImmutableNode,testReplaceChildNotExisting/0,VALUE,1
/home/sandro/workspace/sandro/MLCQCodeSmellSamples/scripts/../dataset/commons-configuration_34357e075d63c3634310878636f9498847badcab/src/test/java/org/apache/commons/configuration2/tree/TestImmutableNode.java,org.apache.commons.configuration2.tree.TestImmutableNode,"checkUpdatedNode/2[org.apache.commons.configuration2.tree.ImmutableNode,org.apache.commons.configuration2.tree.ImmutableNode]",VALUE,1
/home/sandro/workspace/sandro/MLCQCodeSmellSamples/scripts/../dataset/commons-configuration_34357e075d63c3634310878636f9498847badcab/src/test/java/org/apache/commons/configuration2/tree/TestImmutableNode.java,org.apache.commons.configuration2.tree.TestImmutableNode,"checkUpdatedNode/2[org.apache.commons.configuration2.tree.ImmutableNode,org.apache.commons.configuration2.tree.ImmutableNode]",NAME,1
/home/sandro/workspace/sandro/MLCQCodeSmellSamples/scripts/../dataset/commons-configuration_34357e075d63c3634310878636f9498847badcab/src/test/java/org/apache/commons/configuration2/tree/TestImmutableNode.java,org.apache.commons.configuration2.tree.TestImmutableNode,createDefaultNode/1[java.lang.Object],NAME,1
/home/sandro/workspace/sandro/MLCQCodeSmellSamples/scripts/../dataset/commons-configuration_34357e075d63c3634310878636f9498847badcab/src/test/java/org/apache/commons/configuration2/tree/TestImmutableNode.java,org.apache.commons.configuration2.tree.TestImmutableNode,testReplaceChildren/0,VALUE,1
/home/sandro/workspace/sandro/MLCQCodeSmellSamples/scripts/../dataset/commons-configuration_34357e075d63c3634310878636f9498847badcab/src/test/java/org/apache/commons/configuration2/tree/TestImmutableNode.java,org.apache.commons.configuration2.tree.TestImmutableNode,createChild/0,childCounter,1
/home/sandro/workspace/sandro/MLCQCodeSmellSamples/scripts/../dataset/commons-configuration_34357e075d63c3634310878636f9498847badcab/src/test/java/org/apache/commons/configuration2/tree/TestImmutableNode.java,org.apache.commons.configuration2.tree.TestImmutableNode,testGetChildrenByName/0,VALUE,1
/home/sandro/workspace/sandro/MLCQCodeSmellSamples/scripts/../dataset/commons-configuration_34357e075d63c3634310878636f9498847badcab/src/test/java/org/apache/commons/configuration2/tree/TestImmutableNode.java,org.apache.commons.configuration2.tree.TestImmutableNode,testAttributesImmutable/0,VALUE,1
/home/sandro/workspace/sandro/MLCQCodeSmellSamples/scripts/../dataset/commons-configuration_34357e075d63c3634310878636f9498847badcab/src/test/java/org/apache/commons/configuration2/tree/TestImmutableNode.java,org.apache.commons.configuration2.tree.TestImmutableNode,testRemoveChildMultiple/0,VALUE,1
/home/sandro/workspace/sandro/MLCQCodeSmellSamples/scripts/../dataset/commons-configuration_34357e075d63c3634310878636f9498847badcab/src/test/java/org/apache/commons/configuration2/tree/TestImmutableNode.java,org.apache.commons.configuration2.tree.TestImmutableNode,testGetChildrenByNullName/0,VALUE,1
/home/sandro/workspace/sandro/MLCQCodeSmellSamples/scripts/../dataset/commons-configuration_34357e075d63c3634310878636f9498847badcab/src/test/java/org/apache/commons/configuration2/tree/TestImmutableNode.java,org.apache.commons.configuration2.tree.TestImmutableNode,testSetAttributeOverride/0,ATTR_VALUE,1
/home/sandro/workspace/sandro/MLCQCodeSmellSamples/scripts/../dataset/commons-configuration_34357e075d63c3634310878636f9498847badcab/src/test/java/org/apache/commons/configuration2/tree/TestImmutableNode.java,org.apache.commons.configuration2.tree.TestImmutableNode,testSetAttributeOverride/0,VALUE,2
/home/sandro/workspace/sandro/MLCQCodeSmellSamples/scripts/../dataset/commons-configuration_34357e075d63c3634310878636f9498847badcab/src/test/java/org/apache/commons/configuration2/tree/TestImmutableNode.java,org.apache.commons.configuration2.tree.TestImmutableNode,testSetAttributeOverride/0,ATTR,2
/home/sandro/workspace/sandro/MLCQCodeSmellSamples/scripts/../dataset/commons-configuration_34357e075d63c3634310878636f9498847badcab/src/main/java/org/apache/commons/configuration2/PropertiesConfiguration.java,org.apache.commons.configuration2.PropertiesConfiguration$PropertiesWriter,"PropertiesWriter/3[java.io.Writer,org.apache.commons.configuration2.convert.ListDelimiterHandler,org.apache.commons.configuration2.convert.ValueTransformer]",valueTransformer,4
/home/sandro/workspace/sandro/MLCQCodeSmellSamples/scripts/../dataset/commons-configuration_34357e075d63c3634310878636f9498847badcab/src/main/java/org/apache/commons/configuration2/PropertiesConfiguration.java,org.apache.commons.configuration2.PropertiesConfiguration$PropertiesWriter,"PropertiesWriter/3[java.io.Writer,org.apache.commons.configuration2.convert.ListDelimiterHandler,org.apache.commons.configuration2.convert.ValueTransformer]",delimiterHandler,1
/home/sandro/workspace/sandro/MLCQCodeSmellSamples/scripts/../dataset/commons-configuration_34357e075d63c3634310878636f9498847badcab/src/main/java/org/apache/commons/configuration2/PropertiesConfiguration.java,org.apache.commons.configuration2.PropertiesConfiguration$PropertiesWriter,setGlobalSeparator/1[java.lang.String],globalSeparator,4
/home/sandro/workspace/sandro/MLCQCodeSmellSamples/scripts/../dataset/commons-configuration_34357e075d63c3634310878636f9498847badcab/src/main/java/org/apache/commons/configuration2/PropertiesConfiguration.java,org.apache.commons.configuration2.PropertiesConfiguration$PropertiesWriter,setCurrentSeparator/1[java.lang.String],currentSeparator,4
/home/sandro/workspace/sandro/MLCQCodeSmellSamples/scripts/../dataset/commons-configuration_34357e075d63c3634310878636f9498847badcab/src/main/java/org/apache/commons/configuration2/PropertiesConfiguration.java,org.apache.commons.configuration2.PropertiesConfiguration$PropertiesWriter,"writeProperty/3[java.lang.String,java.lang.Object,boolean]",valueTransformer,2
/home/sandro/workspace/sandro/MLCQCodeSmellSamples/scripts/../dataset/commons-configuration_34357e075d63c3634310878636f9498847badcab/src/main/java/org/apache/commons/configuration2/PropertiesConfiguration.java,org.apache.commons.configuration2.PropertiesConfiguration$PropertiesWriter,"PropertiesWriter/2[java.io.Writer,org.apache.commons.configuration2.convert.ListDelimiterHandler]",DEFAULT_TRANSFORMER,1
/home/sandro/workspace/sandro/MLCQCodeSmellSamples/scripts/../dataset/commons-configuration_34357e075d63c3634310878636f9498847badcab/src/main/java/org/apache/commons/configuration2/PropertiesConfiguration.java,org.apache.commons.configuration2.PropertiesConfiguration$PropertiesWriter,getCurrentSeparator/0,currentSeparator,1
/home/sandro/workspace/sandro/MLCQCodeSmellSamples/scripts/../dataset/commons-configuration_34357e075d63c3634310878636f9498847badcab/src/main/java/org/apache/commons/configuration2/PropertiesConfiguration.java,org.apache.commons.configuration2.PropertiesConfiguration$PropertiesWriter,getLineSeparator/0,lineSeparator,2
/home/sandro/workspace/sandro/MLCQCodeSmellSamples/scripts/../dataset/commons-configuration_34357e075d63c3634310878636f9498847badcab/src/main/java/org/apache/commons/configuration2/PropertiesConfiguration.java,org.apache.commons.configuration2.PropertiesConfiguration$PropertiesWriter,getGlobalSeparator/0,globalSeparator,1
/home/sandro/workspace/sandro/MLCQCodeSmellSamples/scripts/../dataset/commons-configuration_34357e075d63c3634310878636f9498847badcab/src/main/java/org/apache/commons/configuration2/PropertiesConfiguration.java,org.apache.commons.configuration2.PropertiesConfiguration$PropertiesWriter,setLineSeparator/1[java.lang.String],lineSeparator,4
/home/sandro/workspace/sandro/MLCQCodeSmellSamples/scripts/../dataset/commons-configuration_34357e075d63c3634310878636f9498847badcab/src/main/java/org/apache/commons/configuration2/PropertiesConfiguration.java,org.apache.commons.configuration2.PropertiesConfiguration$PropertiesWriter,getDelimiterHandler/0,delimiterHandler,1
/home/sandro/workspace/sandro/MLCQCodeSmellSamples/scripts/../dataset/commons-configuration_34357e075d63c3634310878636f9498847badcab/src/test/java/org/apache/commons/configuration2/io/TestClasspathLocationStrategy.java,org.apache.commons.configuration2.io.TestClasspathLocationStrategy,setUp/0,fileSystem,2
/home/sandro/workspace/sandro/MLCQCodeSmellSamples/scripts/../dataset/commons-configuration_34357e075d63c3634310878636f9498847badcab/src/test/java/org/apache/commons/configuration2/io/TestClasspathLocationStrategy.java,org.apache.commons.configuration2.io.TestClasspathLocationStrategy,setUp/0,strategy,1
/home/sandro/workspace/sandro/MLCQCodeSmellSamples/scripts/../dataset/commons-configuration_34357e075d63c3634310878636f9498847badcab/src/test/java/org/apache/commons/configuration2/io/TestClasspathLocationStrategy.java,org.apache.commons.configuration2.io.TestClasspathLocationStrategy,testLocateFailed/0,fileSystem,1
/home/sandro/workspace/sandro/MLCQCodeSmellSamples/scripts/../dataset/commons-configuration_34357e075d63c3634310878636f9498847badcab/src/test/java/org/apache/commons/configuration2/io/TestClasspathLocationStrategy.java,org.apache.commons.configuration2.io.TestClasspathLocationStrategy,testLocateFailed/0,strategy,1
/home/sandro/workspace/sandro/MLCQCodeSmellSamples/scripts/../dataset/commons-configuration_34357e075d63c3634310878636f9498847badcab/src/test/java/org/apache/commons/configuration2/io/TestClasspathLocationStrategy.java,org.apache.commons.configuration2.io.TestClasspathLocationStrategy,testLocateSuccess/0,fileSystem,1
/home/sandro/workspace/sandro/MLCQCodeSmellSamples/scripts/../dataset/commons-configuration_34357e075d63c3634310878636f9498847badcab/src/test/java/org/apache/commons/configuration2/io/TestClasspathLocationStrategy.java,org.apache.commons.configuration2.io.TestClasspathLocationStrategy,testLocateSuccess/0,strategy,1
/home/sandro/workspace/sandro/MLCQCodeSmellSamples/scripts/../dataset/commons-configuration_34357e075d63c3634310878636f9498847badcab/src/test/java/org/apache/commons/configuration2/io/TestClasspathLocationStrategy.java,org.apache.commons.configuration2.io.TestClasspathLocationStrategy,testLocateSuccess/0,FILE_NAME,2
/home/sandro/workspace/sandro/MLCQCodeSmellSamples/scripts/../dataset/commons-configuration_34357e075d63c3634310878636f9498847badcab/src/test/java/org/apache/commons/configuration2/io/TestClasspathLocationStrategy.java,org.apache.commons.configuration2.io.TestClasspathLocationStrategy,testLocateNoFileName/0,fileSystem,1
/home/sandro/workspace/sandro/MLCQCodeSmellSamples/scripts/../dataset/commons-configuration_34357e075d63c3634310878636f9498847badcab/src/test/java/org/apache/commons/configuration2/io/TestClasspathLocationStrategy.java,org.apache.commons.configuration2.io.TestClasspathLocationStrategy,testLocateNoFileName/0,strategy,1
/home/sandro/workspace/sandro/MLCQCodeSmellSamples/scripts/../dataset/commons-configuration_34357e075d63c3634310878636f9498847badcab/src/test/java/org/apache/commons/configuration2/TestAbstractConfigurationBasicFeatures.java,org.apache.commons.configuration2.TestAbstractConfigurationBasicFeatures,testGetArrayDefaultValueWrongComponentClass/0,KEY_PREFIX,1
/home/sandro/workspace/sandro/MLCQCodeSmellSamples/scripts/../dataset/commons-configuration_34357e075d63c3634310878636f9498847badcab/src/test/java/org/apache/commons/configuration2/TestAbstractConfigurationBasicFeatures.java,org.apache.commons.configuration2.TestAbstractConfigurationBasicFeatures,testGetListUnknownWithDefault/0,KEY_PREFIX,1
/home/sandro/workspace/sandro/MLCQCodeSmellSamples/scripts/../dataset/commons-configuration_34357e075d63c3634310878636f9498847badcab/src/test/java/org/apache/commons/configuration2/TestAbstractConfigurationBasicFeatures.java,org.apache.commons.configuration2.TestAbstractConfigurationBasicFeatures,testGetArrayUnknownNoDefault/0,KEY_PREFIX,1
/home/sandro/workspace/sandro/MLCQCodeSmellSamples/scripts/../dataset/commons-configuration_34357e075d63c3634310878636f9498847badcab/src/test/java/org/apache/commons/configuration2/TestAbstractConfigurationBasicFeatures.java,org.apache.commons.configuration2.TestAbstractConfigurationBasicFeatures,testGetCollection/0,PROP_COUNT,1
/home/sandro/workspace/sandro/MLCQCodeSmellSamples/scripts/../dataset/commons-configuration_34357e075d63c3634310878636f9498847badcab/src/test/java/org/apache/commons/configuration2/TestAbstractConfigurationBasicFeatures.java,org.apache.commons.configuration2.TestAbstractConfigurationBasicFeatures,testGetCollection/0,KEY_PREFIX,1
/home/sandro/workspace/sandro/MLCQCodeSmellSamples/scripts/../dataset/commons-configuration_34357e075d63c3634310878636f9498847badcab/src/test/java/org/apache/commons/configuration2/TestAbstractConfigurationBasicFeatures.java,org.apache.commons.configuration2.TestAbstractConfigurationBasicFeatures,testAppend/0,PROP_COUNT,1
/home/sandro/workspace/sandro/MLCQCodeSmellSamples/scripts/../dataset/commons-configuration_34357e075d63c3634310878636f9498847badcab/src/test/java/org/apache/commons/configuration2/TestAbstractConfigurationBasicFeatures.java,org.apache.commons.configuration2.TestAbstractConfigurationBasicFeatures,testAppend/0,KEY_PREFIX,1
/home/sandro/workspace/sandro/MLCQCodeSmellSamples/scripts/../dataset/commons-configuration_34357e075d63c3634310878636f9498847badcab/src/test/java/org/apache/commons/configuration2/TestAbstractConfigurationBasicFeatures.java,org.apache.commons.configuration2.TestAbstractConfigurationBasicFeatures,checkGetStringArrayScalar/1[java.lang.Object],KEY_PREFIX,2
/home/sandro/workspace/sandro/MLCQCodeSmellSamples/scripts/../dataset/commons-configuration_34357e075d63c3634310878636f9498847badcab/src/test/java/org/apache/commons/configuration2/TestAbstractConfigurationBasicFeatures.java,org.apache.commons.configuration2.TestAbstractConfigurationBasicFeatures,testInterpolationUnknownVariable/0,KEY_PREFIX,2
/home/sandro/workspace/sandro/MLCQCodeSmellSamples/scripts/../dataset/commons-configuration_34357e075d63c3634310878636f9498847badcab/src/test/java/org/apache/commons/configuration2/TestAbstractConfigurationBasicFeatures.java,org.apache.commons.configuration2.TestAbstractConfigurationBasicFeatures,testInterpolationUnknownVariable/0,SUBST_TXT,1
/home/sandro/workspace/sandro/MLCQCodeSmellSamples/scripts/../dataset/commons-configuration_34357e075d63c3634310878636f9498847badcab/src/test/java/org/apache/commons/configuration2/TestAbstractConfigurationBasicFeatures.java,org.apache.commons.configuration2.TestAbstractConfigurationBasicFeatures,testGetList/0,KEY_PREFIX,1
/home/sandro/workspace/sandro/MLCQCodeSmellSamples/scripts/../dataset/commons-configuration_34357e075d63c3634310878636f9498847badcab/src/test/java/org/apache/commons/configuration2/TestAbstractConfigurationBasicFeatures.java,org.apache.commons.configuration2.TestAbstractConfigurationBasicFeatures,testGetArrayPrimitive/0,PROP_COUNT,2
/home/sandro/workspace/sandro/MLCQCodeSmellSamples/scripts/../dataset/commons-configuration_34357e075d63c3634310878636f9498847badcab/src/test/java/org/apache/commons/configuration2/TestAbstractConfigurationBasicFeatures.java,org.apache.commons.configuration2.TestAbstractConfigurationBasicFeatures,testGetArrayPrimitive/0,KEY_PREFIX,2
/home/sandro/workspace/sandro/MLCQCodeSmellSamples/scripts/../dataset/commons-configuration_34357e075d63c3634310878636f9498847badcab/src/test/java/org/apache/commons/configuration2/TestAbstractConfigurationBasicFeatures.java,org.apache.commons.configuration2.TestAbstractConfigurationBasicFeatures,testInterpolateList/0,KEY_PREFIX,2
/home/sandro/workspace/sandro/MLCQCodeSmellSamples/scripts/../dataset/commons-configuration_34357e075d63c3634310878636f9498847badcab/src/test/java/org/apache/commons/configuration2/TestAbstractConfigurationBasicFeatures.java,org.apache.commons.configuration2.TestAbstractConfigurationBasicFeatures,testAppendDelimiterHandling/0,KEY_PREFIX,3
/home/sandro/workspace/sandro/MLCQCodeSmellSamples/scripts/../dataset/commons-configuration_34357e075d63c3634310878636f9498847badcab/src/test/java/org/apache/commons/configuration2/TestAbstractConfigurationBasicFeatures.java,org.apache.commons.configuration2.TestAbstractConfigurationBasicFeatures,testInterpolateRecursive/0,KEY_PREFIX,2
/home/sandro/workspace/sandro/MLCQCodeSmellSamples/scripts/../dataset/commons-configuration_34357e075d63c3634310878636f9498847badcab/src/test/java/org/apache/commons/configuration2/TestAbstractConfigurationBasicFeatures.java,org.apache.commons.configuration2.TestAbstractConfigurationBasicFeatures,testInterpolateRecursive/0,SUBST_TXT,1
/home/sandro/workspace/sandro/MLCQCodeSmellSamples/scripts/../dataset/commons-configuration_34357e075d63c3634310878636f9498847badcab/src/test/java/org/apache/commons/configuration2/TestAbstractConfigurationBasicFeatures.java,org.apache.commons.configuration2.TestAbstractConfigurationBasicFeatures,testGetCollectionUnknownNoDefault/0,KEY_PREFIX,1
/home/sandro/workspace/sandro/MLCQCodeSmellSamples/scripts/../dataset/commons-configuration_34357e075d63c3634310878636f9498847badcab/src/test/java/org/apache/commons/configuration2/TestAbstractConfigurationBasicFeatures.java,org.apache.commons.configuration2.TestAbstractConfigurationBasicFeatures,testGetListUnknownNoDefault/0,KEY_PREFIX,1
/home/sandro/workspace/sandro/MLCQCodeSmellSamples/scripts/../dataset/commons-configuration_34357e075d63c3634310878636f9498847badcab/src/test/java/org/apache/commons/configuration2/TestAbstractConfigurationBasicFeatures.java,org.apache.commons.configuration2.TestAbstractConfigurationBasicFeatures,testGetEncodedStringNoValue/0,KEY_PREFIX,1
/home/sandro/workspace/sandro/MLCQCodeSmellSamples/scripts/../dataset/commons-configuration_34357e075d63c3634310878636f9498847badcab/src/test/java/org/apache/commons/configuration2/TestAbstractConfigurationBasicFeatures.java,org.apache.commons.configuration2.TestAbstractConfigurationBasicFeatures,testGetEncodedStringValue/0,KEY_PREFIX,2
/home/sandro/workspace/sandro/MLCQCodeSmellSamples/scripts/../dataset/commons-configuration_34357e075d63c3634310878636f9498847badcab/src/test/java/org/apache/commons/configuration2/TestAbstractConfigurationBasicFeatures.java,org.apache.commons.configuration2.TestAbstractConfigurationBasicFeatures,testGetCollectionSingleValue/0,KEY_PREFIX,2
/home/sandro/workspace/sandro/MLCQCodeSmellSamples/scripts/../dataset/commons-configuration_34357e075d63c3634310878636f9498847badcab/src/test/java/org/apache/commons/configuration2/TestAbstractConfigurationBasicFeatures.java,org.apache.commons.configuration2.TestAbstractConfigurationBasicFeatures,testGetStringArrayUnknown/0,KEY_PREFIX,1
/home/sandro/workspace/sandro/MLCQCodeSmellSamples/scripts/../dataset/commons-configuration_34357e075d63c3634310878636f9498847badcab/src/test/java/org/apache/commons/configuration2/TestAbstractConfigurationBasicFeatures.java,org.apache.commons.configuration2.TestAbstractConfigurationBasicFeatures,testInterpolationNoInterpolator/0,KEY_PREFIX,2
/home/sandro/workspace/sandro/MLCQCodeSmellSamples/scripts/../dataset/commons-configuration_34357e075d63c3634310878636f9498847badcab/src/test/java/org/apache/commons/configuration2/TestAbstractConfigurationBasicFeatures.java,org.apache.commons.configuration2.TestAbstractConfigurationBasicFeatures,testInterpolationNoInterpolator/0,SUBST_TXT,2
/home/sandro/workspace/sandro/MLCQCodeSmellSamples/scripts/../dataset/commons-configuration_34357e075d63c3634310878636f9498847badcab/src/test/java/org/apache/commons/configuration2/TestAbstractConfigurationBasicFeatures.java,org.apache.commons.configuration2.TestAbstractConfigurationBasicFeatures,testSizeInternal/0,PROP_COUNT,2
/home/sandro/workspace/sandro/MLCQCodeSmellSamples/scripts/../dataset/commons-configuration_34357e075d63c3634310878636f9498847badcab/src/test/java/org/apache/commons/configuration2/TestAbstractConfigurationBasicFeatures.java,org.apache.commons.configuration2.TestAbstractConfigurationBasicFeatures,testSizeInternal/0,KEY_PREFIX,1
/home/sandro/workspace/sandro/MLCQCodeSmellSamples/scripts/../dataset/commons-configuration_34357e075d63c3634310878636f9498847badcab/src/test/java/org/apache/commons/configuration2/TestAbstractConfigurationBasicFeatures.java,org.apache.commons.configuration2.TestAbstractConfigurationBasicFeatures,testGetCollectionUnknownWithDefault/0,KEY_PREFIX,1
/home/sandro/workspace/sandro/MLCQCodeSmellSamples/scripts/../dataset/commons-configuration_34357e075d63c3634310878636f9498847badcab/src/test/java/org/apache/commons/configuration2/TestAbstractConfigurationBasicFeatures.java,org.apache.commons.configuration2.TestAbstractConfigurationBasicFeatures,checkGetListScalar/1[java.lang.Object],KEY_PREFIX,2
/home/sandro/workspace/sandro/MLCQCodeSmellSamples/scripts/../dataset/commons-configuration_34357e075d63c3634310878636f9498847badcab/src/test/java/org/apache/commons/configuration2/TestAbstractConfigurationBasicFeatures.java,org.apache.commons.configuration2.TestAbstractConfigurationBasicFeatures,testInterpolateArray/0,KEY_PREFIX,2
/home/sandro/workspace/sandro/MLCQCodeSmellSamples/scripts/../dataset/commons-configuration_34357e075d63c3634310878636f9498847badcab/src/test/java/org/apache/commons/configuration2/TestAbstractConfigurationBasicFeatures.java,org.apache.commons.configuration2.TestAbstractConfigurationBasicFeatures,testGetEncodedStringNoDefaultDecoderDefined/0,KEY_PREFIX,1
/home/sandro/workspace/sandro/MLCQCodeSmellSamples/scripts/../dataset/commons-configuration_34357e075d63c3634310878636f9498847badcab/src/test/java/org/apache/commons/configuration2/TestAbstractConfigurationBasicFeatures.java,org.apache.commons.configuration2.TestAbstractConfigurationBasicFeatures,setUpDestConfig/0,PROP_COUNT,1
/home/sandro/workspace/sandro/MLCQCodeSmellSamples/scripts/../dataset/commons-configuration_34357e075d63c3634310878636f9498847badcab/src/test/java/org/apache/commons/configuration2/TestAbstractConfigurationBasicFeatures.java,org.apache.commons.configuration2.TestAbstractConfigurationBasicFeatures,setUpDestConfig/0,KEY_PREFIX,1
/home/sandro/workspace/sandro/MLCQCodeSmellSamples/scripts/../dataset/commons-configuration_34357e075d63c3634310878636f9498847badcab/src/test/java/org/apache/commons/configuration2/TestAbstractConfigurationBasicFeatures.java,org.apache.commons.configuration2.TestAbstractConfigurationBasicFeatures,testInterpolateString/0,KEY_PREFIX,2
/home/sandro/workspace/sandro/MLCQCodeSmellSamples/scripts/../dataset/commons-configuration_34357e075d63c3634310878636f9498847badcab/src/test/java/org/apache/commons/configuration2/TestAbstractConfigurationBasicFeatures.java,org.apache.commons.configuration2.TestAbstractConfigurationBasicFeatures,testInterpolateString/0,SUBST_TXT,1
/home/sandro/workspace/sandro/MLCQCodeSmellSamples/scripts/../dataset/commons-configuration_34357e075d63c3634310878636f9498847badcab/src/test/java/org/apache/commons/configuration2/TestAbstractConfigurationBasicFeatures.java,org.apache.commons.configuration2.TestAbstractConfigurationBasicFeatures,testGetArrayUnknownWithDefault/0,KEY_PREFIX,1
/home/sandro/workspace/sandro/MLCQCodeSmellSamples/scripts/../dataset/commons-configuration_34357e075d63c3634310878636f9498847badcab/src/test/java/org/apache/commons/configuration2/TestAbstractConfigurationBasicFeatures.java,org.apache.commons.configuration2.TestAbstractConfigurationBasicFeatures,testGetCollectionNullTarget/0,KEY_PREFIX,1
/home/sandro/workspace/sandro/MLCQCodeSmellSamples/scripts/../dataset/commons-configuration_34357e075d63c3634310878636f9498847badcab/src/test/java/org/apache/commons/configuration2/TestAbstractConfigurationBasicFeatures.java,org.apache.commons.configuration2.TestAbstractConfigurationBasicFeatures,testCopyDelimiterHandling/0,KEY_PREFIX,3
/home/sandro/workspace/sandro/MLCQCodeSmellSamples/scripts/../dataset/commons-configuration_34357e075d63c3634310878636f9498847badcab/src/test/java/org/apache/commons/configuration2/TestAbstractConfigurationBasicFeatures.java,org.apache.commons.configuration2.TestAbstractConfigurationBasicFeatures,testGetUnknownWithThrowExceptionOnMissing/0,KEY_PREFIX,1
/home/sandro/workspace/sandro/MLCQCodeSmellSamples/scripts/../dataset/commons-configuration_34357e075d63c3634310878636f9498847badcab/src/test/java/org/apache/commons/configuration2/TestAbstractConfigurationBasicFeatures.java,org.apache.commons.configuration2.TestAbstractConfigurationBasicFeatures,testGetEncodedStringNoDecoder/0,KEY_PREFIX,1
/home/sandro/workspace/sandro/MLCQCodeSmellSamples/scripts/../dataset/commons-configuration_34357e075d63c3634310878636f9498847badcab/src/test/java/org/apache/commons/configuration2/TestAbstractConfigurationBasicFeatures.java,org.apache.commons.configuration2.TestAbstractConfigurationBasicFeatures,testGetUnownWithDefaultValueThrowExceptionOnMissing/0,KEY_PREFIX,1
/home/sandro/workspace/sandro/MLCQCodeSmellSamples/scripts/../dataset/commons-configuration_34357e075d63c3634310878636f9498847badcab/src/test/java/org/apache/commons/configuration2/TestAbstractConfigurationBasicFeatures.java,org.apache.commons.configuration2.TestAbstractConfigurationBasicFeatures,testGetArray/0,PROP_COUNT,2
/home/sandro/workspace/sandro/MLCQCodeSmellSamples/scripts/../dataset/commons-configuration_34357e075d63c3634310878636f9498847badcab/src/test/java/org/apache/commons/configuration2/TestAbstractConfigurationBasicFeatures.java,org.apache.commons.configuration2.TestAbstractConfigurationBasicFeatures,testGetArray/0,KEY_PREFIX,2
/home/sandro/workspace/sandro/MLCQCodeSmellSamples/scripts/../dataset/commons-configuration_34357e075d63c3634310878636f9498847badcab/src/test/java/org/apache/commons/configuration2/TestAbstractConfigurationBasicFeatures.java,org.apache.commons.configuration2.TestAbstractConfigurationBasicFeatures,testGet/0,KEY_PREFIX,2
/home/sandro/workspace/sandro/MLCQCodeSmellSamples/scripts/../dataset/commons-configuration_34357e075d63c3634310878636f9498847badcab/src/test/java/org/apache/commons/configuration2/TestAbstractConfigurationBasicFeatures.java,org.apache.commons.configuration2.TestAbstractConfigurationBasicFeatures,testGetArrayDefaultValueNotAnArray/0,KEY_PREFIX,1
/home/sandro/workspace/sandro/MLCQCodeSmellSamples/scripts/../dataset/commons-configuration_34357e075d63c3634310878636f9498847badcab/src/test/java/org/apache/commons/configuration2/TestAbstractConfigurationBasicFeatures.java,org.apache.commons.configuration2.TestAbstractConfigurationBasicFeatures,prepareListTest/1[org.apache.commons.configuration2.PropertiesConfiguration],PROP_COUNT,2
/home/sandro/workspace/sandro/MLCQCodeSmellSamples/scripts/../dataset/commons-configuration_34357e075d63c3634310878636f9498847badcab/src/test/java/org/apache/commons/configuration2/TestAbstractConfigurationBasicFeatures.java,org.apache.commons.configuration2.TestAbstractConfigurationBasicFeatures,prepareListTest/1[org.apache.commons.configuration2.PropertiesConfiguration],KEY_PREFIX,1
/home/sandro/workspace/sandro/MLCQCodeSmellSamples/scripts/../dataset/commons-configuration_34357e075d63c3634310878636f9498847badcab/src/test/java/org/apache/commons/configuration2/TestAbstractConfigurationBasicFeatures.java,org.apache.commons.configuration2.TestAbstractConfigurationBasicFeatures,testGetUnknownNoDefaultValue/0,KEY_PREFIX,1
/home/sandro/workspace/sandro/MLCQCodeSmellSamples/scripts/../dataset/commons-configuration_34357e075d63c3634310878636f9498847badcab/src/test/java/org/apache/commons/configuration2/TestAbstractConfigurationBasicFeatures.java,org.apache.commons.configuration2.TestAbstractConfigurationBasicFeatures,testGetEncodedStringWithDefaultDecoder/0,KEY_PREFIX,2
/home/sandro/workspace/sandro/MLCQCodeSmellSamples/scripts/../dataset/commons-configuration_34357e075d63c3634310878636f9498847badcab/src/test/java/org/apache/commons/configuration2/TestAbstractConfigurationBasicFeatures.java,org.apache.commons.configuration2.TestAbstractConfigurationBasicFeatures,setUpSourceConfig/0,PROP_COUNT,1
/home/sandro/workspace/sandro/MLCQCodeSmellSamples/scripts/../dataset/commons-configuration_34357e075d63c3634310878636f9498847badcab/src/test/java/org/apache/commons/configuration2/TestAbstractConfigurationBasicFeatures.java,org.apache.commons.configuration2.TestAbstractConfigurationBasicFeatures,setUpSourceConfig/0,KEY_PREFIX,1
/home/sandro/workspace/sandro/MLCQCodeSmellSamples/scripts/../dataset/commons-configuration_34357e075d63c3634310878636f9498847badcab/src/test/java/org/apache/commons/configuration2/TestAbstractConfigurationBasicFeatures.java,org.apache.commons.configuration2.TestAbstractConfigurationBasicFeatures,testCopy/0,PROP_COUNT,1
/home/sandro/workspace/sandro/MLCQCodeSmellSamples/scripts/../dataset/commons-configuration_34357e075d63c3634310878636f9498847badcab/src/test/java/org/apache/commons/configuration2/TestAbstractConfigurationBasicFeatures.java,org.apache.commons.configuration2.TestAbstractConfigurationBasicFeatures,testCopy/0,KEY_PREFIX,1
/home/sandro/workspace/sandro/MLCQCodeSmellSamples/scripts/../dataset/commons-configuration_34357e075d63c3634310878636f9498847badcab/src/test/java/org/apache/commons/configuration2/TestAbstractConfigurationBasicFeatures.java,org.apache.commons.configuration2.TestAbstractConfigurationBasicFeatures,testCyclicInterpolation/0,KEY_PREFIX,2
/home/sandro/workspace/sandro/MLCQCodeSmellSamples/scripts/../dataset/commons-configuration_34357e075d63c3634310878636f9498847badcab/src/test/java/org/apache/commons/configuration2/TestAbstractConfigurationBasicFeatures.java,org.apache.commons.configuration2.TestAbstractConfigurationBasicFeatures,testGetUnknownWithDefaultValue/0,KEY_PREFIX,1
/home/sandro/workspace/sandro/MLCQCodeSmellSamples/scripts/../dataset/commons-configuration_34357e075d63c3634310878636f9498847badcab/src/main/java/org/apache/commons/configuration2/BaseHierarchicalConfiguration.java,org.apache.commons.configuration2.BaseHierarchicalConfiguration$InterpolatedVisitor,peek/0,builderStack,1
/home/sandro/workspace/sandro/MLCQCodeSmellSamples/scripts/../dataset/commons-configuration_34357e075d63c3634310878636f9498847badcab/src/main/java/org/apache/commons/configuration2/BaseHierarchicalConfiguration.java,org.apache.commons.configuration2.BaseHierarchicalConfiguration$InterpolatedVisitor,storeInterpolatedNode/1[org.apache.commons.configuration2.tree.ImmutableNode],interpolatedRoot,1
/home/sandro/workspace/sandro/MLCQCodeSmellSamples/scripts/../dataset/commons-configuration_34357e075d63c3634310878636f9498847badcab/src/main/java/org/apache/commons/configuration2/BaseHierarchicalConfiguration.java,org.apache.commons.configuration2.BaseHierarchicalConfiguration$InterpolatedVisitor,storeInterpolatedNode/1[org.apache.commons.configuration2.tree.ImmutableNode],builderStack,1
/home/sandro/workspace/sandro/MLCQCodeSmellSamples/scripts/../dataset/commons-configuration_34357e075d63c3634310878636f9498847badcab/src/main/java/org/apache/commons/configuration2/BaseHierarchicalConfiguration.java,org.apache.commons.configuration2.BaseHierarchicalConfiguration$InterpolatedVisitor,InterpolatedVisitor/0,builderStack,1
/home/sandro/workspace/sandro/MLCQCodeSmellSamples/scripts/../dataset/commons-configuration_34357e075d63c3634310878636f9498847badcab/src/main/java/org/apache/commons/configuration2/BaseHierarchicalConfiguration.java,org.apache.commons.configuration2.BaseHierarchicalConfiguration$InterpolatedVisitor,pop/0,builderStack,1
/home/sandro/workspace/sandro/MLCQCodeSmellSamples/scripts/../dataset/commons-configuration_34357e075d63c3634310878636f9498847badcab/src/main/java/org/apache/commons/configuration2/BaseHierarchicalConfiguration.java,org.apache.commons.configuration2.BaseHierarchicalConfiguration$InterpolatedVisitor,getInterpolatedRoot/0,interpolatedRoot,1
/home/sandro/workspace/sandro/MLCQCodeSmellSamples/scripts/../dataset/commons-configuration_34357e075d63c3634310878636f9498847badcab/src/main/java/org/apache/commons/configuration2/BaseHierarchicalConfiguration.java,org.apache.commons.configuration2.BaseHierarchicalConfiguration$InterpolatedVisitor,push/1[org.apache.commons.configuration2.tree.ImmutableNode.Builder],builderStack,1
/home/sandro/workspace/sandro/MLCQCodeSmellSamples/scripts/../dataset/commons-configuration_34357e075d63c3634310878636f9498847badcab/src/main/java/org/apache/commons/configuration2/ImmutableConfigurationInvocationHandler.java,org.apache.commons.configuration2.ImmutableConfigurationInvocationHandler,ImmutableConfigurationInvocationHandler/1[org.apache.commons.configuration2.Configuration],wrappedConfiguration,1
/home/sandro/workspace/sandro/MLCQCodeSmellSamples/scripts/../dataset/commons-configuration_34357e075d63c3634310878636f9498847badcab/src/main/java/org/apache/commons/configuration2/ImmutableConfigurationInvocationHandler.java,org.apache.commons.configuration2.ImmutableConfigurationInvocationHandler,"invoke/3[java.lang.Object,java.lang.reflect.Method,java.lang.Object[]]",wrappedConfiguration,1
/home/sandro/workspace/sandro/MLCQCodeSmellSamples/scripts/../dataset/commons-configuration_34357e075d63c3634310878636f9498847badcab/src/test/java/org/apache/commons/configuration2/event/TestEventType.java,org.apache.commons.configuration2.event.TestEventType,setUp/0,eventType,1
/home/sandro/workspace/sandro/MLCQCodeSmellSamples/scripts/../dataset/commons-configuration_34357e075d63c3634310878636f9498847badcab/src/test/java/org/apache/commons/configuration2/event/TestEventType.java,org.apache.commons.configuration2.event.TestEventType,testToString/0,eventType,1
/home/sandro/workspace/sandro/MLCQCodeSmellSamples/scripts/../dataset/commons-configuration_34357e075d63c3634310878636f9498847badcab/src/test/java/org/apache/commons/configuration2/plist/TestPropertyListParser.java,org.apache.commons.configuration2.plist.TestPropertyListParser,testParseDate/0,parser,1
/home/sandro/workspace/sandro/MLCQCodeSmellSamples/scripts/../dataset/commons-configuration_34357e075d63c3634310878636f9498847badcab/src/test/java/org/apache/commons/configuration2/plist/TestPropertyListParser.java,org.apache.commons.configuration2.plist.TestPropertyListParser,testRemoveQuotes/0,parser,5
/home/sandro/workspace/sandro/MLCQCodeSmellSamples/scripts/../dataset/commons-configuration_34357e075d63c3634310878636f9498847badcab/src/test/java/org/apache/commons/configuration2/plist/TestPropertyListParser.java,org.apache.commons.configuration2.plist.TestPropertyListParser,testUnescapeQuotes/0,parser,2
/home/sandro/workspace/sandro/MLCQCodeSmellSamples/scripts/../dataset/commons-configuration_34357e075d63c3634310878636f9498847badcab/src/test/java/org/apache/commons/configuration2/plist/TestPropertyListParser.java,org.apache.commons.configuration2.plist.TestPropertyListParser,testFilterData/0,parser,5
/home/sandro/workspace/sandro/MLCQCodeSmellSamples/scripts/../dataset/commons-configuration_34357e075d63c3634310878636f9498847badcab/src/main/java/org/apache/commons/configuration2/plist/XMLPropertyListConfiguration.java,org.apache.commons.configuration2.plist.XMLPropertyListConfiguration$PListNodeBuilder,createNode/0,name,2
/home/sandro/workspace/sandro/MLCQCodeSmellSamples/scripts/../dataset/commons-configuration_34357e075d63c3634310878636f9498847badcab/src/main/java/org/apache/commons/configuration2/plist/XMLPropertyListConfiguration.java,org.apache.commons.configuration2.plist.XMLPropertyListConfiguration$PListNodeBuilder,createNode/0,childBuilders,2
/home/sandro/workspace/sandro/MLCQCodeSmellSamples/scripts/../dataset/commons-configuration_34357e075d63c3634310878636f9498847badcab/src/main/java/org/apache/commons/configuration2/plist/XMLPropertyListConfiguration.java,org.apache.commons.configuration2.plist.XMLPropertyListConfiguration$PListNodeBuilder,createNode/0,value,1
/home/sandro/workspace/sandro/MLCQCodeSmellSamples/scripts/../dataset/commons-configuration_34357e075d63c3634310878636f9498847badcab/src/main/java/org/apache/commons/configuration2/plist/XMLPropertyListConfiguration.java,org.apache.commons.configuration2.plist.XMLPropertyListConfiguration$PListNodeBuilder,addRealValue/1[java.lang.String],value,3
/home/sandro/workspace/sandro/MLCQCodeSmellSamples/scripts/../dataset/commons-configuration_34357e075d63c3634310878636f9498847badcab/src/main/java/org/apache/commons/configuration2/plist/XMLPropertyListConfiguration.java,org.apache.commons.configuration2.plist.XMLPropertyListConfiguration$PListNodeBuilder,getNodeValue/0,value,1
/home/sandro/workspace/sandro/MLCQCodeSmellSamples/scripts/../dataset/commons-configuration_34357e075d63c3634310878636f9498847badcab/src/main/java/org/apache/commons/configuration2/plist/XMLPropertyListConfiguration.java,org.apache.commons.configuration2.plist.XMLPropertyListConfiguration$PListNodeBuilder,addIntegerValue/1[java.lang.String],value,3
/home/sandro/workspace/sandro/MLCQCodeSmellSamples/scripts/../dataset/commons-configuration_34357e075d63c3634310878636f9498847badcab/src/main/java/org/apache/commons/configuration2/plist/XMLPropertyListConfiguration.java,org.apache.commons.configuration2.plist.XMLPropertyListConfiguration$PListNodeBuilder,addDataValue/1[java.lang.String],value,3
/home/sandro/workspace/sandro/MLCQCodeSmellSamples/scripts/../dataset/commons-configuration_34357e075d63c3634310878636f9498847badcab/src/main/java/org/apache/commons/configuration2/plist/XMLPropertyListConfiguration.java,org.apache.commons.configuration2.plist.XMLPropertyListConfiguration$PListNodeBuilder,addValue/1[java.lang.Object],value,6
/home/sandro/workspace/sandro/MLCQCodeSmellSamples/scripts/../dataset/commons-configuration_34357e075d63c3634310878636f9498847badcab/src/main/java/org/apache/commons/configuration2/plist/XMLPropertyListConfiguration.java,org.apache.commons.configuration2.plist.XMLPropertyListConfiguration$PListNodeBuilder,addDateValue/1[java.lang.String],GNUSTEP_FORMAT,2
/home/sandro/workspace/sandro/MLCQCodeSmellSamples/scripts/../dataset/commons-configuration_34357e075d63c3634310878636f9498847badcab/src/main/java/org/apache/commons/configuration2/plist/XMLPropertyListConfiguration.java,org.apache.commons.configuration2.plist.XMLPropertyListConfiguration$PListNodeBuilder,addDateValue/1[java.lang.String],FORMAT,2
/home/sandro/workspace/sandro/MLCQCodeSmellSamples/scripts/../dataset/commons-configuration_34357e075d63c3634310878636f9498847badcab/src/main/java/org/apache/commons/configuration2/plist/XMLPropertyListConfiguration.java,org.apache.commons.configuration2.plist.XMLPropertyListConfiguration$PListNodeBuilder,addDateValue/1[java.lang.String],value,6
/home/sandro/workspace/sandro/MLCQCodeSmellSamples/scripts/../dataset/commons-configuration_34357e075d63c3634310878636f9498847badcab/src/main/java/org/apache/commons/configuration2/plist/XMLPropertyListConfiguration.java,org.apache.commons.configuration2.plist.XMLPropertyListConfiguration$PListNodeBuilder,setName/1[java.lang.String],name,1
/home/sandro/workspace/sandro/MLCQCodeSmellSamples/scripts/../dataset/commons-configuration_34357e075d63c3634310878636f9498847badcab/src/main/java/org/apache/commons/configuration2/plist/XMLPropertyListConfiguration.java,org.apache.commons.configuration2.plist.XMLPropertyListConfiguration$PListNodeBuilder,addChild/1[org.apache.commons.configuration2.plist.XMLPropertyListConfiguration.PListNodeBuilder],childBuilders,1
/home/sandro/workspace/sandro/MLCQCodeSmellSamples/scripts/../dataset/commons-configuration_34357e075d63c3634310878636f9498847badcab/src/test/java/org/apache/commons/configuration2/TestDatabaseConfiguration.java,org.apache.commons.configuration2.TestDatabaseConfiguration,testSetPropertyWithDelimiter/0,helper,1
/home/sandro/workspace/sandro/MLCQCodeSmellSamples/scripts/../dataset/commons-configuration_34357e075d63c3634310878636f9498847badcab/src/test/java/org/apache/commons/configuration2/TestDatabaseConfiguration.java,org.apache.commons.configuration2.TestDatabaseConfiguration,testExtractPropertyValueCLOBEmpty/0,helper,1
/home/sandro/workspace/sandro/MLCQCodeSmellSamples/scripts/../dataset/commons-configuration_34357e075d63c3634310878636f9498847badcab/src/test/java/org/apache/commons/configuration2/TestDatabaseConfiguration.java,org.apache.commons.configuration2.TestDatabaseConfiguration,testClearPropertyMultiple/0,helper,1
/home/sandro/workspace/sandro/MLCQCodeSmellSamples/scripts/../dataset/commons-configuration_34357e075d63c3634310878636f9498847badcab/src/test/java/org/apache/commons/configuration2/TestDatabaseConfiguration.java,org.apache.commons.configuration2.TestDatabaseConfiguration,testClearPropertyMultipleOtherConfig/0,helper,2
/home/sandro/workspace/sandro/MLCQCodeSmellSamples/scripts/../dataset/commons-configuration_34357e075d63c3634310878636f9498847badcab/src/test/java/org/apache/commons/configuration2/TestDatabaseConfiguration.java,org.apache.commons.configuration2.TestDatabaseConfiguration,testClearPropertyMultipleOtherConfig/0,CONFIG_NAME2,1
/home/sandro/workspace/sandro/MLCQCodeSmellSamples/scripts/../dataset/commons-configuration_34357e075d63c3634310878636f9498847badcab/src/test/java/org/apache/commons/configuration2/TestDatabaseConfiguration.java,org.apache.commons.configuration2.TestDatabaseConfiguration,testClearCommit/0,helper,2
/home/sandro/workspace/sandro/MLCQCodeSmellSamples/scripts/../dataset/commons-configuration_34357e075d63c3634310878636f9498847badcab/src/test/java/org/apache/commons/configuration2/TestDatabaseConfiguration.java,org.apache.commons.configuration2.TestDatabaseConfiguration,testClearPropertySingle/0,helper,1
/home/sandro/workspace/sandro/MLCQCodeSmellSamples/scripts/../dataset/commons-configuration_34357e075d63c3634310878636f9498847badcab/src/test/java/org/apache/commons/configuration2/TestDatabaseConfiguration.java,org.apache.commons.configuration2.TestDatabaseConfiguration,testAddPropertyDirectSingle/0,helper,1
/home/sandro/workspace/sandro/MLCQCodeSmellSamples/scripts/../dataset/commons-configuration_34357e075d63c3634310878636f9498847badcab/src/test/java/org/apache/commons/configuration2/TestDatabaseConfiguration.java,org.apache.commons.configuration2.TestDatabaseConfiguration,testLogErrorListener/0,helper,1
/home/sandro/workspace/sandro/MLCQCodeSmellSamples/scripts/../dataset/commons-configuration_34357e075d63c3634310878636f9498847badcab/src/test/java/org/apache/commons/configuration2/TestDatabaseConfiguration.java,org.apache.commons.configuration2.TestDatabaseConfiguration,testAddPropertyDirectMultiple/0,helper,1
/home/sandro/workspace/sandro/MLCQCodeSmellSamples/scripts/../dataset/commons-configuration_34357e075d63c3634310878636f9498847badcab/src/test/java/org/apache/commons/configuration2/TestDatabaseConfiguration.java,org.apache.commons.configuration2.TestDatabaseConfiguration,setUp/0,helper,2
/home/sandro/workspace/sandro/MLCQCodeSmellSamples/scripts/../dataset/commons-configuration_34357e075d63c3634310878636f9498847badcab/src/test/java/org/apache/commons/configuration2/TestDatabaseConfiguration.java,org.apache.commons.configuration2.TestDatabaseConfiguration,testGetKeys/0,helper,2
/home/sandro/workspace/sandro/MLCQCodeSmellSamples/scripts/../dataset/commons-configuration_34357e075d63c3634310878636f9498847badcab/src/test/java/org/apache/commons/configuration2/TestDatabaseConfiguration.java,org.apache.commons.configuration2.TestDatabaseConfiguration,testAddPropertyDirectCommit/0,helper,2
/home/sandro/workspace/sandro/MLCQCodeSmellSamples/scripts/../dataset/commons-configuration_34357e075d63c3634310878636f9498847badcab/src/test/java/org/apache/commons/configuration2/TestDatabaseConfiguration.java,org.apache.commons.configuration2.TestDatabaseConfiguration,"checkErrorListener/4[org.apache.commons.configuration2.event.EventType<? extends org.apache.commons.configuration2.event.ConfigurationErrorEvent>,org.apache.commons.configuration2.event.EventType<?>,java.lang.String,java.lang.Object]",listener,2
/home/sandro/workspace/sandro/MLCQCodeSmellSamples/scripts/../dataset/commons-configuration_34357e075d63c3634310878636f9498847badcab/src/test/java/org/apache/commons/configuration2/TestDatabaseConfiguration.java,org.apache.commons.configuration2.TestDatabaseConfiguration,testClearMultiple/0,helper,1
/home/sandro/workspace/sandro/MLCQCodeSmellSamples/scripts/../dataset/commons-configuration_34357e075d63c3634310878636f9498847badcab/src/test/java/org/apache/commons/configuration2/TestDatabaseConfiguration.java,org.apache.commons.configuration2.TestDatabaseConfiguration,testGetKeysMultiple/0,helper,1
/home/sandro/workspace/sandro/MLCQCodeSmellSamples/scripts/../dataset/commons-configuration_34357e075d63c3634310878636f9498847badcab/src/test/java/org/apache/commons/configuration2/TestDatabaseConfiguration.java,org.apache.commons.configuration2.TestDatabaseConfiguration,setUpConfig/0,helper,1
/home/sandro/workspace/sandro/MLCQCodeSmellSamples/scripts/../dataset/commons-configuration_34357e075d63c3634310878636f9498847badcab/src/test/java/org/apache/commons/configuration2/TestDatabaseConfiguration.java,org.apache.commons.configuration2.TestDatabaseConfiguration,testGetList/0,helper,2
/home/sandro/workspace/sandro/MLCQCodeSmellSamples/scripts/../dataset/commons-configuration_34357e075d63c3634310878636f9498847badcab/src/test/java/org/apache/commons/configuration2/TestDatabaseConfiguration.java,org.apache.commons.configuration2.TestDatabaseConfiguration,testAddNonStringProperty/0,helper,1
/home/sandro/workspace/sandro/MLCQCodeSmellSamples/scripts/../dataset/commons-configuration_34357e075d63c3634310878636f9498847badcab/src/test/java/org/apache/commons/configuration2/TestDatabaseConfiguration.java,org.apache.commons.configuration2.TestDatabaseConfiguration,testClearPropertyCommit/0,helper,2
/home/sandro/workspace/sandro/MLCQCodeSmellSamples/scripts/../dataset/commons-configuration_34357e075d63c3634310878636f9498847badcab/src/test/java/org/apache/commons/configuration2/TestDatabaseConfiguration.java,org.apache.commons.configuration2.TestDatabaseConfiguration,testIsEmptyMultiple/0,helper,2
/home/sandro/workspace/sandro/MLCQCodeSmellSamples/scripts/../dataset/commons-configuration_34357e075d63c3634310878636f9498847badcab/src/test/java/org/apache/commons/configuration2/TestDatabaseConfiguration.java,org.apache.commons.configuration2.TestDatabaseConfiguration,testClearSingle/0,helper,1
/home/sandro/workspace/sandro/MLCQCodeSmellSamples/scripts/../dataset/commons-configuration_34357e075d63c3634310878636f9498847badcab/src/test/java/org/apache/commons/configuration2/TestDatabaseConfiguration.java,org.apache.commons.configuration2.TestDatabaseConfiguration,testContainsKeyMultiple/0,helper,1
/home/sandro/workspace/sandro/MLCQCodeSmellSamples/scripts/../dataset/commons-configuration_34357e075d63c3634310878636f9498847badcab/src/test/java/org/apache/commons/configuration2/TestDatabaseConfiguration.java,org.apache.commons.configuration2.TestDatabaseConfiguration,tearDown/0,helper,1
/home/sandro/workspace/sandro/MLCQCodeSmellSamples/scripts/../dataset/commons-configuration_34357e075d63c3634310878636f9498847badcab/src/test/java/org/apache/commons/configuration2/TestDatabaseConfiguration.java,org.apache.commons.configuration2.TestDatabaseConfiguration,tearDown/0,listener,2
/home/sandro/workspace/sandro/MLCQCodeSmellSamples/scripts/../dataset/commons-configuration_34357e075d63c3634310878636f9498847badcab/src/test/java/org/apache/commons/configuration2/TestDatabaseConfiguration.java,org.apache.commons.configuration2.TestDatabaseConfiguration,setUpErrorListener/1[org.apache.commons.configuration2.TestDatabaseConfiguration.PotentialErrorDatabaseConfiguration],listener,2
/home/sandro/workspace/sandro/MLCQCodeSmellSamples/scripts/../dataset/commons-configuration_34357e075d63c3634310878636f9498847badcab/src/test/java/org/apache/commons/configuration2/TestDatabaseConfiguration.java,org.apache.commons.configuration2.TestDatabaseConfiguration,testGetPropertyDirectMultiple/0,helper,1
/home/sandro/workspace/sandro/MLCQCodeSmellSamples/scripts/../dataset/commons-configuration_34357e075d63c3634310878636f9498847badcab/src/test/java/org/apache/commons/configuration2/TestDatabaseConfiguration.java,org.apache.commons.configuration2.TestDatabaseConfiguration,testExtractPropertyValueCLOB/0,helper,1
/home/sandro/workspace/sandro/MLCQCodeSmellSamples/scripts/../dataset/commons-configuration_34357e075d63c3634310878636f9498847badcab/src/test/java/org/apache/commons/configuration2/TestPropertiesConfiguration.java,org.apache.commons.configuration2.TestPropertiesConfiguration$MockHttpURLStreamHandler,"MockHttpURLStreamHandler/2[int,java.io.File]",outputFile,1
/home/sandro/workspace/sandro/MLCQCodeSmellSamples/scripts/../dataset/commons-configuration_34357e075d63c3634310878636f9498847badcab/src/test/java/org/apache/commons/configuration2/TestPropertiesConfiguration.java,org.apache.commons.configuration2.TestPropertiesConfiguration$MockHttpURLStreamHandler,"MockHttpURLStreamHandler/2[int,java.io.File]",responseCode,1
/home/sandro/workspace/sandro/MLCQCodeSmellSamples/scripts/../dataset/commons-configuration_34357e075d63c3634310878636f9498847badcab/src/test/java/org/apache/commons/configuration2/TestPropertiesConfiguration.java,org.apache.commons.configuration2.TestPropertiesConfiguration$MockHttpURLStreamHandler,getMockConnection/0,connection,1
/home/sandro/workspace/sandro/MLCQCodeSmellSamples/scripts/../dataset/commons-configuration_34357e075d63c3634310878636f9498847badcab/src/test/java/org/apache/commons/configuration2/TestPropertiesConfiguration.java,org.apache.commons.configuration2.TestPropertiesConfiguration$MockHttpURLStreamHandler,openConnection/1[java.net.URL],outputFile,1
/home/sandro/workspace/sandro/MLCQCodeSmellSamples/scripts/../dataset/commons-configuration_34357e075d63c3634310878636f9498847badcab/src/test/java/org/apache/commons/configuration2/TestPropertiesConfiguration.java,org.apache.commons.configuration2.TestPropertiesConfiguration$MockHttpURLStreamHandler,openConnection/1[java.net.URL],connection,2
/home/sandro/workspace/sandro/MLCQCodeSmellSamples/scripts/../dataset/commons-configuration_34357e075d63c3634310878636f9498847badcab/src/test/java/org/apache/commons/configuration2/TestPropertiesConfiguration.java,org.apache.commons.configuration2.TestPropertiesConfiguration$MockHttpURLStreamHandler,openConnection/1[java.net.URL],responseCode,1
/home/sandro/workspace/sandro/MLCQCodeSmellSamples/scripts/../dataset/commons-configuration_34357e075d63c3634310878636f9498847badcab/src/main/java/org/apache/commons/configuration2/event/ConfigurationEvent.java,org.apache.commons.configuration2.event.ConfigurationEvent,getPropertyValue/0,propertyValue,1
/home/sandro/workspace/sandro/MLCQCodeSmellSamples/scripts/../dataset/commons-configuration_34357e075d63c3634310878636f9498847badcab/src/main/java/org/apache/commons/configuration2/event/ConfigurationEvent.java,org.apache.commons.configuration2.event.ConfigurationEvent,isBeforeUpdate/0,beforeUpdate,1
/home/sandro/workspace/sandro/MLCQCodeSmellSamples/scripts/../dataset/commons-configuration_34357e075d63c3634310878636f9498847badcab/src/main/java/org/apache/commons/configuration2/event/ConfigurationEvent.java,org.apache.commons.configuration2.event.ConfigurationEvent,"ConfigurationEvent/5[java.lang.Object,org.apache.commons.configuration2.event.EventType<? extends org.apache.commons.configuration2.event.ConfigurationEvent>,java.lang.String,java.lang.Object,boolean]",beforeUpdate,4
/home/sandro/workspace/sandro/MLCQCodeSmellSamples/scripts/../dataset/commons-configuration_34357e075d63c3634310878636f9498847badcab/src/main/java/org/apache/commons/configuration2/event/ConfigurationEvent.java,org.apache.commons.configuration2.event.ConfigurationEvent,"ConfigurationEvent/5[java.lang.Object,org.apache.commons.configuration2.event.EventType<? extends org.apache.commons.configuration2.event.ConfigurationEvent>,java.lang.String,java.lang.Object,boolean]",propertyName,4
/home/sandro/workspace/sandro/MLCQCodeSmellSamples/scripts/../dataset/commons-configuration_34357e075d63c3634310878636f9498847badcab/src/main/java/org/apache/commons/configuration2/event/ConfigurationEvent.java,org.apache.commons.configuration2.event.ConfigurationEvent,"ConfigurationEvent/5[java.lang.Object,org.apache.commons.configuration2.event.EventType<? extends org.apache.commons.configuration2.event.ConfigurationEvent>,java.lang.String,java.lang.Object,boolean]",propertyValue,4
/home/sandro/workspace/sandro/MLCQCodeSmellSamples/scripts/../dataset/commons-configuration_34357e075d63c3634310878636f9498847badcab/src/main/java/org/apache/commons/configuration2/event/ConfigurationEvent.java,org.apache.commons.configuration2.event.ConfigurationEvent,getPropertyName/0,propertyName,1
/home/sandro/workspace/sandro/MLCQCodeSmellSamples/scripts/../dataset/commons-configuration_34357e075d63c3634310878636f9498847badcab/src/main/java/org/apache/commons/configuration2/reloading/ManagedReloadingDetector.java,org.apache.commons.configuration2.reloading.ManagedReloadingDetector,reloadingPerformed/0,reloadingRequired,1
/home/sandro/workspace/sandro/MLCQCodeSmellSamples/scripts/../dataset/commons-configuration_34357e075d63c3634310878636f9498847badcab/src/main/java/org/apache/commons/configuration2/reloading/ManagedReloadingDetector.java,org.apache.commons.configuration2.reloading.ManagedReloadingDetector,refresh/0,log,1
/home/sandro/workspace/sandro/MLCQCodeSmellSamples/scripts/../dataset/commons-configuration_34357e075d63c3634310878636f9498847badcab/src/main/java/org/apache/commons/configuration2/reloading/ManagedReloadingDetector.java,org.apache.commons.configuration2.reloading.ManagedReloadingDetector,refresh/0,reloadingRequired,1
/home/sandro/workspace/sandro/MLCQCodeSmellSamples/scripts/../dataset/commons-configuration_34357e075d63c3634310878636f9498847badcab/src/main/java/org/apache/commons/configuration2/reloading/ManagedReloadingDetector.java,org.apache.commons.configuration2.reloading.ManagedReloadingDetector,isReloadingRequired/0,reloadingRequired,1
/home/sandro/workspace/sandro/MLCQCodeSmellSamples/scripts/../dataset/commons-configuration_34357e075d63c3634310878636f9498847badcab/src/test/java/org/apache/commons/configuration2/sync/TestReadWriteSynchronizer.java,org.apache.commons.configuration2.sync.TestReadWriteSynchronizer$UpdateThread,"UpdateThread/4[org.apache.commons.configuration2.sync.Synchronizer,int,org.apache.commons.configuration2.sync.TestReadWriteSynchronizer.Account,org.apache.commons.configuration2.sync.TestReadWriteSynchronizer.Account]",random,1
/home/sandro/workspace/sandro/MLCQCodeSmellSamples/scripts/../dataset/commons-configuration_34357e075d63c3634310878636f9498847badcab/src/test/java/org/apache/commons/configuration2/sync/TestReadWriteSynchronizer.java,org.apache.commons.configuration2.sync.TestReadWriteSynchronizer$UpdateThread,"UpdateThread/4[org.apache.commons.configuration2.sync.Synchronizer,int,org.apache.commons.configuration2.sync.TestReadWriteSynchronizer.Account,org.apache.commons.configuration2.sync.TestReadWriteSynchronizer.Account]",account2,1
/home/sandro/workspace/sandro/MLCQCodeSmellSamples/scripts/../dataset/commons-configuration_34357e075d63c3634310878636f9498847badcab/src/test/java/org/apache/commons/configuration2/sync/TestReadWriteSynchronizer.java,org.apache.commons.configuration2.sync.TestReadWriteSynchronizer$UpdateThread,"UpdateThread/4[org.apache.commons.configuration2.sync.Synchronizer,int,org.apache.commons.configuration2.sync.TestReadWriteSynchronizer.Account,org.apache.commons.configuration2.sync.TestReadWriteSynchronizer.Account]",account1,1
/home/sandro/workspace/sandro/MLCQCodeSmellSamples/scripts/../dataset/commons-configuration_34357e075d63c3634310878636f9498847badcab/src/test/java/org/apache/commons/configuration2/sync/TestReadWriteSynchronizer.java,org.apache.commons.configuration2.sync.TestReadWriteSynchronizer$UpdateThread,"UpdateThread/4[org.apache.commons.configuration2.sync.Synchronizer,int,org.apache.commons.configuration2.sync.TestReadWriteSynchronizer.Account,org.apache.commons.configuration2.sync.TestReadWriteSynchronizer.Account]",sync,1
/home/sandro/workspace/sandro/MLCQCodeSmellSamples/scripts/../dataset/commons-configuration_34357e075d63c3634310878636f9498847badcab/src/test/java/org/apache/commons/configuration2/sync/TestReadWriteSynchronizer.java,org.apache.commons.configuration2.sync.TestReadWriteSynchronizer$UpdateThread,"UpdateThread/4[org.apache.commons.configuration2.sync.Synchronizer,int,org.apache.commons.configuration2.sync.TestReadWriteSynchronizer.Account,org.apache.commons.configuration2.sync.TestReadWriteSynchronizer.Account]",numberOfUpdates,1
/home/sandro/workspace/sandro/MLCQCodeSmellSamples/scripts/../dataset/commons-configuration_34357e075d63c3634310878636f9498847badcab/src/test/java/org/apache/commons/configuration2/sync/TestReadWriteSynchronizer.java,org.apache.commons.configuration2.sync.TestReadWriteSynchronizer$UpdateThread,run/0,random,1
/home/sandro/workspace/sandro/MLCQCodeSmellSamples/scripts/../dataset/commons-configuration_34357e075d63c3634310878636f9498847badcab/src/test/java/org/apache/commons/configuration2/sync/TestReadWriteSynchronizer.java,org.apache.commons.configuration2.sync.TestReadWriteSynchronizer$UpdateThread,run/0,account2,3
/home/sandro/workspace/sandro/MLCQCodeSmellSamples/scripts/../dataset/commons-configuration_34357e075d63c3634310878636f9498847badcab/src/test/java/org/apache/commons/configuration2/sync/TestReadWriteSynchronizer.java,org.apache.commons.configuration2.sync.TestReadWriteSynchronizer$UpdateThread,run/0,account1,3
/home/sandro/workspace/sandro/MLCQCodeSmellSamples/scripts/../dataset/commons-configuration_34357e075d63c3634310878636f9498847badcab/src/test/java/org/apache/commons/configuration2/sync/TestReadWriteSynchronizer.java,org.apache.commons.configuration2.sync.TestReadWriteSynchronizer$UpdateThread,run/0,sync,2
/home/sandro/workspace/sandro/MLCQCodeSmellSamples/scripts/../dataset/commons-configuration_34357e075d63c3634310878636f9498847badcab/src/test/java/org/apache/commons/configuration2/sync/TestReadWriteSynchronizer.java,org.apache.commons.configuration2.sync.TestReadWriteSynchronizer$UpdateThread,run/0,numberOfUpdates,1
/home/sandro/workspace/sandro/MLCQCodeSmellSamples/scripts/../dataset/commons-configuration_34357e075d63c3634310878636f9498847badcab/src/test/java/org/apache/commons/configuration2/builder/TestHierarchicalBuilderParametersImpl.java,org.apache.commons.configuration2.builder.TestHierarchicalBuilderParametersImpl,testBeanPropertiesAccess/0,params,3
/home/sandro/workspace/sandro/MLCQCodeSmellSamples/scripts/../dataset/commons-configuration_34357e075d63c3634310878636f9498847badcab/src/test/java/org/apache/commons/configuration2/builder/TestHierarchicalBuilderParametersImpl.java,org.apache.commons.configuration2.builder.TestHierarchicalBuilderParametersImpl,setUp/0,params,1
/home/sandro/workspace/sandro/MLCQCodeSmellSamples/scripts/../dataset/commons-configuration_34357e075d63c3634310878636f9498847badcab/src/test/java/org/apache/commons/configuration2/builder/TestHierarchicalBuilderParametersImpl.java,org.apache.commons.configuration2.builder.TestHierarchicalBuilderParametersImpl,testSetExpressionEngine/0,params,3
/home/sandro/workspace/sandro/MLCQCodeSmellSamples/scripts/../dataset/commons-configuration_34357e075d63c3634310878636f9498847badcab/src/main/java/org/apache/commons/configuration2/builder/XMLBuilderParametersImpl.java,org.apache.commons.configuration2.builder.XMLBuilderParametersImpl,setEntityResolver/1[org.xml.sax.EntityResolver],PROP_ENTITY_RESOLVER,1
/home/sandro/workspace/sandro/MLCQCodeSmellSamples/scripts/../dataset/commons-configuration_34357e075d63c3634310878636f9498847badcab/src/main/java/org/apache/commons/configuration2/builder/XMLBuilderParametersImpl.java,org.apache.commons.configuration2.builder.XMLBuilderParametersImpl,setValidating/1[boolean],PROP_VALIDATING,1
/home/sandro/workspace/sandro/MLCQCodeSmellSamples/scripts/../dataset/commons-configuration_34357e075d63c3634310878636f9498847badcab/src/main/java/org/apache/commons/configuration2/builder/XMLBuilderParametersImpl.java,org.apache.commons.configuration2.builder.XMLBuilderParametersImpl,getEntityResolver/0,PROP_ENTITY_RESOLVER,1
/home/sandro/workspace/sandro/MLCQCodeSmellSamples/scripts/../dataset/commons-configuration_34357e075d63c3634310878636f9498847badcab/src/main/java/org/apache/commons/configuration2/builder/XMLBuilderParametersImpl.java,org.apache.commons.configuration2.builder.XMLBuilderParametersImpl,setSystemID/1[java.lang.String],PROP_SYSTEM_ID,1
/home/sandro/workspace/sandro/MLCQCodeSmellSamples/scripts/../dataset/commons-configuration_34357e075d63c3634310878636f9498847badcab/src/main/java/org/apache/commons/configuration2/builder/XMLBuilderParametersImpl.java,org.apache.commons.configuration2.builder.XMLBuilderParametersImpl,setPublicID/1[java.lang.String],PROP_PUBLIC_ID,1
/home/sandro/workspace/sandro/MLCQCodeSmellSamples/scripts/../dataset/commons-configuration_34357e075d63c3634310878636f9498847badcab/src/main/java/org/apache/commons/configuration2/builder/XMLBuilderParametersImpl.java,org.apache.commons.configuration2.builder.XMLBuilderParametersImpl,setSchemaValidation/1[boolean],PROP_SCHEMA_VALIDATION,1
/home/sandro/workspace/sandro/MLCQCodeSmellSamples/scripts/../dataset/commons-configuration_34357e075d63c3634310878636f9498847badcab/src/main/java/org/apache/commons/configuration2/builder/XMLBuilderParametersImpl.java,org.apache.commons.configuration2.builder.XMLBuilderParametersImpl,"inheritFrom/1[java.util.Map<java.lang.String,?>]",PROP_VALIDATING,1
/home/sandro/workspace/sandro/MLCQCodeSmellSamples/scripts/../dataset/commons-configuration_34357e075d63c3634310878636f9498847badcab/src/main/java/org/apache/commons/configuration2/builder/XMLBuilderParametersImpl.java,org.apache.commons.configuration2.builder.XMLBuilderParametersImpl,"inheritFrom/1[java.util.Map<java.lang.String,?>]",PROP_DOCUMENT_BUILDER,1
/home/sandro/workspace/sandro/MLCQCodeSmellSamples/scripts/../dataset/commons-configuration_34357e075d63c3634310878636f9498847badcab/src/main/java/org/apache/commons/configuration2/builder/XMLBuilderParametersImpl.java,org.apache.commons.configuration2.builder.XMLBuilderParametersImpl,"inheritFrom/1[java.util.Map<java.lang.String,?>]",PROP_ENTITY_RESOLVER,1
/home/sandro/workspace/sandro/MLCQCodeSmellSamples/scripts/../dataset/commons-configuration_34357e075d63c3634310878636f9498847badcab/src/main/java/org/apache/commons/configuration2/builder/XMLBuilderParametersImpl.java,org.apache.commons.configuration2.builder.XMLBuilderParametersImpl,"inheritFrom/1[java.util.Map<java.lang.String,?>]",PROP_SCHEMA_VALIDATION,1
/home/sandro/workspace/sandro/MLCQCodeSmellSamples/scripts/../dataset/commons-configuration_34357e075d63c3634310878636f9498847badcab/src/main/java/org/apache/commons/configuration2/builder/XMLBuilderParametersImpl.java,org.apache.commons.configuration2.builder.XMLBuilderParametersImpl,setDocumentBuilder/1[javax.xml.parsers.DocumentBuilder],PROP_DOCUMENT_BUILDER,1
/home/sandro/workspace/sandro/MLCQCodeSmellSamples/scripts/../dataset/commons-configuration_34357e075d63c3634310878636f9498847badcab/src/main/java/org/apache/commons/configuration2/io/HomeDirectoryLocationStrategy.java,org.apache.commons.configuration2.io.HomeDirectoryLocationStrategy,getHomeDirectory/0,homeDirectory,1
/home/sandro/workspace/sandro/MLCQCodeSmellSamples/scripts/../dataset/commons-configuration_34357e075d63c3634310878636f9498847badcab/src/main/java/org/apache/commons/configuration2/io/HomeDirectoryLocationStrategy.java,org.apache.commons.configuration2.io.HomeDirectoryLocationStrategy,"HomeDirectoryLocationStrategy/2[java.lang.String,boolean]",homeDirectory,1
/home/sandro/workspace/sandro/MLCQCodeSmellSamples/scripts/../dataset/commons-configuration_34357e075d63c3634310878636f9498847badcab/src/main/java/org/apache/commons/configuration2/io/HomeDirectoryLocationStrategy.java,org.apache.commons.configuration2.io.HomeDirectoryLocationStrategy,"HomeDirectoryLocationStrategy/2[java.lang.String,boolean]",evaluateBasePath,1
/home/sandro/workspace/sandro/MLCQCodeSmellSamples/scripts/../dataset/commons-configuration_34357e075d63c3634310878636f9498847badcab/src/main/java/org/apache/commons/configuration2/io/HomeDirectoryLocationStrategy.java,org.apache.commons.configuration2.io.HomeDirectoryLocationStrategy,fetchHomeDirectory/1[java.lang.String],PROP_HOME,1
/home/sandro/workspace/sandro/MLCQCodeSmellSamples/scripts/../dataset/commons-configuration_34357e075d63c3634310878636f9498847badcab/src/main/java/org/apache/commons/configuration2/io/HomeDirectoryLocationStrategy.java,org.apache.commons.configuration2.io.HomeDirectoryLocationStrategy,isEvaluateBasePath/0,evaluateBasePath,1
/home/sandro/workspace/sandro/MLCQCodeSmellSamples/scripts/../dataset/commons-configuration_34357e075d63c3634310878636f9498847badcab/src/test/java/org/apache/commons/configuration2/tree/TestTrackedNodeHandler.java,org.apache.commons.configuration2.tree.TestTrackedNodeHandler,setUpBeforeClass/0,root,1
/home/sandro/workspace/sandro/MLCQCodeSmellSamples/scripts/../dataset/commons-configuration_34357e075d63c3634310878636f9498847badcab/src/test/java/org/apache/commons/configuration2/tree/TestTrackedNodeHandler.java,org.apache.commons.configuration2.tree.TestTrackedNodeHandler,testGetParent/0,handler,1
/home/sandro/workspace/sandro/MLCQCodeSmellSamples/scripts/../dataset/commons-configuration_34357e075d63c3634310878636f9498847badcab/src/test/java/org/apache/commons/configuration2/tree/TestTrackedNodeHandler.java,org.apache.commons.configuration2.tree.TestTrackedNodeHandler,testGetParent/0,parentHandler,3
/home/sandro/workspace/sandro/MLCQCodeSmellSamples/scripts/../dataset/commons-configuration_34357e075d63c3634310878636f9498847badcab/src/test/java/org/apache/commons/configuration2/tree/TestTrackedNodeHandler.java,org.apache.commons.configuration2.tree.TestTrackedNodeHandler,setUp/0,handler,1
/home/sandro/workspace/sandro/MLCQCodeSmellSamples/scripts/../dataset/commons-configuration_34357e075d63c3634310878636f9498847badcab/src/test/java/org/apache/commons/configuration2/tree/TestTrackedNodeHandler.java,org.apache.commons.configuration2.tree.TestTrackedNodeHandler,setUp/0,parentHandler,2
/home/sandro/workspace/sandro/MLCQCodeSmellSamples/scripts/../dataset/commons-configuration_34357e075d63c3634310878636f9498847badcab/src/test/java/org/apache/commons/configuration2/tree/TestTrackedNodeHandler.java,org.apache.commons.configuration2.tree.TestTrackedNodeHandler,setUp/0,root,1
/home/sandro/workspace/sandro/MLCQCodeSmellSamples/scripts/../dataset/commons-configuration_34357e075d63c3634310878636f9498847badcab/src/test/java/org/apache/commons/configuration2/tree/TestTrackedNodeHandler.java,org.apache.commons.configuration2.tree.TestTrackedNodeHandler,testGetRootNode/0,handler,1
/home/sandro/workspace/sandro/MLCQCodeSmellSamples/scripts/../dataset/commons-configuration_34357e075d63c3634310878636f9498847badcab/src/test/java/org/apache/commons/configuration2/tree/TestTrackedNodeHandler.java,org.apache.commons.configuration2.tree.TestTrackedNodeHandler,testGetRootNode/0,root,1
/home/sandro/workspace/sandro/MLCQCodeSmellSamples/scripts/../dataset/commons-configuration_34357e075d63c3634310878636f9498847badcab/src/test/java/org/apache/commons/configuration2/io/TestFileHandler.java,org.apache.commons.configuration2.io.TestFileHandler$FileBasedTestImpl,getContent/0,content,1
/home/sandro/workspace/sandro/MLCQCodeSmellSamples/scripts/../dataset/commons-configuration_34357e075d63c3634310878636f9498847badcab/src/test/java/org/apache/commons/configuration2/io/TestFileHandler.java,org.apache.commons.configuration2.io.TestFileHandler$FileBasedTestImpl,setContent/1[java.lang.String],content,4
/home/sandro/workspace/sandro/MLCQCodeSmellSamples/scripts/../dataset/commons-configuration_34357e075d63c3634310878636f9498847badcab/src/test/java/org/apache/commons/configuration2/io/TestFileHandler.java,org.apache.commons.configuration2.io.TestFileHandler$FileBasedTestImpl,read/1[java.io.Reader],content,1
/home/sandro/workspace/sandro/MLCQCodeSmellSamples/scripts/../dataset/commons-configuration_34357e075d63c3634310878636f9498847badcab/src/test/java/org/apache/commons/configuration2/builder/combined/TestCombinedConfigurationBuilder.java,org.apache.commons.configuration2.builder.combined.TestCombinedConfigurationBuilder$ReadThread,run/0,startLatch,1
/home/sandro/workspace/sandro/MLCQCodeSmellSamples/scripts/../dataset/commons-configuration_34357e075d63c3634310878636f9498847badcab/src/test/java/org/apache/commons/configuration2/builder/combined/TestCombinedConfigurationBuilder.java,org.apache.commons.configuration2.builder.combined.TestCombinedConfigurationBuilder$ReadThread,run/0,value,1
/home/sandro/workspace/sandro/MLCQCodeSmellSamples/scripts/../dataset/commons-configuration_34357e075d63c3634310878636f9498847badcab/src/test/java/org/apache/commons/configuration2/builder/combined/TestCombinedConfigurationBuilder.java,org.apache.commons.configuration2.builder.combined.TestCombinedConfigurationBuilder$ReadThread,run/0,config,1
/home/sandro/workspace/sandro/MLCQCodeSmellSamples/scripts/../dataset/commons-configuration_34357e075d63c3634310878636f9498847badcab/src/test/java/org/apache/commons/configuration2/builder/combined/TestCombinedConfigurationBuilder.java,org.apache.commons.configuration2.builder.combined.TestCombinedConfigurationBuilder$ReadThread,"ReadThread/2[org.apache.commons.configuration2.CombinedConfiguration,java.util.concurrent.CountDownLatch]",startLatch,1
/home/sandro/workspace/sandro/MLCQCodeSmellSamples/scripts/../dataset/commons-configuration_34357e075d63c3634310878636f9498847badcab/src/test/java/org/apache/commons/configuration2/builder/combined/TestCombinedConfigurationBuilder.java,org.apache.commons.configuration2.builder.combined.TestCombinedConfigurationBuilder$ReadThread,"ReadThread/2[org.apache.commons.configuration2.CombinedConfiguration,java.util.concurrent.CountDownLatch]",config,1
/home/sandro/workspace/sandro/MLCQCodeSmellSamples/scripts/../dataset/commons-configuration_34357e075d63c3634310878636f9498847badcab/src/test/java/org/apache/commons/configuration2/builder/combined/TestCombinedConfigurationBuilder.java,org.apache.commons.configuration2.builder.combined.TestCombinedConfigurationBuilder$ReadThread,verify/0,value,1
/home/sandro/workspace/sandro/MLCQCodeSmellSamples/scripts/../dataset/commons-configuration_34357e075d63c3634310878636f9498847badcab/src/main/java/org/apache/commons/configuration2/plist/XMLPropertyListConfiguration.java,org.apache.commons.configuration2.plist.XMLPropertyListConfiguration$ArrayNodeBuilder,addValue/1[java.lang.Object],list,1
/home/sandro/workspace/sandro/MLCQCodeSmellSamples/scripts/../dataset/commons-configuration_34357e075d63c3634310878636f9498847badcab/src/main/java/org/apache/commons/configuration2/plist/XMLPropertyListConfiguration.java,org.apache.commons.configuration2.plist.XMLPropertyListConfiguration$ArrayNodeBuilder,getNodeValue/0,list,1
/home/sandro/workspace/sandro/MLCQCodeSmellSamples/scripts/../dataset/commons-configuration_34357e075d63c3634310878636f9498847badcab/src/main/java/org/apache/commons/configuration2/convert/PropertyConverter.java,org.apache.commons.configuration2.convert.PropertyConverter,toColor/1[java.lang.Object],HEX_RADIX,2
/home/sandro/workspace/sandro/MLCQCodeSmellSamples/scripts/../dataset/commons-configuration_34357e075d63c3634310878636f9498847badcab/src/main/java/org/apache/commons/configuration2/convert/PropertyConverter.java,org.apache.commons.configuration2.convert.PropertyConverter,"toNumber/2[java.lang.Object,java.lang.Class<?>]",BIN_RADIX,1
/home/sandro/workspace/sandro/MLCQCodeSmellSamples/scripts/../dataset/commons-configuration_34357e075d63c3634310878636f9498847badcab/src/main/java/org/apache/commons/configuration2/convert/PropertyConverter.java,org.apache.commons.configuration2.convert.PropertyConverter,"toNumber/2[java.lang.Object,java.lang.Class<?>]",HEX_RADIX,1
/home/sandro/workspace/sandro/MLCQCodeSmellSamples/scripts/../dataset/commons-configuration_34357e075d63c3634310878636f9498847badcab/src/main/java/org/apache/commons/configuration2/convert/PropertyConverter.java,org.apache.commons.configuration2.convert.PropertyConverter,"toNumber/2[java.lang.Object,java.lang.Class<?>]",BIN_PREFIX,2
/home/sandro/workspace/sandro/MLCQCodeSmellSamples/scripts/../dataset/commons-configuration_34357e075d63c3634310878636f9498847badcab/src/main/java/org/apache/commons/configuration2/convert/PropertyConverter.java,org.apache.commons.configuration2.convert.PropertyConverter,"toNumber/2[java.lang.Object,java.lang.Class<?>]",HEX_PREFIX,2
/home/sandro/workspace/sandro/MLCQCodeSmellSamples/scripts/../dataset/commons-configuration_34357e075d63c3634310878636f9498847badcab/src/main/java/org/apache/commons/configuration2/convert/PropertyConverter.java,org.apache.commons.configuration2.convert.PropertyConverter,"toNumber/2[java.lang.Object,java.lang.Class<?>]",CONSTR_ARGS,1
/home/sandro/workspace/sandro/MLCQCodeSmellSamples/scripts/../dataset/commons-configuration_34357e075d63c3634310878636f9498847badcab/src/main/java/org/apache/commons/configuration2/convert/PropertyConverter.java,org.apache.commons.configuration2.convert.PropertyConverter,toInternetAddress/1[java.lang.Object],INTERNET_ADDRESS_CLASSNAME,2
/home/sandro/workspace/sandro/MLCQCodeSmellSamples/scripts/../dataset/commons-configuration_34357e075d63c3634310878636f9498847badcab/src/main/java/org/apache/commons/configuration2/convert/PropertyConverter.java,org.apache.commons.configuration2.convert.PropertyConverter,"to/3[java.lang.Class<?>,java.lang.Object,org.apache.commons.configuration2.convert.DefaultConversionHandler]",INTERNET_ADDRESS_CLASSNAME,1
/home/sandro/workspace/sandro/MLCQCodeSmellSamples/scripts/../dataset/commons-configuration_34357e075d63c3634310878636f9498847badcab/src/main/java/org/apache/commons/configuration2/io/FileUtils.java,org.apache.commons.configuration2.io.FileUtils,decodeUrl/1[java.lang.String],UTF8,1
/home/sandro/workspace/sandro/MLCQCodeSmellSamples/scripts/../dataset/commons-configuration_34357e075d63c3634310878636f9498847badcab/src/test/java/org/apache/commons/configuration2/DatabaseConfigurationTestHelper.java,org.apache.commons.configuration2.DatabaseConfigurationTestHelper,setUpMultiParameters/1[java.lang.String],COL_NAME,1
/home/sandro/workspace/sandro/MLCQCodeSmellSamples/scripts/../dataset/commons-configuration_34357e075d63c3634310878636f9498847badcab/src/test/java/org/apache/commons/configuration2/DatabaseConfigurationTestHelper.java,org.apache.commons.configuration2.DatabaseConfigurationTestHelper,setUpMultiParameters/1[java.lang.String],TABLE_MULTI,1
/home/sandro/workspace/sandro/MLCQCodeSmellSamples/scripts/../dataset/commons-configuration_34357e075d63c3634310878636f9498847badcab/src/test/java/org/apache/commons/configuration2/DatabaseConfigurationTestHelper.java,org.apache.commons.configuration2.DatabaseConfigurationTestHelper,setUpMultiParameters/1[java.lang.String],CONFIG_NAME,1
/home/sandro/workspace/sandro/MLCQCodeSmellSamples/scripts/../dataset/commons-configuration_34357e075d63c3634310878636f9498847badcab/src/test/java/org/apache/commons/configuration2/DatabaseConfigurationTestHelper.java,org.apache.commons.configuration2.DatabaseConfigurationTestHelper,getDatasource/0,datasource,3
/home/sandro/workspace/sandro/MLCQCodeSmellSamples/scripts/../dataset/commons-configuration_34357e075d63c3634310878636f9498847badcab/src/test/java/org/apache/commons/configuration2/DatabaseConfigurationTestHelper.java,org.apache.commons.configuration2.DatabaseConfigurationTestHelper,setUp/0,DATABASE_DRIVER,1
/home/sandro/workspace/sandro/MLCQCodeSmellSamples/scripts/../dataset/commons-configuration_34357e075d63c3634310878636f9498847badcab/src/test/java/org/apache/commons/configuration2/DatabaseConfigurationTestHelper.java,org.apache.commons.configuration2.DatabaseConfigurationTestHelper,setUp/0,DATABASE_URL,1
/home/sandro/workspace/sandro/MLCQCodeSmellSamples/scripts/../dataset/commons-configuration_34357e075d63c3634310878636f9498847badcab/src/test/java/org/apache/commons/configuration2/DatabaseConfigurationTestHelper.java,org.apache.commons.configuration2.DatabaseConfigurationTestHelper,setUp/0,hsqlDB,1
/home/sandro/workspace/sandro/MLCQCodeSmellSamples/scripts/../dataset/commons-configuration_34357e075d63c3634310878636f9498847badcab/src/test/java/org/apache/commons/configuration2/DatabaseConfigurationTestHelper.java,org.apache.commons.configuration2.DatabaseConfigurationTestHelper,isAutoCommit/0,autoCommit,1
/home/sandro/workspace/sandro/MLCQCodeSmellSamples/scripts/../dataset/commons-configuration_34357e075d63c3634310878636f9498847badcab/src/test/java/org/apache/commons/configuration2/DatabaseConfigurationTestHelper.java,org.apache.commons.configuration2.DatabaseConfigurationTestHelper,setUpDefaultParameters/0,TABLE,1
/home/sandro/workspace/sandro/MLCQCodeSmellSamples/scripts/../dataset/commons-configuration_34357e075d63c3634310878636f9498847badcab/src/test/java/org/apache/commons/configuration2/DatabaseConfigurationTestHelper.java,org.apache.commons.configuration2.DatabaseConfigurationTestHelper,setUpDefaultParameters/0,COL_VALUE,1
/home/sandro/workspace/sandro/MLCQCodeSmellSamples/scripts/../dataset/commons-configuration_34357e075d63c3634310878636f9498847badcab/src/test/java/org/apache/commons/configuration2/DatabaseConfigurationTestHelper.java,org.apache.commons.configuration2.DatabaseConfigurationTestHelper,setUpDefaultParameters/0,COL_KEY,1
/home/sandro/workspace/sandro/MLCQCodeSmellSamples/scripts/../dataset/commons-configuration_34357e075d63c3634310878636f9498847badcab/src/test/java/org/apache/commons/configuration2/DatabaseConfigurationTestHelper.java,org.apache.commons.configuration2.DatabaseConfigurationTestHelper,setAutoCommit/1[boolean],autoCommit,4
/home/sandro/workspace/sandro/MLCQCodeSmellSamples/scripts/../dataset/commons-configuration_34357e075d63c3634310878636f9498847badcab/src/test/java/org/apache/commons/configuration2/DatabaseConfigurationTestHelper.java,org.apache.commons.configuration2.DatabaseConfigurationTestHelper,tearDown/0,hsqlDB,1
/home/sandro/workspace/sandro/MLCQCodeSmellSamples/scripts/../dataset/commons-configuration_34357e075d63c3634310878636f9498847badcab/src/test/java/org/apache/commons/configuration2/DatabaseConfigurationTestHelper.java,org.apache.commons.configuration2.DatabaseConfigurationTestHelper,tearDown/0,datasource,2
/home/sandro/workspace/sandro/MLCQCodeSmellSamples/scripts/../dataset/commons-configuration_34357e075d63c3634310878636f9498847badcab/src/test/java/org/apache/commons/configuration2/DatabaseConfigurationTestHelper.java,org.apache.commons.configuration2.DatabaseConfigurationTestHelper,setUpDataSource/0,DATABASE_DRIVER,1
/home/sandro/workspace/sandro/MLCQCodeSmellSamples/scripts/../dataset/commons-configuration_34357e075d63c3634310878636f9498847badcab/src/test/java/org/apache/commons/configuration2/DatabaseConfigurationTestHelper.java,org.apache.commons.configuration2.DatabaseConfigurationTestHelper,setUpDataSource/0,DATABASE_URL,1
/home/sandro/workspace/sandro/MLCQCodeSmellSamples/scripts/../dataset/commons-configuration_34357e075d63c3634310878636f9498847badcab/src/test/java/org/apache/commons/configuration2/DatabaseConfigurationTestHelper.java,org.apache.commons.configuration2.DatabaseConfigurationTestHelper,setUpDataSource/0,DATABASE_USERNAME,1
/home/sandro/workspace/sandro/MLCQCodeSmellSamples/scripts/../dataset/commons-configuration_34357e075d63c3634310878636f9498847badcab/src/test/java/org/apache/commons/configuration2/DatabaseConfigurationTestHelper.java,org.apache.commons.configuration2.DatabaseConfigurationTestHelper,setUpDataSource/0,DATABASE_PASSWORD,1
/home/sandro/workspace/sandro/MLCQCodeSmellSamples/scripts/../dataset/commons-configuration_34357e075d63c3634310878636f9498847badcab/src/test/java/org/apache/commons/configuration2/builder/combined/TestCombinedConfigurationBuilder.java,org.apache.commons.configuration2.builder.combined.TestCombinedConfigurationBuilder$ConstantConfigurationBuilder,ConstantConfigurationBuilder/1[org.apache.commons.configuration2.BaseHierarchicalConfiguration],configuration,1
/home/sandro/workspace/sandro/MLCQCodeSmellSamples/scripts/../dataset/commons-configuration_34357e075d63c3634310878636f9498847badcab/src/test/java/org/apache/commons/configuration2/builder/combined/TestCombinedConfigurationBuilder.java,org.apache.commons.configuration2.builder.combined.TestCombinedConfigurationBuilder$ConstantConfigurationBuilder,getConfiguration/0,configuration,1
/home/sandro/workspace/sandro/MLCQCodeSmellSamples/scripts/../dataset/commons-configuration_34357e075d63c3634310878636f9498847badcab/src/main/java/org/apache/commons/configuration2/ConfigurationLookup.java,org.apache.commons.configuration2.ConfigurationLookup,getConfiguration/0,configuration,1
/home/sandro/workspace/sandro/MLCQCodeSmellSamples/scripts/../dataset/commons-configuration_34357e075d63c3634310878636f9498847badcab/src/main/java/org/apache/commons/configuration2/ConfigurationLookup.java,org.apache.commons.configuration2.ConfigurationLookup,ConfigurationLookup/1[org.apache.commons.configuration2.ImmutableConfiguration],configuration,1
/home/sandro/workspace/sandro/MLCQCodeSmellSamples/scripts/../dataset/commons-configuration_34357e075d63c3634310878636f9498847badcab/src/test/java/org/apache/commons/configuration2/BaseNonStringProperties.java,org.apache.commons.configuration2.BaseNonStringProperties,testLongArrayValue/0,conf,2
/home/sandro/workspace/sandro/MLCQCodeSmellSamples/scripts/../dataset/commons-configuration_34357e075d63c3634310878636f9498847badcab/src/test/java/org/apache/commons/configuration2/BaseNonStringProperties.java,org.apache.commons.configuration2.BaseNonStringProperties,testBooleanDefaultValue/0,nonStringTestHolder,1
/home/sandro/workspace/sandro/MLCQCodeSmellSamples/scripts/../dataset/commons-configuration_34357e075d63c3634310878636f9498847badcab/src/test/java/org/apache/commons/configuration2/BaseNonStringProperties.java,org.apache.commons.configuration2.BaseNonStringProperties,testDoubleDefaultValue/0,nonStringTestHolder,1
/home/sandro/workspace/sandro/MLCQCodeSmellSamples/scripts/../dataset/commons-configuration_34357e075d63c3634310878636f9498847badcab/src/test/java/org/apache/commons/configuration2/BaseNonStringProperties.java,org.apache.commons.configuration2.BaseNonStringProperties,testIntegerArrayValue/0,conf,2
/home/sandro/workspace/sandro/MLCQCodeSmellSamples/scripts/../dataset/commons-configuration_34357e075d63c3634310878636f9498847badcab/src/test/java/org/apache/commons/configuration2/BaseNonStringProperties.java,org.apache.commons.configuration2.BaseNonStringProperties,testListMissing/0,nonStringTestHolder,1
/home/sandro/workspace/sandro/MLCQCodeSmellSamples/scripts/../dataset/commons-configuration_34357e075d63c3634310878636f9498847badcab/src/test/java/org/apache/commons/configuration2/BaseNonStringProperties.java,org.apache.commons.configuration2.BaseNonStringProperties,testByte/0,nonStringTestHolder,1
/home/sandro/workspace/sandro/MLCQCodeSmellSamples/scripts/../dataset/commons-configuration_34357e075d63c3634310878636f9498847badcab/src/test/java/org/apache/commons/configuration2/BaseNonStringProperties.java,org.apache.commons.configuration2.BaseNonStringProperties,testByteArrayValue/0,conf,2
/home/sandro/workspace/sandro/MLCQCodeSmellSamples/scripts/../dataset/commons-configuration_34357e075d63c3634310878636f9498847badcab/src/test/java/org/apache/commons/configuration2/BaseNonStringProperties.java,org.apache.commons.configuration2.BaseNonStringProperties,testShortArrayValue/0,conf,2
/home/sandro/workspace/sandro/MLCQCodeSmellSamples/scripts/../dataset/commons-configuration_34357e075d63c3634310878636f9498847badcab/src/test/java/org/apache/commons/configuration2/BaseNonStringProperties.java,org.apache.commons.configuration2.BaseNonStringProperties,testBoolean/0,nonStringTestHolder,1
/home/sandro/workspace/sandro/MLCQCodeSmellSamples/scripts/../dataset/commons-configuration_34357e075d63c3634310878636f9498847badcab/src/test/java/org/apache/commons/configuration2/BaseNonStringProperties.java,org.apache.commons.configuration2.BaseNonStringProperties,testFloatArrayValue/0,conf,2
/home/sandro/workspace/sandro/MLCQCodeSmellSamples/scripts/../dataset/commons-configuration_34357e075d63c3634310878636f9498847badcab/src/test/java/org/apache/commons/configuration2/BaseNonStringProperties.java,org.apache.commons.configuration2.BaseNonStringProperties,testInteger/0,nonStringTestHolder,1
/home/sandro/workspace/sandro/MLCQCodeSmellSamples/scripts/../dataset/commons-configuration_34357e075d63c3634310878636f9498847badcab/src/test/java/org/apache/commons/configuration2/BaseNonStringProperties.java,org.apache.commons.configuration2.BaseNonStringProperties,testSubset/0,nonStringTestHolder,1
/home/sandro/workspace/sandro/MLCQCodeSmellSamples/scripts/../dataset/commons-configuration_34357e075d63c3634310878636f9498847badcab/src/test/java/org/apache/commons/configuration2/BaseNonStringProperties.java,org.apache.commons.configuration2.BaseNonStringProperties,testIsEmpty/0,nonStringTestHolder,1
/home/sandro/workspace/sandro/MLCQCodeSmellSamples/scripts/../dataset/commons-configuration_34357e075d63c3634310878636f9498847badcab/src/test/java/org/apache/commons/configuration2/BaseNonStringProperties.java,org.apache.commons.configuration2.BaseNonStringProperties,testFloat/0,nonStringTestHolder,1
/home/sandro/workspace/sandro/MLCQCodeSmellSamples/scripts/../dataset/commons-configuration_34357e075d63c3634310878636f9498847badcab/src/test/java/org/apache/commons/configuration2/BaseNonStringProperties.java,org.apache.commons.configuration2.BaseNonStringProperties,testFloatDefaultValue/0,nonStringTestHolder,1
/home/sandro/workspace/sandro/MLCQCodeSmellSamples/scripts/../dataset/commons-configuration_34357e075d63c3634310878636f9498847badcab/src/test/java/org/apache/commons/configuration2/BaseNonStringProperties.java,org.apache.commons.configuration2.BaseNonStringProperties,testIntegerDefaultValue/0,nonStringTestHolder,1
/home/sandro/workspace/sandro/MLCQCodeSmellSamples/scripts/../dataset/commons-configuration_34357e075d63c3634310878636f9498847badcab/src/test/java/org/apache/commons/configuration2/BaseNonStringProperties.java,org.apache.commons.configuration2.BaseNonStringProperties,testLongDefaultValue/0,nonStringTestHolder,1
/home/sandro/workspace/sandro/MLCQCodeSmellSamples/scripts/../dataset/commons-configuration_34357e075d63c3634310878636f9498847badcab/src/test/java/org/apache/commons/configuration2/BaseNonStringProperties.java,org.apache.commons.configuration2.BaseNonStringProperties,testDouble/0,nonStringTestHolder,1
/home/sandro/workspace/sandro/MLCQCodeSmellSamples/scripts/../dataset/commons-configuration_34357e075d63c3634310878636f9498847badcab/src/test/java/org/apache/commons/configuration2/BaseNonStringProperties.java,org.apache.commons.configuration2.BaseNonStringProperties,testLong/0,nonStringTestHolder,1
/home/sandro/workspace/sandro/MLCQCodeSmellSamples/scripts/../dataset/commons-configuration_34357e075d63c3634310878636f9498847badcab/src/test/java/org/apache/commons/configuration2/BaseNonStringProperties.java,org.apache.commons.configuration2.BaseNonStringProperties,testShort/0,nonStringTestHolder,1
/home/sandro/workspace/sandro/MLCQCodeSmellSamples/scripts/../dataset/commons-configuration_34357e075d63c3634310878636f9498847badcab/src/test/java/org/apache/commons/configuration2/BaseNonStringProperties.java,org.apache.commons.configuration2.BaseNonStringProperties,testShortDefaultValue/0,nonStringTestHolder,1
/home/sandro/workspace/sandro/MLCQCodeSmellSamples/scripts/../dataset/commons-configuration_34357e075d63c3634310878636f9498847badcab/src/test/java/org/apache/commons/configuration2/BaseNonStringProperties.java,org.apache.commons.configuration2.BaseNonStringProperties,testBooleanArrayValue/0,conf,2
/home/sandro/workspace/sandro/MLCQCodeSmellSamples/scripts/../dataset/commons-configuration_34357e075d63c3634310878636f9498847badcab/src/test/java/org/apache/commons/configuration2/BaseNonStringProperties.java,org.apache.commons.configuration2.BaseNonStringProperties,testDoubleArrayValue/0,conf,2
/home/sandro/workspace/sandro/MLCQCodeSmellSamples/scripts/../dataset/commons-configuration_34357e075d63c3634310878636f9498847badcab/src/test/java/org/apache/commons/configuration2/builder/combined/TestReloadingMultiFileConfigurationBuilder.java,org.apache.commons.configuration2.builder.combined.TestReloadingMultiFileConfigurationBuilder$ReloadingMultiFileConfigurationBuilderTestImpl,ReloadingMultiFileConfigurationBuilderTestImpl/0,reloadingControllers,1
/home/sandro/workspace/sandro/MLCQCodeSmellSamples/scripts/../dataset/commons-configuration_34357e075d63c3634310878636f9498847badcab/src/test/java/org/apache/commons/configuration2/builder/combined/TestReloadingMultiFileConfigurationBuilder.java,org.apache.commons.configuration2.builder.combined.TestReloadingMultiFileConfigurationBuilder$ReloadingMultiFileConfigurationBuilderTestImpl,getReloadingControllers/0,reloadingControllers,1
/home/sandro/workspace/sandro/MLCQCodeSmellSamples/scripts/../dataset/commons-configuration_34357e075d63c3634310878636f9498847badcab/src/test/java/org/apache/commons/configuration2/builder/combined/TestReloadingMultiFileConfigurationBuilder.java,org.apache.commons.configuration2.builder.combined.TestReloadingMultiFileConfigurationBuilder$ReloadingMultiFileConfigurationBuilderTestImpl,"createManagedBuilder/2[java.lang.String,java.util.Map<java.lang.String,java.lang.Object>]",reloadingControllers,1
/home/sandro/workspace/sandro/MLCQCodeSmellSamples/scripts/../dataset/commons-configuration_34357e075d63c3634310878636f9498847badcab/src/test/java/org/apache/commons/configuration2/builder/TestPropertiesBuilderParametersImpl.java,org.apache.commons.configuration2.builder.TestPropertiesBuilderParametersImpl,setUp/0,params,1
/home/sandro/workspace/sandro/MLCQCodeSmellSamples/scripts/../dataset/commons-configuration_34357e075d63c3634310878636f9498847badcab/src/test/java/org/apache/commons/configuration2/builder/TestPropertiesBuilderParametersImpl.java,org.apache.commons.configuration2.builder.TestPropertiesBuilderParametersImpl,testSetIOFactory/0,params,3
/home/sandro/workspace/sandro/MLCQCodeSmellSamples/scripts/../dataset/commons-configuration_34357e075d63c3634310878636f9498847badcab/src/test/java/org/apache/commons/configuration2/builder/TestPropertiesBuilderParametersImpl.java,org.apache.commons.configuration2.builder.TestPropertiesBuilderParametersImpl,testBeanPropertiesAccess/0,params,6
/home/sandro/workspace/sandro/MLCQCodeSmellSamples/scripts/../dataset/commons-configuration_34357e075d63c3634310878636f9498847badcab/src/test/java/org/apache/commons/configuration2/builder/TestPropertiesBuilderParametersImpl.java,org.apache.commons.configuration2.builder.TestPropertiesBuilderParametersImpl,testSetIncludesAllowed/0,params,3
/home/sandro/workspace/sandro/MLCQCodeSmellSamples/scripts/../dataset/commons-configuration_34357e075d63c3634310878636f9498847badcab/src/test/java/org/apache/commons/configuration2/builder/TestPropertiesBuilderParametersImpl.java,org.apache.commons.configuration2.builder.TestPropertiesBuilderParametersImpl,testInheritFrom/0,params,3
/home/sandro/workspace/sandro/MLCQCodeSmellSamples/scripts/../dataset/commons-configuration_34357e075d63c3634310878636f9498847badcab/src/test/java/org/apache/commons/configuration2/builder/TestPropertiesBuilderParametersImpl.java,org.apache.commons.configuration2.builder.TestPropertiesBuilderParametersImpl,testSetIOFactoryProperty/0,params,1
/home/sandro/workspace/sandro/MLCQCodeSmellSamples/scripts/../dataset/commons-configuration_34357e075d63c3634310878636f9498847badcab/src/test/java/org/apache/commons/configuration2/builder/TestPropertiesBuilderParametersImpl.java,org.apache.commons.configuration2.builder.TestPropertiesBuilderParametersImpl,testSetLayout/0,params,3
/home/sandro/workspace/sandro/MLCQCodeSmellSamples/scripts/../dataset/commons-configuration_34357e075d63c3634310878636f9498847badcab/src/main/java/org/apache/commons/configuration2/tree/xpath/XPathExpressionEngine.java,org.apache.commons.configuration2.tree.xpath.XPathExpressionEngine,"canonicalKey/3[T,java.lang.String,org.apache.commons.configuration2.tree.NodeHandler<T>]",END_INDEX,1
/home/sandro/workspace/sandro/MLCQCodeSmellSamples/scripts/../dataset/commons-configuration_34357e075d63c3634310878636f9498847badcab/src/main/java/org/apache/commons/configuration2/tree/xpath/XPathExpressionEngine.java,org.apache.commons.configuration2.tree.xpath.XPathExpressionEngine,"canonicalKey/3[T,java.lang.String,org.apache.commons.configuration2.tree.NodeHandler<T>]",START_INDEX,1
/home/sandro/workspace/sandro/MLCQCodeSmellSamples/scripts/../dataset/commons-configuration_34357e075d63c3634310878636f9498847badcab/src/main/java/org/apache/commons/configuration2/tree/xpath/XPathExpressionEngine.java,org.apache.commons.configuration2.tree.xpath.XPathExpressionEngine,"canonicalKey/3[T,java.lang.String,org.apache.commons.configuration2.tree.NodeHandler<T>]",PATH_DELIMITER,1
/home/sandro/workspace/sandro/MLCQCodeSmellSamples/scripts/../dataset/commons-configuration_34357e075d63c3634310878636f9498847badcab/src/main/java/org/apache/commons/configuration2/tree/xpath/XPathExpressionEngine.java,org.apache.commons.configuration2.tree.xpath.XPathExpressionEngine,"canonicalKey/3[T,java.lang.String,org.apache.commons.configuration2.tree.NodeHandler<T>]",BUF_SIZE,1
/home/sandro/workspace/sandro/MLCQCodeSmellSamples/scripts/../dataset/commons-configuration_34357e075d63c3634310878636f9498847badcab/src/main/java/org/apache/commons/configuration2/tree/xpath/XPathExpressionEngine.java,org.apache.commons.configuration2.tree.xpath.XPathExpressionEngine,"generateKeyForAdd/3[T,java.lang.String,org.apache.commons.configuration2.tree.NodeHandler<T>]",SPACE,2
/home/sandro/workspace/sandro/MLCQCodeSmellSamples/scripts/../dataset/commons-configuration_34357e075d63c3634310878636f9498847badcab/src/main/java/org/apache/commons/configuration2/tree/xpath/XPathExpressionEngine.java,org.apache.commons.configuration2.tree.xpath.XPathExpressionEngine,"generateKeyForAdd/3[T,java.lang.String,org.apache.commons.configuration2.tree.NodeHandler<T>]",PATH_DELIMITER,2
/home/sandro/workspace/sandro/MLCQCodeSmellSamples/scripts/../dataset/commons-configuration_34357e075d63c3634310878636f9498847badcab/src/main/java/org/apache/commons/configuration2/tree/xpath/XPathExpressionEngine.java,org.apache.commons.configuration2.tree.xpath.XPathExpressionEngine,getContextFactory/0,contextFactory,1
/home/sandro/workspace/sandro/MLCQCodeSmellSamples/scripts/../dataset/commons-configuration_34357e075d63c3634310878636f9498847badcab/src/main/java/org/apache/commons/configuration2/tree/xpath/XPathExpressionEngine.java,org.apache.commons.configuration2.tree.xpath.XPathExpressionEngine,"createNodeAddData/2[java.lang.String,org.apache.commons.configuration2.tree.QueryResult<T>]",PATH_DELIMITER,1
/home/sandro/workspace/sandro/MLCQCodeSmellSamples/scripts/../dataset/commons-configuration_34357e075d63c3634310878636f9498847badcab/src/main/java/org/apache/commons/configuration2/tree/xpath/XPathExpressionEngine.java,org.apache.commons.configuration2.tree.xpath.XPathExpressionEngine,"createNodeAddData/2[java.lang.String,org.apache.commons.configuration2.tree.QueryResult<T>]",ATTR_DELIMITER,1
/home/sandro/workspace/sandro/MLCQCodeSmellSamples/scripts/../dataset/commons-configuration_34357e075d63c3634310878636f9498847badcab/src/main/java/org/apache/commons/configuration2/tree/xpath/XPathExpressionEngine.java,org.apache.commons.configuration2.tree.xpath.XPathExpressionEngine,"createNodeAddData/2[java.lang.String,org.apache.commons.configuration2.tree.QueryResult<T>]",NODE_PATH_DELIMITERS,1
/home/sandro/workspace/sandro/MLCQCodeSmellSamples/scripts/../dataset/commons-configuration_34357e075d63c3634310878636f9498847badcab/src/main/java/org/apache/commons/configuration2/tree/xpath/XPathExpressionEngine.java,org.apache.commons.configuration2.tree.xpath.XPathExpressionEngine,XPathExpressionEngine/1[org.apache.commons.configuration2.tree.xpath.XPathContextFactory],contextFactory,1
/home/sandro/workspace/sandro/MLCQCodeSmellSamples/scripts/../dataset/commons-configuration_34357e075d63c3634310878636f9498847badcab/src/main/java/org/apache/commons/configuration2/tree/xpath/XPathExpressionEngine.java,org.apache.commons.configuration2.tree.xpath.XPathExpressionEngine,"attributeKey/2[java.lang.String,java.lang.String]",PATH_DELIMITER,2
/home/sandro/workspace/sandro/MLCQCodeSmellSamples/scripts/../dataset/commons-configuration_34357e075d63c3634310878636f9498847badcab/src/main/java/org/apache/commons/configuration2/tree/xpath/XPathExpressionEngine.java,org.apache.commons.configuration2.tree.xpath.XPathExpressionEngine,"attributeKey/2[java.lang.String,java.lang.String]",ATTR_DELIMITER,2
/home/sandro/workspace/sandro/MLCQCodeSmellSamples/scripts/../dataset/commons-configuration_34357e075d63c3634310878636f9498847badcab/src/main/java/org/apache/commons/configuration2/tree/xpath/XPathExpressionEngine.java,org.apache.commons.configuration2.tree.xpath.XPathExpressionEngine,"nodeKey/3[T,java.lang.String,org.apache.commons.configuration2.tree.NodeHandler<T>]",PATH_DELIMITER,2
/home/sandro/workspace/sandro/MLCQCodeSmellSamples/scripts/../dataset/commons-configuration_34357e075d63c3634310878636f9498847badcab/src/test/java/org/apache/commons/configuration2/convert/TestDefaultConversionHandler.java,org.apache.commons.configuration2.convert.TestDefaultConversionHandler,testToWithInterpolator/0,handler,1
/home/sandro/workspace/sandro/MLCQCodeSmellSamples/scripts/../dataset/commons-configuration_34357e075d63c3634310878636f9498847badcab/src/test/java/org/apache/commons/configuration2/convert/TestDefaultConversionHandler.java,org.apache.commons.configuration2.convert.TestDefaultConversionHandler,testToWithInterpolator/0,VAR,1
/home/sandro/workspace/sandro/MLCQCodeSmellSamples/scripts/../dataset/commons-configuration_34357e075d63c3634310878636f9498847badcab/src/test/java/org/apache/commons/configuration2/convert/TestDefaultConversionHandler.java,org.apache.commons.configuration2.convert.TestDefaultConversionHandler,checkSingleValue/1[java.lang.Integer],REPLACEMENT,1
/home/sandro/workspace/sandro/MLCQCodeSmellSamples/scripts/../dataset/commons-configuration_34357e075d63c3634310878636f9498847badcab/src/test/java/org/apache/commons/configuration2/convert/TestDefaultConversionHandler.java,org.apache.commons.configuration2.convert.TestDefaultConversionHandler,testToFromArray/0,handler,1
/home/sandro/workspace/sandro/MLCQCodeSmellSamples/scripts/../dataset/commons-configuration_34357e075d63c3634310878636f9498847badcab/src/test/java/org/apache/commons/configuration2/convert/TestDefaultConversionHandler.java,org.apache.commons.configuration2.convert.TestDefaultConversionHandler,testToFromArray/0,VAR,1
/home/sandro/workspace/sandro/MLCQCodeSmellSamples/scripts/../dataset/commons-configuration_34357e075d63c3634310878636f9498847badcab/src/test/java/org/apache/commons/configuration2/convert/TestDefaultConversionHandler.java,org.apache.commons.configuration2.convert.TestDefaultConversionHandler,testToArrayPrimitiveSameType/0,handler,1
/home/sandro/workspace/sandro/MLCQCodeSmellSamples/scripts/../dataset/commons-configuration_34357e075d63c3634310878636f9498847badcab/src/test/java/org/apache/commons/configuration2/convert/TestDefaultConversionHandler.java,org.apache.commons.configuration2.convert.TestDefaultConversionHandler,testToArrayPrimitiveWrapperType/0,handler,1
/home/sandro/workspace/sandro/MLCQCodeSmellSamples/scripts/../dataset/commons-configuration_34357e075d63c3634310878636f9498847badcab/src/test/java/org/apache/commons/configuration2/convert/TestDefaultConversionHandler.java,org.apache.commons.configuration2.convert.TestDefaultConversionHandler,testToFromEmptyCollection/0,handler,1
/home/sandro/workspace/sandro/MLCQCodeSmellSamples/scripts/../dataset/commons-configuration_34357e075d63c3634310878636f9498847badcab/src/test/java/org/apache/commons/configuration2/convert/TestDefaultConversionHandler.java,org.apache.commons.configuration2.convert.TestDefaultConversionHandler,testToArrayNullInput/0,handler,1
/home/sandro/workspace/sandro/MLCQCodeSmellSamples/scripts/../dataset/commons-configuration_34357e075d63c3634310878636f9498847badcab/src/test/java/org/apache/commons/configuration2/convert/TestDefaultConversionHandler.java,org.apache.commons.configuration2.convert.TestDefaultConversionHandler,testToFailedConversion/0,handler,1
/home/sandro/workspace/sandro/MLCQCodeSmellSamples/scripts/../dataset/commons-configuration_34357e075d63c3634310878636f9498847badcab/src/test/java/org/apache/commons/configuration2/convert/TestDefaultConversionHandler.java,org.apache.commons.configuration2.convert.TestDefaultConversionHandler,testToFailedConversion/0,VAR,1
/home/sandro/workspace/sandro/MLCQCodeSmellSamples/scripts/../dataset/commons-configuration_34357e075d63c3634310878636f9498847badcab/src/test/java/org/apache/commons/configuration2/convert/TestDefaultConversionHandler.java,org.apache.commons.configuration2.convert.TestDefaultConversionHandler,testGetDateFormatNotSet/0,handler,1
/home/sandro/workspace/sandro/MLCQCodeSmellSamples/scripts/../dataset/commons-configuration_34357e075d63c3634310878636f9498847badcab/src/test/java/org/apache/commons/configuration2/convert/TestDefaultConversionHandler.java,org.apache.commons.configuration2.convert.TestDefaultConversionHandler,testToNull/0,handler,1
/home/sandro/workspace/sandro/MLCQCodeSmellSamples/scripts/../dataset/commons-configuration_34357e075d63c3634310878636f9498847badcab/src/test/java/org/apache/commons/configuration2/convert/TestDefaultConversionHandler.java,org.apache.commons.configuration2.convert.TestDefaultConversionHandler,testToDateWithFormat/0,handler,2
/home/sandro/workspace/sandro/MLCQCodeSmellSamples/scripts/../dataset/commons-configuration_34357e075d63c3634310878636f9498847badcab/src/test/java/org/apache/commons/configuration2/convert/TestDefaultConversionHandler.java,org.apache.commons.configuration2.convert.TestDefaultConversionHandler,testSetDateFormat/0,handler,2
/home/sandro/workspace/sandro/MLCQCodeSmellSamples/scripts/../dataset/commons-configuration_34357e075d63c3634310878636f9498847badcab/src/test/java/org/apache/commons/configuration2/convert/TestDefaultConversionHandler.java,org.apache.commons.configuration2.convert.TestDefaultConversionHandler,testToArrayObject/0,REPLACEMENT,1
/home/sandro/workspace/sandro/MLCQCodeSmellSamples/scripts/../dataset/commons-configuration_34357e075d63c3634310878636f9498847badcab/src/test/java/org/apache/commons/configuration2/convert/TestDefaultConversionHandler.java,org.apache.commons.configuration2.convert.TestDefaultConversionHandler,testToArrayObject/0,handler,1
/home/sandro/workspace/sandro/MLCQCodeSmellSamples/scripts/../dataset/commons-configuration_34357e075d63c3634310878636f9498847badcab/src/test/java/org/apache/commons/configuration2/convert/TestDefaultConversionHandler.java,org.apache.commons.configuration2.convert.TestDefaultConversionHandler,testToArrayObject/0,VAR,1
/home/sandro/workspace/sandro/MLCQCodeSmellSamples/scripts/../dataset/commons-configuration_34357e075d63c3634310878636f9498847badcab/src/test/java/org/apache/commons/configuration2/convert/TestDefaultConversionHandler.java,org.apache.commons.configuration2.convert.TestDefaultConversionHandler,testToArrayEmptyString/0,handler,1
/home/sandro/workspace/sandro/MLCQCodeSmellSamples/scripts/../dataset/commons-configuration_34357e075d63c3634310878636f9498847badcab/src/test/java/org/apache/commons/configuration2/convert/TestDefaultConversionHandler.java,org.apache.commons.configuration2.convert.TestDefaultConversionHandler,testToCollectionNullCollection/0,handler,1
/home/sandro/workspace/sandro/MLCQCodeSmellSamples/scripts/../dataset/commons-configuration_34357e075d63c3634310878636f9498847badcab/src/test/java/org/apache/commons/configuration2/convert/TestDefaultConversionHandler.java,org.apache.commons.configuration2.convert.TestDefaultConversionHandler,testToFromCollection/0,handler,1
/home/sandro/workspace/sandro/MLCQCodeSmellSamples/scripts/../dataset/commons-configuration_34357e075d63c3634310878636f9498847badcab/src/test/java/org/apache/commons/configuration2/convert/TestDefaultConversionHandler.java,org.apache.commons.configuration2.convert.TestDefaultConversionHandler,testToFromCollection/0,VAR,1
/home/sandro/workspace/sandro/MLCQCodeSmellSamples/scripts/../dataset/commons-configuration_34357e075d63c3634310878636f9498847badcab/src/test/java/org/apache/commons/configuration2/convert/TestDefaultConversionHandler.java,org.apache.commons.configuration2.convert.TestDefaultConversionHandler,testToArrayPrimitiveOtherType/0,REPLACEMENT,1
/home/sandro/workspace/sandro/MLCQCodeSmellSamples/scripts/../dataset/commons-configuration_34357e075d63c3634310878636f9498847badcab/src/test/java/org/apache/commons/configuration2/convert/TestDefaultConversionHandler.java,org.apache.commons.configuration2.convert.TestDefaultConversionHandler,testToArrayPrimitiveOtherType/0,handler,1
/home/sandro/workspace/sandro/MLCQCodeSmellSamples/scripts/../dataset/commons-configuration_34357e075d63c3634310878636f9498847badcab/src/test/java/org/apache/commons/configuration2/convert/TestDefaultConversionHandler.java,org.apache.commons.configuration2.convert.TestDefaultConversionHandler,testToArrayPrimitiveOtherType/0,VAR,1
/home/sandro/workspace/sandro/MLCQCodeSmellSamples/scripts/../dataset/commons-configuration_34357e075d63c3634310878636f9498847badcab/src/test/java/org/apache/commons/configuration2/convert/TestDefaultConversionHandler.java,org.apache.commons.configuration2.convert.TestDefaultConversionHandler,setUp/0,handler,1
/home/sandro/workspace/sandro/MLCQCodeSmellSamples/scripts/../dataset/commons-configuration_34357e075d63c3634310878636f9498847badcab/src/test/java/org/apache/commons/configuration2/convert/TestDefaultConversionHandler.java,org.apache.commons.configuration2.convert.TestDefaultConversionHandler,testToCollectionNullInput/0,handler,1
/home/sandro/workspace/sandro/MLCQCodeSmellSamples/scripts/../dataset/commons-configuration_34357e075d63c3634310878636f9498847badcab/src/test/java/org/apache/commons/configuration2/convert/TestDefaultConversionHandler.java,org.apache.commons.configuration2.convert.TestDefaultConversionHandler,testToCollectionSuccess/0,REPLACEMENT,1
/home/sandro/workspace/sandro/MLCQCodeSmellSamples/scripts/../dataset/commons-configuration_34357e075d63c3634310878636f9498847badcab/src/test/java/org/apache/commons/configuration2/convert/TestDefaultConversionHandler.java,org.apache.commons.configuration2.convert.TestDefaultConversionHandler,testToCollectionSuccess/0,handler,1
/home/sandro/workspace/sandro/MLCQCodeSmellSamples/scripts/../dataset/commons-configuration_34357e075d63c3634310878636f9498847badcab/src/test/java/org/apache/commons/configuration2/convert/TestDefaultConversionHandler.java,org.apache.commons.configuration2.convert.TestDefaultConversionHandler,testToCollectionSuccess/0,VAR,1
/home/sandro/workspace/sandro/MLCQCodeSmellSamples/scripts/../dataset/commons-configuration_34357e075d63c3634310878636f9498847badcab/src/test/java/org/apache/commons/configuration2/convert/TestDefaultConversionHandler.java,org.apache.commons.configuration2.convert.TestDefaultConversionHandler,testToCollectionEmptyString/0,handler,1
/home/sandro/workspace/sandro/MLCQCodeSmellSamples/scripts/../dataset/commons-configuration_34357e075d63c3634310878636f9498847badcab/src/test/java/org/apache/commons/configuration2/convert/TestDefaultConversionHandler.java,org.apache.commons.configuration2.convert.TestDefaultConversionHandler,testToFromIterator/0,handler,1
/home/sandro/workspace/sandro/MLCQCodeSmellSamples/scripts/../dataset/commons-configuration_34357e075d63c3634310878636f9498847badcab/src/test/java/org/apache/commons/configuration2/convert/TestDefaultConversionHandler.java,org.apache.commons.configuration2.convert.TestDefaultConversionHandler,testToFromIterator/0,VAR,1
/home/sandro/workspace/sandro/MLCQCodeSmellSamples/scripts/../dataset/commons-configuration_34357e075d63c3634310878636f9498847badcab/src/test/java/org/apache/commons/configuration2/convert/TestDefaultConversionHandler.java,org.apache.commons.configuration2.convert.TestDefaultConversionHandler,testToPrimitive/0,handler,1
/home/sandro/workspace/sandro/MLCQCodeSmellSamples/scripts/../dataset/commons-configuration_34357e075d63c3634310878636f9498847badcab/src/test/java/org/apache/commons/configuration2/convert/TestDefaultConversionHandler.java,org.apache.commons.configuration2.convert.TestDefaultConversionHandler,testToCalendarWithDefaultFormat/0,handler,1
/home/sandro/workspace/sandro/MLCQCodeSmellSamples/scripts/../dataset/commons-configuration_34357e075d63c3634310878636f9498847badcab/src/test/java/org/apache/commons/configuration2/convert/TestDefaultConversionHandler.java,org.apache.commons.configuration2.convert.TestDefaultConversionHandler,testToNoInterpolator/0,REPLACEMENT,1
/home/sandro/workspace/sandro/MLCQCodeSmellSamples/scripts/../dataset/commons-configuration_34357e075d63c3634310878636f9498847badcab/src/test/java/org/apache/commons/configuration2/convert/TestDefaultConversionHandler.java,org.apache.commons.configuration2.convert.TestDefaultConversionHandler,testToNoInterpolator/0,handler,1
/home/sandro/workspace/sandro/MLCQCodeSmellSamples/scripts/../dataset/commons-configuration_34357e075d63c3634310878636f9498847badcab/src/test/java/org/apache/commons/configuration2/TestCombinedConfiguration.java,org.apache.commons.configuration2.TestCombinedConfiguration$WriteThread,run/0,numberOfWrites,1
/home/sandro/workspace/sandro/MLCQCodeSmellSamples/scripts/../dataset/commons-configuration_34357e075d63c3634310878636f9498847badcab/src/test/java/org/apache/commons/configuration2/TestCombinedConfiguration.java,org.apache.commons.configuration2.TestCombinedConfiguration$WriteThread,run/0,startLatch,1
/home/sandro/workspace/sandro/MLCQCodeSmellSamples/scripts/../dataset/commons-configuration_34357e075d63c3634310878636f9498847badcab/src/test/java/org/apache/commons/configuration2/TestCombinedConfiguration.java,org.apache.commons.configuration2.TestCombinedConfiguration$WriteThread,run/0,errorCount,1
/home/sandro/workspace/sandro/MLCQCodeSmellSamples/scripts/../dataset/commons-configuration_34357e075d63c3634310878636f9498847badcab/src/test/java/org/apache/commons/configuration2/TestCombinedConfiguration.java,org.apache.commons.configuration2.TestCombinedConfiguration$WriteThread,"WriteThread/4[org.apache.commons.configuration2.CombinedConfiguration,java.util.concurrent.CountDownLatch,java.util.concurrent.atomic.AtomicInteger,int]",numberOfWrites,1
/home/sandro/workspace/sandro/MLCQCodeSmellSamples/scripts/../dataset/commons-configuration_34357e075d63c3634310878636f9498847badcab/src/test/java/org/apache/commons/configuration2/TestCombinedConfiguration.java,org.apache.commons.configuration2.TestCombinedConfiguration$WriteThread,"WriteThread/4[org.apache.commons.configuration2.CombinedConfiguration,java.util.concurrent.CountDownLatch,java.util.concurrent.atomic.AtomicInteger,int]",testConfigs,1
/home/sandro/workspace/sandro/MLCQCodeSmellSamples/scripts/../dataset/commons-configuration_34357e075d63c3634310878636f9498847badcab/src/test/java/org/apache/commons/configuration2/TestCombinedConfiguration.java,org.apache.commons.configuration2.TestCombinedConfiguration$WriteThread,"WriteThread/4[org.apache.commons.configuration2.CombinedConfiguration,java.util.concurrent.CountDownLatch,java.util.concurrent.atomic.AtomicInteger,int]",startLatch,1
/home/sandro/workspace/sandro/MLCQCodeSmellSamples/scripts/../dataset/commons-configuration_34357e075d63c3634310878636f9498847badcab/src/test/java/org/apache/commons/configuration2/TestCombinedConfiguration.java,org.apache.commons.configuration2.TestCombinedConfiguration$WriteThread,"WriteThread/4[org.apache.commons.configuration2.CombinedConfiguration,java.util.concurrent.CountDownLatch,java.util.concurrent.atomic.AtomicInteger,int]",errorCount,1
/home/sandro/workspace/sandro/MLCQCodeSmellSamples/scripts/../dataset/commons-configuration_34357e075d63c3634310878636f9498847badcab/src/test/java/org/apache/commons/configuration2/TestCombinedConfiguration.java,org.apache.commons.configuration2.TestCombinedConfiguration$WriteThread,updateConfigurations/0,testConfigs,3
/home/sandro/workspace/sandro/MLCQCodeSmellSamples/scripts/../dataset/commons-configuration_34357e075d63c3634310878636f9498847badcab/src/test/java/org/apache/commons/configuration2/TestCombinedConfiguration.java,org.apache.commons.configuration2.TestCombinedConfiguration$WriteThread,updateConfigurations/0,currentChildConfigIdx,3
/home/sandro/workspace/sandro/MLCQCodeSmellSamples/scripts/../dataset/commons-configuration_34357e075d63c3634310878636f9498847badcab/src/test/java/org/apache/commons/configuration2/TestBaseHierarchicalConfigurationSynchronization.java,org.apache.commons.configuration2.TestBaseHierarchicalConfigurationSynchronization,testSubnodeUpdate/0,config,3
/home/sandro/workspace/sandro/MLCQCodeSmellSamples/scripts/../dataset/commons-configuration_34357e075d63c3634310878636f9498847badcab/src/test/java/org/apache/commons/configuration2/TestBaseHierarchicalConfigurationSynchronization.java,org.apache.commons.configuration2.TestBaseHierarchicalConfigurationSynchronization,testCloneSynchronized/0,config,2
/home/sandro/workspace/sandro/MLCQCodeSmellSamples/scripts/../dataset/commons-configuration_34357e075d63c3634310878636f9498847badcab/src/test/java/org/apache/commons/configuration2/TestBaseHierarchicalConfigurationSynchronization.java,org.apache.commons.configuration2.TestBaseHierarchicalConfigurationSynchronization,testCloneSynchronized/0,sync,1
/home/sandro/workspace/sandro/MLCQCodeSmellSamples/scripts/../dataset/commons-configuration_34357e075d63c3634310878636f9498847badcab/src/test/java/org/apache/commons/configuration2/TestBaseHierarchicalConfigurationSynchronization.java,org.apache.commons.configuration2.TestBaseHierarchicalConfigurationSynchronization,testChildConfigurationsAtSynchronized/0,config,1
/home/sandro/workspace/sandro/MLCQCodeSmellSamples/scripts/../dataset/commons-configuration_34357e075d63c3634310878636f9498847badcab/src/test/java/org/apache/commons/configuration2/TestBaseHierarchicalConfigurationSynchronization.java,org.apache.commons.configuration2.TestBaseHierarchicalConfigurationSynchronization,testChildConfigurationsAtSynchronized/0,sync,1
/home/sandro/workspace/sandro/MLCQCodeSmellSamples/scripts/../dataset/commons-configuration_34357e075d63c3634310878636f9498847badcab/src/test/java/org/apache/commons/configuration2/TestBaseHierarchicalConfigurationSynchronization.java,org.apache.commons.configuration2.TestBaseHierarchicalConfigurationSynchronization,testSubnodeUpdateBySubnode/0,config,2
/home/sandro/workspace/sandro/MLCQCodeSmellSamples/scripts/../dataset/commons-configuration_34357e075d63c3634310878636f9498847badcab/src/test/java/org/apache/commons/configuration2/TestBaseHierarchicalConfigurationSynchronization.java,org.apache.commons.configuration2.TestBaseHierarchicalConfigurationSynchronization,testConfigurationsAtSynchronized/0,config,1
/home/sandro/workspace/sandro/MLCQCodeSmellSamples/scripts/../dataset/commons-configuration_34357e075d63c3634310878636f9498847badcab/src/test/java/org/apache/commons/configuration2/TestBaseHierarchicalConfigurationSynchronization.java,org.apache.commons.configuration2.TestBaseHierarchicalConfigurationSynchronization,testConfigurationsAtSynchronized/0,sync,1
/home/sandro/workspace/sandro/MLCQCodeSmellSamples/scripts/../dataset/commons-configuration_34357e075d63c3634310878636f9498847badcab/src/test/java/org/apache/commons/configuration2/TestBaseHierarchicalConfigurationSynchronization.java,org.apache.commons.configuration2.TestBaseHierarchicalConfigurationSynchronization,testClearTreeSynchronized/0,config,1
/home/sandro/workspace/sandro/MLCQCodeSmellSamples/scripts/../dataset/commons-configuration_34357e075d63c3634310878636f9498847badcab/src/test/java/org/apache/commons/configuration2/TestBaseHierarchicalConfigurationSynchronization.java,org.apache.commons.configuration2.TestBaseHierarchicalConfigurationSynchronization,testClearTreeSynchronized/0,sync,1
/home/sandro/workspace/sandro/MLCQCodeSmellSamples/scripts/../dataset/commons-configuration_34357e075d63c3634310878636f9498847badcab/src/test/java/org/apache/commons/configuration2/TestBaseHierarchicalConfigurationSynchronization.java,org.apache.commons.configuration2.TestBaseHierarchicalConfigurationSynchronization,testReadOnlyAccessToSubConfigurations/0,testFile,1
/home/sandro/workspace/sandro/MLCQCodeSmellSamples/scripts/../dataset/commons-configuration_34357e075d63c3634310878636f9498847badcab/src/test/java/org/apache/commons/configuration2/TestBaseHierarchicalConfigurationSynchronization.java,org.apache.commons.configuration2.TestBaseHierarchicalConfigurationSynchronization,testReadOnlyAccessToSubConfigurations/0,config,3
/home/sandro/workspace/sandro/MLCQCodeSmellSamples/scripts/../dataset/commons-configuration_34357e075d63c3634310878636f9498847badcab/src/test/java/org/apache/commons/configuration2/TestBaseHierarchicalConfigurationSynchronization.java,org.apache.commons.configuration2.TestBaseHierarchicalConfigurationSynchronization,testCloneCopySubnodeData/0,config,1
/home/sandro/workspace/sandro/MLCQCodeSmellSamples/scripts/../dataset/commons-configuration_34357e075d63c3634310878636f9498847badcab/src/test/java/org/apache/commons/configuration2/TestBaseHierarchicalConfigurationSynchronization.java,org.apache.commons.configuration2.TestBaseHierarchicalConfigurationSynchronization,testCopyConstructorSynchronized/0,config,1
/home/sandro/workspace/sandro/MLCQCodeSmellSamples/scripts/../dataset/commons-configuration_34357e075d63c3634310878636f9498847badcab/src/test/java/org/apache/commons/configuration2/TestBaseHierarchicalConfigurationSynchronization.java,org.apache.commons.configuration2.TestBaseHierarchicalConfigurationSynchronization,testCopyConstructorSynchronized/0,sync,2
/home/sandro/workspace/sandro/MLCQCodeSmellSamples/scripts/../dataset/commons-configuration_34357e075d63c3634310878636f9498847badcab/src/test/java/org/apache/commons/configuration2/TestBaseHierarchicalConfigurationSynchronization.java,org.apache.commons.configuration2.TestBaseHierarchicalConfigurationSynchronization,testSubsetSynchronized/0,config,1
/home/sandro/workspace/sandro/MLCQCodeSmellSamples/scripts/../dataset/commons-configuration_34357e075d63c3634310878636f9498847badcab/src/test/java/org/apache/commons/configuration2/TestBaseHierarchicalConfigurationSynchronization.java,org.apache.commons.configuration2.TestBaseHierarchicalConfigurationSynchronization,testSubsetSynchronized/0,sync,2
/home/sandro/workspace/sandro/MLCQCodeSmellSamples/scripts/../dataset/commons-configuration_34357e075d63c3634310878636f9498847badcab/src/test/java/org/apache/commons/configuration2/TestBaseHierarchicalConfigurationSynchronization.java,org.apache.commons.configuration2.TestBaseHierarchicalConfigurationSynchronization,setUp/0,testFile,2
/home/sandro/workspace/sandro/MLCQCodeSmellSamples/scripts/../dataset/commons-configuration_34357e075d63c3634310878636f9498847badcab/src/test/java/org/apache/commons/configuration2/TestBaseHierarchicalConfigurationSynchronization.java,org.apache.commons.configuration2.TestBaseHierarchicalConfigurationSynchronization,setUp/0,sync,2
/home/sandro/workspace/sandro/MLCQCodeSmellSamples/scripts/../dataset/commons-configuration_34357e075d63c3634310878636f9498847badcab/src/test/java/org/apache/commons/configuration2/TestBaseHierarchicalConfigurationSynchronization.java,org.apache.commons.configuration2.TestBaseHierarchicalConfigurationSynchronization,setUp/0,config,1
/home/sandro/workspace/sandro/MLCQCodeSmellSamples/scripts/../dataset/commons-configuration_34357e075d63c3634310878636f9498847badcab/src/test/java/org/apache/commons/configuration2/TestBaseHierarchicalConfigurationSynchronization.java,org.apache.commons.configuration2.TestBaseHierarchicalConfigurationSynchronization,testAddNodesSynchronized/0,config,1
/home/sandro/workspace/sandro/MLCQCodeSmellSamples/scripts/../dataset/commons-configuration_34357e075d63c3634310878636f9498847badcab/src/test/java/org/apache/commons/configuration2/TestBaseHierarchicalConfigurationSynchronization.java,org.apache.commons.configuration2.TestBaseHierarchicalConfigurationSynchronization,testAddNodesSynchronized/0,sync,1
/home/sandro/workspace/sandro/MLCQCodeSmellSamples/scripts/../dataset/commons-configuration_34357e075d63c3634310878636f9498847badcab/src/test/java/org/apache/commons/configuration2/TestBaseHierarchicalConfigurationSynchronization.java,org.apache.commons.configuration2.TestBaseHierarchicalConfigurationSynchronization,testGetMaxIndexSynchronized/0,config,1
/home/sandro/workspace/sandro/MLCQCodeSmellSamples/scripts/../dataset/commons-configuration_34357e075d63c3634310878636f9498847badcab/src/test/java/org/apache/commons/configuration2/TestBaseHierarchicalConfigurationSynchronization.java,org.apache.commons.configuration2.TestBaseHierarchicalConfigurationSynchronization,testGetMaxIndexSynchronized/0,sync,1
/home/sandro/workspace/sandro/MLCQCodeSmellSamples/scripts/../dataset/commons-configuration_34357e075d63c3634310878636f9498847badcab/src/test/java/org/apache/commons/configuration2/TestBaseHierarchicalConfigurationSynchronization.java,org.apache.commons.configuration2.TestBaseHierarchicalConfigurationSynchronization,testConfigurationAtSynchronized/0,config,1
/home/sandro/workspace/sandro/MLCQCodeSmellSamples/scripts/../dataset/commons-configuration_34357e075d63c3634310878636f9498847badcab/src/test/java/org/apache/commons/configuration2/TestBaseHierarchicalConfigurationSynchronization.java,org.apache.commons.configuration2.TestBaseHierarchicalConfigurationSynchronization,testConfigurationAtSynchronized/0,sync,1
/home/sandro/workspace/sandro/MLCQCodeSmellSamples/scripts/../dataset/commons-configuration_34357e075d63c3634310878636f9498847badcab/src/test/java/org/apache/commons/configuration2/TestBaseHierarchicalConfigurationSynchronization.java,org.apache.commons.configuration2.TestBaseHierarchicalConfigurationSynchronization,testGetRootElementNameSynchronized/0,config,1
/home/sandro/workspace/sandro/MLCQCodeSmellSamples/scripts/../dataset/commons-configuration_34357e075d63c3634310878636f9498847badcab/src/test/java/org/apache/commons/configuration2/TestBaseHierarchicalConfigurationSynchronization.java,org.apache.commons.configuration2.TestBaseHierarchicalConfigurationSynchronization,testGetRootElementNameSynchronized/0,sync,1
/home/sandro/workspace/sandro/MLCQCodeSmellSamples/scripts/../dataset/commons-configuration_34357e075d63c3634310878636f9498847badcab/src/main/java/org/apache/commons/configuration2/PatternSubtreeConfigurationWrapper.java,org.apache.commons.configuration2.PatternSubtreeConfigurationWrapper,getConfig/0,config,1
/home/sandro/workspace/sandro/MLCQCodeSmellSamples/scripts/../dataset/commons-configuration_34357e075d63c3634310878636f9498847badcab/src/main/java/org/apache/commons/configuration2/PatternSubtreeConfigurationWrapper.java,org.apache.commons.configuration2.PatternSubtreeConfigurationWrapper,getKeysInternal/0,config,1
/home/sandro/workspace/sandro/MLCQCodeSmellSamples/scripts/../dataset/commons-configuration_34357e075d63c3634310878636f9498847badcab/src/main/java/org/apache/commons/configuration2/PatternSubtreeConfigurationWrapper.java,org.apache.commons.configuration2.PatternSubtreeConfigurationWrapper,getProperties/1[java.lang.String],config,1
/home/sandro/workspace/sandro/MLCQCodeSmellSamples/scripts/../dataset/commons-configuration_34357e075d63c3634310878636f9498847badcab/src/main/java/org/apache/commons/configuration2/PatternSubtreeConfigurationWrapper.java,org.apache.commons.configuration2.PatternSubtreeConfigurationWrapper,fetchFileBased/0,config,2
/home/sandro/workspace/sandro/MLCQCodeSmellSamples/scripts/../dataset/commons-configuration_34357e075d63c3634310878636f9498847badcab/src/main/java/org/apache/commons/configuration2/PatternSubtreeConfigurationWrapper.java,org.apache.commons.configuration2.PatternSubtreeConfigurationWrapper,"getLong/2[java.lang.String,java.lang.Long]",config,1
/home/sandro/workspace/sandro/MLCQCodeSmellSamples/scripts/../dataset/commons-configuration_34357e075d63c3634310878636f9498847badcab/src/main/java/org/apache/commons/configuration2/PatternSubtreeConfigurationWrapper.java,org.apache.commons.configuration2.PatternSubtreeConfigurationWrapper,makePath/0,path,3
/home/sandro/workspace/sandro/MLCQCodeSmellSamples/scripts/../dataset/commons-configuration_34357e075d63c3634310878636f9498847badcab/src/main/java/org/apache/commons/configuration2/PatternSubtreeConfigurationWrapper.java,org.apache.commons.configuration2.PatternSubtreeConfigurationWrapper,makePath/0,trailing,1
/home/sandro/workspace/sandro/MLCQCodeSmellSamples/scripts/../dataset/commons-configuration_34357e075d63c3634310878636f9498847badcab/src/main/java/org/apache/commons/configuration2/PatternSubtreeConfigurationWrapper.java,org.apache.commons.configuration2.PatternSubtreeConfigurationWrapper,"getShort/2[java.lang.String,java.lang.Short]",config,1
/home/sandro/workspace/sandro/MLCQCodeSmellSamples/scripts/../dataset/commons-configuration_34357e075d63c3634310878636f9498847badcab/src/main/java/org/apache/commons/configuration2/PatternSubtreeConfigurationWrapper.java,org.apache.commons.configuration2.PatternSubtreeConfigurationWrapper,getDouble/1[java.lang.String],config,1
/home/sandro/workspace/sandro/MLCQCodeSmellSamples/scripts/../dataset/commons-configuration_34357e075d63c3634310878636f9498847badcab/src/main/java/org/apache/commons/configuration2/PatternSubtreeConfigurationWrapper.java,org.apache.commons.configuration2.PatternSubtreeConfigurationWrapper,getInt/1[java.lang.String],config,1
/home/sandro/workspace/sandro/MLCQCodeSmellSamples/scripts/../dataset/commons-configuration_34357e075d63c3634310878636f9498847badcab/src/main/java/org/apache/commons/configuration2/PatternSubtreeConfigurationWrapper.java,org.apache.commons.configuration2.PatternSubtreeConfigurationWrapper,getBigInteger/1[java.lang.String],config,1
/home/sandro/workspace/sandro/MLCQCodeSmellSamples/scripts/../dataset/commons-configuration_34357e075d63c3634310878636f9498847badcab/src/main/java/org/apache/commons/configuration2/PatternSubtreeConfigurationWrapper.java,org.apache.commons.configuration2.PatternSubtreeConfigurationWrapper,"getBoolean/2[java.lang.String,java.lang.Boolean]",config,1
/home/sandro/workspace/sandro/MLCQCodeSmellSamples/scripts/../dataset/commons-configuration_34357e075d63c3634310878636f9498847badcab/src/main/java/org/apache/commons/configuration2/PatternSubtreeConfigurationWrapper.java,org.apache.commons.configuration2.PatternSubtreeConfigurationWrapper,getFloat/1[java.lang.String],config,1
/home/sandro/workspace/sandro/MLCQCodeSmellSamples/scripts/../dataset/commons-configuration_34357e075d63c3634310878636f9498847badcab/src/main/java/org/apache/commons/configuration2/PatternSubtreeConfigurationWrapper.java,org.apache.commons.configuration2.PatternSubtreeConfigurationWrapper,"getBoolean/2[java.lang.String,boolean]",config,1
/home/sandro/workspace/sandro/MLCQCodeSmellSamples/scripts/../dataset/commons-configuration_34357e075d63c3634310878636f9498847badcab/src/main/java/org/apache/commons/configuration2/PatternSubtreeConfigurationWrapper.java,org.apache.commons.configuration2.PatternSubtreeConfigurationWrapper,getExpressionEngine/0,config,1
/home/sandro/workspace/sandro/MLCQCodeSmellSamples/scripts/../dataset/commons-configuration_34357e075d63c3634310878636f9498847badcab/src/main/java/org/apache/commons/configuration2/PatternSubtreeConfigurationWrapper.java,org.apache.commons.configuration2.PatternSubtreeConfigurationWrapper,getByte/1[java.lang.String],config,1
/home/sandro/workspace/sandro/MLCQCodeSmellSamples/scripts/../dataset/commons-configuration_34357e075d63c3634310878636f9498847badcab/src/main/java/org/apache/commons/configuration2/PatternSubtreeConfigurationWrapper.java,org.apache.commons.configuration2.PatternSubtreeConfigurationWrapper,containsKeyInternal/1[java.lang.String],config,1
/home/sandro/workspace/sandro/MLCQCodeSmellSamples/scripts/../dataset/commons-configuration_34357e075d63c3634310878636f9498847badcab/src/main/java/org/apache/commons/configuration2/PatternSubtreeConfigurationWrapper.java,org.apache.commons.configuration2.PatternSubtreeConfigurationWrapper,"getString/2[java.lang.String,java.lang.String]",config,1
/home/sandro/workspace/sandro/MLCQCodeSmellSamples/scripts/../dataset/commons-configuration_34357e075d63c3634310878636f9498847badcab/src/main/java/org/apache/commons/configuration2/PatternSubtreeConfigurationWrapper.java,org.apache.commons.configuration2.PatternSubtreeConfigurationWrapper,getPropertyInternal/1[java.lang.String],config,1
/home/sandro/workspace/sandro/MLCQCodeSmellSamples/scripts/../dataset/commons-configuration_34357e075d63c3634310878636f9498847badcab/src/main/java/org/apache/commons/configuration2/PatternSubtreeConfigurationWrapper.java,org.apache.commons.configuration2.PatternSubtreeConfigurationWrapper,"getDouble/2[java.lang.String,java.lang.Double]",config,1
/home/sandro/workspace/sandro/MLCQCodeSmellSamples/scripts/../dataset/commons-configuration_34357e075d63c3634310878636f9498847badcab/src/main/java/org/apache/commons/configuration2/PatternSubtreeConfigurationWrapper.java,org.apache.commons.configuration2.PatternSubtreeConfigurationWrapper,"getFloat/2[java.lang.String,float]",config,1
/home/sandro/workspace/sandro/MLCQCodeSmellSamples/scripts/../dataset/commons-configuration_34357e075d63c3634310878636f9498847badcab/src/main/java/org/apache/commons/configuration2/PatternSubtreeConfigurationWrapper.java,org.apache.commons.configuration2.PatternSubtreeConfigurationWrapper,"getBigDecimal/2[java.lang.String,java.math.BigDecimal]",config,1
/home/sandro/workspace/sandro/MLCQCodeSmellSamples/scripts/../dataset/commons-configuration_34357e075d63c3634310878636f9498847badcab/src/main/java/org/apache/commons/configuration2/PatternSubtreeConfigurationWrapper.java,org.apache.commons.configuration2.PatternSubtreeConfigurationWrapper,setExpressionEngine/1[org.apache.commons.configuration2.tree.ExpressionEngine],init,1
/home/sandro/workspace/sandro/MLCQCodeSmellSamples/scripts/../dataset/commons-configuration_34357e075d63c3634310878636f9498847badcab/src/main/java/org/apache/commons/configuration2/PatternSubtreeConfigurationWrapper.java,org.apache.commons.configuration2.PatternSubtreeConfigurationWrapper,setExpressionEngine/1[org.apache.commons.configuration2.tree.ExpressionEngine],config,1
/home/sandro/workspace/sandro/MLCQCodeSmellSamples/scripts/../dataset/commons-configuration_34357e075d63c3634310878636f9498847badcab/src/main/java/org/apache/commons/configuration2/PatternSubtreeConfigurationWrapper.java,org.apache.commons.configuration2.PatternSubtreeConfigurationWrapper,configurationsAt/1[java.lang.String],config,1
/home/sandro/workspace/sandro/MLCQCodeSmellSamples/scripts/../dataset/commons-configuration_34357e075d63c3634310878636f9498847badcab/src/main/java/org/apache/commons/configuration2/PatternSubtreeConfigurationWrapper.java,org.apache.commons.configuration2.PatternSubtreeConfigurationWrapper,"getFloat/2[java.lang.String,java.lang.Float]",config,1
/home/sandro/workspace/sandro/MLCQCodeSmellSamples/scripts/../dataset/commons-configuration_34357e075d63c3634310878636f9498847badcab/src/main/java/org/apache/commons/configuration2/PatternSubtreeConfigurationWrapper.java,org.apache.commons.configuration2.PatternSubtreeConfigurationWrapper,"getLong/2[java.lang.String,long]",config,1
/home/sandro/workspace/sandro/MLCQCodeSmellSamples/scripts/../dataset/commons-configuration_34357e075d63c3634310878636f9498847badcab/src/main/java/org/apache/commons/configuration2/PatternSubtreeConfigurationWrapper.java,org.apache.commons.configuration2.PatternSubtreeConfigurationWrapper,getLong/1[java.lang.String],config,1
/home/sandro/workspace/sandro/MLCQCodeSmellSamples/scripts/../dataset/commons-configuration_34357e075d63c3634310878636f9498847badcab/src/main/java/org/apache/commons/configuration2/PatternSubtreeConfigurationWrapper.java,org.apache.commons.configuration2.PatternSubtreeConfigurationWrapper,getStringArray/1[java.lang.String],config,1
/home/sandro/workspace/sandro/MLCQCodeSmellSamples/scripts/../dataset/commons-configuration_34357e075d63c3634310878636f9498847badcab/src/main/java/org/apache/commons/configuration2/PatternSubtreeConfigurationWrapper.java,org.apache.commons.configuration2.PatternSubtreeConfigurationWrapper,"getInteger/2[java.lang.String,java.lang.Integer]",config,1
/home/sandro/workspace/sandro/MLCQCodeSmellSamples/scripts/../dataset/commons-configuration_34357e075d63c3634310878636f9498847badcab/src/main/java/org/apache/commons/configuration2/PatternSubtreeConfigurationWrapper.java,org.apache.commons.configuration2.PatternSubtreeConfigurationWrapper,"getByte/2[java.lang.String,byte]",config,1
/home/sandro/workspace/sandro/MLCQCodeSmellSamples/scripts/../dataset/commons-configuration_34357e075d63c3634310878636f9498847badcab/src/main/java/org/apache/commons/configuration2/PatternSubtreeConfigurationWrapper.java,org.apache.commons.configuration2.PatternSubtreeConfigurationWrapper,clearPropertyDirect/1[java.lang.String],config,1
/home/sandro/workspace/sandro/MLCQCodeSmellSamples/scripts/../dataset/commons-configuration_34357e075d63c3634310878636f9498847badcab/src/main/java/org/apache/commons/configuration2/PatternSubtreeConfigurationWrapper.java,org.apache.commons.configuration2.PatternSubtreeConfigurationWrapper,"getDouble/2[java.lang.String,double]",config,1
/home/sandro/workspace/sandro/MLCQCodeSmellSamples/scripts/../dataset/commons-configuration_34357e075d63c3634310878636f9498847badcab/src/main/java/org/apache/commons/configuration2/PatternSubtreeConfigurationWrapper.java,org.apache.commons.configuration2.PatternSubtreeConfigurationWrapper,getString/1[java.lang.String],config,1
/home/sandro/workspace/sandro/MLCQCodeSmellSamples/scripts/../dataset/commons-configuration_34357e075d63c3634310878636f9498847badcab/src/main/java/org/apache/commons/configuration2/PatternSubtreeConfigurationWrapper.java,org.apache.commons.configuration2.PatternSubtreeConfigurationWrapper,getShort/1[java.lang.String],config,1
/home/sandro/workspace/sandro/MLCQCodeSmellSamples/scripts/../dataset/commons-configuration_34357e075d63c3634310878636f9498847badcab/src/main/java/org/apache/commons/configuration2/PatternSubtreeConfigurationWrapper.java,org.apache.commons.configuration2.PatternSubtreeConfigurationWrapper,"configurationAt/2[java.lang.String,boolean]",config,1
/home/sandro/workspace/sandro/MLCQCodeSmellSamples/scripts/../dataset/commons-configuration_34357e075d63c3634310878636f9498847badcab/src/main/java/org/apache/commons/configuration2/PatternSubtreeConfigurationWrapper.java,org.apache.commons.configuration2.PatternSubtreeConfigurationWrapper,"addPropertyInternal/2[java.lang.String,java.lang.Object]",config,1
/home/sandro/workspace/sandro/MLCQCodeSmellSamples/scripts/../dataset/commons-configuration_34357e075d63c3634310878636f9498847badcab/src/main/java/org/apache/commons/configuration2/PatternSubtreeConfigurationWrapper.java,org.apache.commons.configuration2.PatternSubtreeConfigurationWrapper,getBoolean/1[java.lang.String],config,1
/home/sandro/workspace/sandro/MLCQCodeSmellSamples/scripts/../dataset/commons-configuration_34357e075d63c3634310878636f9498847badcab/src/main/java/org/apache/commons/configuration2/PatternSubtreeConfigurationWrapper.java,org.apache.commons.configuration2.PatternSubtreeConfigurationWrapper,getKeysInternal/1[java.lang.String],config,1
/home/sandro/workspace/sandro/MLCQCodeSmellSamples/scripts/../dataset/commons-configuration_34357e075d63c3634310878636f9498847badcab/src/main/java/org/apache/commons/configuration2/PatternSubtreeConfigurationWrapper.java,org.apache.commons.configuration2.PatternSubtreeConfigurationWrapper,configurationAt/1[java.lang.String],config,1
/home/sandro/workspace/sandro/MLCQCodeSmellSamples/scripts/../dataset/commons-configuration_34357e075d63c3634310878636f9498847badcab/src/main/java/org/apache/commons/configuration2/PatternSubtreeConfigurationWrapper.java,org.apache.commons.configuration2.PatternSubtreeConfigurationWrapper,"getByte/2[java.lang.String,java.lang.Byte]",config,1
/home/sandro/workspace/sandro/MLCQCodeSmellSamples/scripts/../dataset/commons-configuration_34357e075d63c3634310878636f9498847badcab/src/main/java/org/apache/commons/configuration2/PatternSubtreeConfigurationWrapper.java,org.apache.commons.configuration2.PatternSubtreeConfigurationWrapper,"getInt/2[java.lang.String,int]",config,1
/home/sandro/workspace/sandro/MLCQCodeSmellSamples/scripts/../dataset/commons-configuration_34357e075d63c3634310878636f9498847badcab/src/main/java/org/apache/commons/configuration2/PatternSubtreeConfigurationWrapper.java,org.apache.commons.configuration2.PatternSubtreeConfigurationWrapper,getBigDecimal/1[java.lang.String],config,1
/home/sandro/workspace/sandro/MLCQCodeSmellSamples/scripts/../dataset/commons-configuration_34357e075d63c3634310878636f9498847badcab/src/main/java/org/apache/commons/configuration2/PatternSubtreeConfigurationWrapper.java,org.apache.commons.configuration2.PatternSubtreeConfigurationWrapper,"getShort/2[java.lang.String,short]",config,1
/home/sandro/workspace/sandro/MLCQCodeSmellSamples/scripts/../dataset/commons-configuration_34357e075d63c3634310878636f9498847badcab/src/main/java/org/apache/commons/configuration2/PatternSubtreeConfigurationWrapper.java,org.apache.commons.configuration2.PatternSubtreeConfigurationWrapper,getList/1[java.lang.String],config,1
/home/sandro/workspace/sandro/MLCQCodeSmellSamples/scripts/../dataset/commons-configuration_34357e075d63c3634310878636f9498847badcab/src/main/java/org/apache/commons/configuration2/PatternSubtreeConfigurationWrapper.java,org.apache.commons.configuration2.PatternSubtreeConfigurationWrapper,"PatternSubtreeConfigurationWrapper/2[org.apache.commons.configuration2.HierarchicalConfiguration<org.apache.commons.configuration2.tree.ImmutableNode>,java.lang.String]",path,5
/home/sandro/workspace/sandro/MLCQCodeSmellSamples/scripts/../dataset/commons-configuration_34357e075d63c3634310878636f9498847badcab/src/main/java/org/apache/commons/configuration2/PatternSubtreeConfigurationWrapper.java,org.apache.commons.configuration2.PatternSubtreeConfigurationWrapper,"PatternSubtreeConfigurationWrapper/2[org.apache.commons.configuration2.HierarchicalConfiguration<org.apache.commons.configuration2.tree.ImmutableNode>,java.lang.String]",init,1
/home/sandro/workspace/sandro/MLCQCodeSmellSamples/scripts/../dataset/commons-configuration_34357e075d63c3634310878636f9498847badcab/src/main/java/org/apache/commons/configuration2/PatternSubtreeConfigurationWrapper.java,org.apache.commons.configuration2.PatternSubtreeConfigurationWrapper,"PatternSubtreeConfigurationWrapper/2[org.apache.commons.configuration2.HierarchicalConfiguration<org.apache.commons.configuration2.tree.ImmutableNode>,java.lang.String]",trailing,1
/home/sandro/workspace/sandro/MLCQCodeSmellSamples/scripts/../dataset/commons-configuration_34357e075d63c3634310878636f9498847badcab/src/main/java/org/apache/commons/configuration2/PatternSubtreeConfigurationWrapper.java,org.apache.commons.configuration2.PatternSubtreeConfigurationWrapper,"PatternSubtreeConfigurationWrapper/2[org.apache.commons.configuration2.HierarchicalConfiguration<org.apache.commons.configuration2.tree.ImmutableNode>,java.lang.String]",config,4
/home/sandro/workspace/sandro/MLCQCodeSmellSamples/scripts/../dataset/commons-configuration_34357e075d63c3634310878636f9498847badcab/src/main/java/org/apache/commons/configuration2/PatternSubtreeConfigurationWrapper.java,org.apache.commons.configuration2.PatternSubtreeConfigurationWrapper,makePath/1[java.lang.String],path,4
/home/sandro/workspace/sandro/MLCQCodeSmellSamples/scripts/../dataset/commons-configuration_34357e075d63c3634310878636f9498847badcab/src/main/java/org/apache/commons/configuration2/PatternSubtreeConfigurationWrapper.java,org.apache.commons.configuration2.PatternSubtreeConfigurationWrapper,makePath/1[java.lang.String],trailing,2
/home/sandro/workspace/sandro/MLCQCodeSmellSamples/scripts/../dataset/commons-configuration_34357e075d63c3634310878636f9498847badcab/src/main/java/org/apache/commons/configuration2/PatternSubtreeConfigurationWrapper.java,org.apache.commons.configuration2.PatternSubtreeConfigurationWrapper,"getList/2[java.lang.String,java.util.List<?>]",config,1
/home/sandro/workspace/sandro/MLCQCodeSmellSamples/scripts/../dataset/commons-configuration_34357e075d63c3634310878636f9498847badcab/src/main/java/org/apache/commons/configuration2/PatternSubtreeConfigurationWrapper.java,org.apache.commons.configuration2.PatternSubtreeConfigurationWrapper,getMaxIndexInternal/1[java.lang.String],config,1
/home/sandro/workspace/sandro/MLCQCodeSmellSamples/scripts/../dataset/commons-configuration_34357e075d63c3634310878636f9498847badcab/src/main/java/org/apache/commons/configuration2/PatternSubtreeConfigurationWrapper.java,org.apache.commons.configuration2.PatternSubtreeConfigurationWrapper,"getBigInteger/2[java.lang.String,java.math.BigInteger]",config,1
/home/sandro/workspace/sandro/MLCQCodeSmellSamples/scripts/../dataset/commons-configuration_34357e075d63c3634310878636f9498847badcab/src/main/java/org/apache/commons/configuration2/PatternSubtreeConfigurationWrapper.java,org.apache.commons.configuration2.PatternSubtreeConfigurationWrapper,clearTreeInternal/1[java.lang.String],config,1
/home/sandro/workspace/sandro/MLCQCodeSmellSamples/scripts/../dataset/commons-configuration_34357e075d63c3634310878636f9498847badcab/src/test/java/org/apache/commons/configuration2/interpol/TestInterpolatorSpecification.java,org.apache.commons.configuration2.interpol.TestInterpolatorSpecification,setUp/0,builder,1
/home/sandro/workspace/sandro/MLCQCodeSmellSamples/scripts/../dataset/commons-configuration_34357e075d63c3634310878636f9498847badcab/src/test/java/org/apache/commons/configuration2/interpol/TestInterpolatorSpecification.java,org.apache.commons.configuration2.interpol.TestInterpolatorSpecification,testWithDefaultLookupNull/0,builder,1
/home/sandro/workspace/sandro/MLCQCodeSmellSamples/scripts/../dataset/commons-configuration_34357e075d63c3634310878636f9498847badcab/src/test/java/org/apache/commons/configuration2/interpol/TestInterpolatorSpecification.java,org.apache.commons.configuration2.interpol.TestInterpolatorSpecification,testCreateInstance/0,PREFIX1,1
/home/sandro/workspace/sandro/MLCQCodeSmellSamples/scripts/../dataset/commons-configuration_34357e075d63c3634310878636f9498847badcab/src/test/java/org/apache/commons/configuration2/interpol/TestInterpolatorSpecification.java,org.apache.commons.configuration2.interpol.TestInterpolatorSpecification,testCreateInstance/0,builder,1
/home/sandro/workspace/sandro/MLCQCodeSmellSamples/scripts/../dataset/commons-configuration_34357e075d63c3634310878636f9498847badcab/src/test/java/org/apache/commons/configuration2/interpol/TestInterpolatorSpecification.java,org.apache.commons.configuration2.interpol.TestInterpolatorSpecification,testCreateInstance/0,PREFIX2,1
/home/sandro/workspace/sandro/MLCQCodeSmellSamples/scripts/../dataset/commons-configuration_34357e075d63c3634310878636f9498847badcab/src/test/java/org/apache/commons/configuration2/interpol/TestInterpolatorSpecification.java,org.apache.commons.configuration2.interpol.TestInterpolatorSpecification,testGetPrefixLookupsModify/0,PREFIX1,2
/home/sandro/workspace/sandro/MLCQCodeSmellSamples/scripts/../dataset/commons-configuration_34357e075d63c3634310878636f9498847badcab/src/test/java/org/apache/commons/configuration2/interpol/TestInterpolatorSpecification.java,org.apache.commons.configuration2.interpol.TestInterpolatorSpecification,testGetPrefixLookupsModify/0,builder,1
/home/sandro/workspace/sandro/MLCQCodeSmellSamples/scripts/../dataset/commons-configuration_34357e075d63c3634310878636f9498847badcab/src/test/java/org/apache/commons/configuration2/interpol/TestInterpolatorSpecification.java,org.apache.commons.configuration2.interpol.TestInterpolatorSpecification,"checkPrefixLookups/3[org.apache.commons.configuration2.interpol.InterpolatorSpecification,org.apache.commons.configuration2.interpol.Lookup,org.apache.commons.configuration2.interpol.Lookup]",PREFIX1,1
/home/sandro/workspace/sandro/MLCQCodeSmellSamples/scripts/../dataset/commons-configuration_34357e075d63c3634310878636f9498847badcab/src/test/java/org/apache/commons/configuration2/interpol/TestInterpolatorSpecification.java,org.apache.commons.configuration2.interpol.TestInterpolatorSpecification,"checkPrefixLookups/3[org.apache.commons.configuration2.interpol.InterpolatorSpecification,org.apache.commons.configuration2.interpol.Lookup,org.apache.commons.configuration2.interpol.Lookup]",PREFIX2,1
/home/sandro/workspace/sandro/MLCQCodeSmellSamples/scripts/../dataset/commons-configuration_34357e075d63c3634310878636f9498847badcab/src/test/java/org/apache/commons/configuration2/interpol/TestInterpolatorSpecification.java,org.apache.commons.configuration2.interpol.TestInterpolatorSpecification,testWithPrefixLookupNoPrefix/0,builder,1
/home/sandro/workspace/sandro/MLCQCodeSmellSamples/scripts/../dataset/commons-configuration_34357e075d63c3634310878636f9498847badcab/src/test/java/org/apache/commons/configuration2/interpol/TestInterpolatorSpecification.java,org.apache.commons.configuration2.interpol.TestInterpolatorSpecification,testBuilderReuse/0,PREFIX1,1
/home/sandro/workspace/sandro/MLCQCodeSmellSamples/scripts/../dataset/commons-configuration_34357e075d63c3634310878636f9498847badcab/src/test/java/org/apache/commons/configuration2/interpol/TestInterpolatorSpecification.java,org.apache.commons.configuration2.interpol.TestInterpolatorSpecification,testBuilderReuse/0,builder,2
/home/sandro/workspace/sandro/MLCQCodeSmellSamples/scripts/../dataset/commons-configuration_34357e075d63c3634310878636f9498847badcab/src/test/java/org/apache/commons/configuration2/interpol/TestInterpolatorSpecification.java,org.apache.commons.configuration2.interpol.TestInterpolatorSpecification,testBuilderReuse/0,PREFIX2,1
/home/sandro/workspace/sandro/MLCQCodeSmellSamples/scripts/../dataset/commons-configuration_34357e075d63c3634310878636f9498847badcab/src/test/java/org/apache/commons/configuration2/interpol/TestInterpolatorSpecification.java,org.apache.commons.configuration2.interpol.TestInterpolatorSpecification,testCreateInstanceCollections/0,PREFIX1,1
/home/sandro/workspace/sandro/MLCQCodeSmellSamples/scripts/../dataset/commons-configuration_34357e075d63c3634310878636f9498847badcab/src/test/java/org/apache/commons/configuration2/interpol/TestInterpolatorSpecification.java,org.apache.commons.configuration2.interpol.TestInterpolatorSpecification,testCreateInstanceCollections/0,builder,1
/home/sandro/workspace/sandro/MLCQCodeSmellSamples/scripts/../dataset/commons-configuration_34357e075d63c3634310878636f9498847badcab/src/test/java/org/apache/commons/configuration2/interpol/TestInterpolatorSpecification.java,org.apache.commons.configuration2.interpol.TestInterpolatorSpecification,testCreateInstanceCollections/0,PREFIX2,1
/home/sandro/workspace/sandro/MLCQCodeSmellSamples/scripts/../dataset/commons-configuration_34357e075d63c3634310878636f9498847badcab/src/test/java/org/apache/commons/configuration2/interpol/TestInterpolatorSpecification.java,org.apache.commons.configuration2.interpol.TestInterpolatorSpecification,testWithDefaultLookupsNull/0,builder,1
/home/sandro/workspace/sandro/MLCQCodeSmellSamples/scripts/../dataset/commons-configuration_34357e075d63c3634310878636f9498847badcab/src/test/java/org/apache/commons/configuration2/interpol/TestInterpolatorSpecification.java,org.apache.commons.configuration2.interpol.TestInterpolatorSpecification,testGetDefaultLookupsModify/0,builder,1
/home/sandro/workspace/sandro/MLCQCodeSmellSamples/scripts/../dataset/commons-configuration_34357e075d63c3634310878636f9498847badcab/src/test/java/org/apache/commons/configuration2/interpol/TestInterpolatorSpecification.java,org.apache.commons.configuration2.interpol.TestInterpolatorSpecification,testWithPrefixLookupsNull/0,builder,1
/home/sandro/workspace/sandro/MLCQCodeSmellSamples/scripts/../dataset/commons-configuration_34357e075d63c3634310878636f9498847badcab/src/test/java/org/apache/commons/configuration2/interpol/TestInterpolatorSpecification.java,org.apache.commons.configuration2.interpol.TestInterpolatorSpecification,testWithPrefixLookupNoLookup/0,PREFIX1,1
/home/sandro/workspace/sandro/MLCQCodeSmellSamples/scripts/../dataset/commons-configuration_34357e075d63c3634310878636f9498847badcab/src/test/java/org/apache/commons/configuration2/interpol/TestInterpolatorSpecification.java,org.apache.commons.configuration2.interpol.TestInterpolatorSpecification,testWithPrefixLookupNoLookup/0,builder,1
/home/sandro/workspace/sandro/MLCQCodeSmellSamples/scripts/../dataset/commons-configuration_34357e075d63c3634310878636f9498847badcab/src/main/java/org/apache/commons/configuration2/ConfigurationConverter.java,org.apache.commons.configuration2.ConfigurationConverter,listToString/1[java.util.List<?>],DEFAULT_SEPARATOR,1
/home/sandro/workspace/sandro/MLCQCodeSmellSamples/scripts/../dataset/commons-configuration_34357e075d63c3634310878636f9498847badcab/src/main/java/org/apache/commons/configuration2/interpol/InterpolatorSpecification.java,org.apache.commons.configuration2.interpol.InterpolatorSpecification$Builder,withDefaultLookup/1[org.apache.commons.configuration2.interpol.Lookup],defLookups,1
/home/sandro/workspace/sandro/MLCQCodeSmellSamples/scripts/../dataset/commons-configuration_34357e075d63c3634310878636f9498847badcab/src/main/java/org/apache/commons/configuration2/interpol/InterpolatorSpecification.java,org.apache.commons.configuration2.interpol.InterpolatorSpecification$Builder,withParentInterpolator/1[org.apache.commons.configuration2.interpol.ConfigurationInterpolator],parentInterpolator,1
/home/sandro/workspace/sandro/MLCQCodeSmellSamples/scripts/../dataset/commons-configuration_34357e075d63c3634310878636f9498847badcab/src/main/java/org/apache/commons/configuration2/interpol/InterpolatorSpecification.java,org.apache.commons.configuration2.interpol.InterpolatorSpecification$Builder,Builder/0,prefixLookups,1
/home/sandro/workspace/sandro/MLCQCodeSmellSamples/scripts/../dataset/commons-configuration_34357e075d63c3634310878636f9498847badcab/src/main/java/org/apache/commons/configuration2/interpol/InterpolatorSpecification.java,org.apache.commons.configuration2.interpol.InterpolatorSpecification$Builder,Builder/0,defLookups,1
/home/sandro/workspace/sandro/MLCQCodeSmellSamples/scripts/../dataset/commons-configuration_34357e075d63c3634310878636f9498847badcab/src/main/java/org/apache/commons/configuration2/interpol/InterpolatorSpecification.java,org.apache.commons.configuration2.interpol.InterpolatorSpecification$Builder,withInterpolator/1[org.apache.commons.configuration2.interpol.ConfigurationInterpolator],interpolator,1
/home/sandro/workspace/sandro/MLCQCodeSmellSamples/scripts/../dataset/commons-configuration_34357e075d63c3634310878636f9498847badcab/src/main/java/org/apache/commons/configuration2/interpol/InterpolatorSpecification.java,org.apache.commons.configuration2.interpol.InterpolatorSpecification$Builder,"withPrefixLookup/2[java.lang.String,org.apache.commons.configuration2.interpol.Lookup]",prefixLookups,1
/home/sandro/workspace/sandro/MLCQCodeSmellSamples/scripts/../dataset/commons-configuration_34357e075d63c3634310878636f9498847badcab/src/main/java/org/apache/commons/configuration2/interpol/InterpolatorSpecification.java,org.apache.commons.configuration2.interpol.InterpolatorSpecification$Builder,reset/0,interpolator,1
/home/sandro/workspace/sandro/MLCQCodeSmellSamples/scripts/../dataset/commons-configuration_34357e075d63c3634310878636f9498847badcab/src/main/java/org/apache/commons/configuration2/interpol/InterpolatorSpecification.java,org.apache.commons.configuration2.interpol.InterpolatorSpecification$Builder,reset/0,prefixLookups,1
/home/sandro/workspace/sandro/MLCQCodeSmellSamples/scripts/../dataset/commons-configuration_34357e075d63c3634310878636f9498847badcab/src/main/java/org/apache/commons/configuration2/interpol/InterpolatorSpecification.java,org.apache.commons.configuration2.interpol.InterpolatorSpecification$Builder,reset/0,defLookups,1
/home/sandro/workspace/sandro/MLCQCodeSmellSamples/scripts/../dataset/commons-configuration_34357e075d63c3634310878636f9498847badcab/src/main/java/org/apache/commons/configuration2/interpol/InterpolatorSpecification.java,org.apache.commons.configuration2.interpol.InterpolatorSpecification$Builder,reset/0,parentInterpolator,1
/home/sandro/workspace/sandro/MLCQCodeSmellSamples/scripts/../dataset/commons-configuration_34357e075d63c3634310878636f9498847badcab/src/main/java/org/apache/commons/configuration2/CombinedConfiguration.java,org.apache.commons.configuration2.CombinedConfiguration$ConfigData,"ConfigData/3[org.apache.commons.configuration2.Configuration,java.lang.String,java.lang.String]",at,5
/home/sandro/workspace/sandro/MLCQCodeSmellSamples/scripts/../dataset/commons-configuration_34357e075d63c3634310878636f9498847badcab/src/main/java/org/apache/commons/configuration2/CombinedConfiguration.java,org.apache.commons.configuration2.CombinedConfiguration$ConfigData,"ConfigData/3[org.apache.commons.configuration2.Configuration,java.lang.String,java.lang.String]",configuration,1
/home/sandro/workspace/sandro/MLCQCodeSmellSamples/scripts/../dataset/commons-configuration_34357e075d63c3634310878636f9498847badcab/src/main/java/org/apache/commons/configuration2/CombinedConfiguration.java,org.apache.commons.configuration2.CombinedConfiguration$ConfigData,"ConfigData/3[org.apache.commons.configuration2.Configuration,java.lang.String,java.lang.String]",atPath,1
/home/sandro/workspace/sandro/MLCQCodeSmellSamples/scripts/../dataset/commons-configuration_34357e075d63c3634310878636f9498847badcab/src/main/java/org/apache/commons/configuration2/CombinedConfiguration.java,org.apache.commons.configuration2.CombinedConfiguration$ConfigData,"ConfigData/3[org.apache.commons.configuration2.Configuration,java.lang.String,java.lang.String]",name,1
/home/sandro/workspace/sandro/MLCQCodeSmellSamples/scripts/../dataset/commons-configuration_34357e075d63c3634310878636f9498847badcab/src/main/java/org/apache/commons/configuration2/CombinedConfiguration.java,org.apache.commons.configuration2.CombinedConfiguration$ConfigData,prependAtPath/1[org.apache.commons.configuration2.tree.ImmutableNode],atPath,1
/home/sandro/workspace/sandro/MLCQCodeSmellSamples/scripts/../dataset/commons-configuration_34357e075d63c3634310878636f9498847badcab/src/main/java/org/apache/commons/configuration2/CombinedConfiguration.java,org.apache.commons.configuration2.CombinedConfiguration$ConfigData,getConfiguration/0,configuration,1
/home/sandro/workspace/sandro/MLCQCodeSmellSamples/scripts/../dataset/commons-configuration_34357e075d63c3634310878636f9498847badcab/src/main/java/org/apache/commons/configuration2/CombinedConfiguration.java,org.apache.commons.configuration2.CombinedConfiguration$ConfigData,getRootNode/0,rootNode,1
/home/sandro/workspace/sandro/MLCQCodeSmellSamples/scripts/../dataset/commons-configuration_34357e075d63c3634310878636f9498847badcab/src/main/java/org/apache/commons/configuration2/CombinedConfiguration.java,org.apache.commons.configuration2.CombinedConfiguration$ConfigData,getName/0,name,1
/home/sandro/workspace/sandro/MLCQCodeSmellSamples/scripts/../dataset/commons-configuration_34357e075d63c3634310878636f9498847badcab/src/main/java/org/apache/commons/configuration2/CombinedConfiguration.java,org.apache.commons.configuration2.CombinedConfiguration$ConfigData,parseAt/1[java.lang.String],at,4
/home/sandro/workspace/sandro/MLCQCodeSmellSamples/scripts/../dataset/commons-configuration_34357e075d63c3634310878636f9498847badcab/src/main/java/org/apache/commons/configuration2/CombinedConfiguration.java,org.apache.commons.configuration2.CombinedConfiguration$ConfigData,getAt/0,at,1
/home/sandro/workspace/sandro/MLCQCodeSmellSamples/scripts/../dataset/commons-configuration_34357e075d63c3634310878636f9498847badcab/src/main/java/org/apache/commons/configuration2/CombinedConfiguration.java,org.apache.commons.configuration2.CombinedConfiguration$ConfigData,getTransformedRoot/0,atPath,1
/home/sandro/workspace/sandro/MLCQCodeSmellSamples/scripts/../dataset/commons-configuration_34357e075d63c3634310878636f9498847badcab/src/main/java/org/apache/commons/configuration2/CombinedConfiguration.java,org.apache.commons.configuration2.CombinedConfiguration$ConfigData,getRootNodeOfConfiguration/0,rootNode,1
/home/sandro/workspace/sandro/MLCQCodeSmellSamples/scripts/../dataset/commons-configuration_34357e075d63c3634310878636f9498847badcab/src/main/java/org/apache/commons/configuration2/CombinedConfiguration.java,org.apache.commons.configuration2.CombinedConfiguration$ConfigData,"prependAtPathComponent/4[org.apache.commons.configuration2.tree.ImmutableNode.Builder,java.lang.String,java.util.Iterator<java.lang.String>,org.apache.commons.configuration2.tree.ImmutableNode]",name,1
/home/sandro/workspace/sandro/MLCQCodeSmellSamples/scripts/../dataset/commons-configuration_34357e075d63c3634310878636f9498847badcab/src/main/java/org/apache/commons/configuration2/builder/combined/ReloadingMultiFileConfigurationBuilder.java,org.apache.commons.configuration2.builder.combined.ReloadingMultiFileConfigurationBuilder,getReloadingController/0,reloadingController,1
/home/sandro/workspace/sandro/MLCQCodeSmellSamples/scripts/../dataset/commons-configuration_34357e075d63c3634310878636f9498847badcab/src/test/java/org/apache/commons/configuration2/interpol/TestSystemPropertiesLookup.java,org.apache.commons.configuration2.interpol.TestSystemPropertiesLookup,setUp/0,lookup,1
/home/sandro/workspace/sandro/MLCQCodeSmellSamples/scripts/../dataset/commons-configuration_34357e075d63c3634310878636f9498847badcab/src/test/java/org/apache/commons/configuration2/interpol/TestSystemPropertiesLookup.java,org.apache.commons.configuration2.interpol.TestSystemPropertiesLookup,testLookupUnknownProperty/0,lookup,2
/home/sandro/workspace/sandro/MLCQCodeSmellSamples/scripts/../dataset/commons-configuration_34357e075d63c3634310878636f9498847badcab/src/test/java/org/apache/commons/configuration2/interpol/TestSystemPropertiesLookup.java,org.apache.commons.configuration2.interpol.TestSystemPropertiesLookup,testLookupProperties/0,lookup,2
/home/sandro/workspace/sandro/MLCQCodeSmellSamples/scripts/../dataset/commons-configuration_34357e075d63c3634310878636f9498847badcab/src/test/java/org/apache/commons/configuration2/TestDynamicCombinedConfiguration.java,org.apache.commons.configuration2.TestDynamicCombinedConfiguration$ReloadThread,run/0,random,1
/home/sandro/workspace/sandro/MLCQCodeSmellSamples/scripts/../dataset/commons-configuration_34357e075d63c3634310878636f9498847badcab/src/test/java/org/apache/commons/configuration2/TestDynamicCombinedConfiguration.java,org.apache.commons.configuration2.TestDynamicCombinedConfiguration$ReloadThread,run/0,failures,3
/home/sandro/workspace/sandro/MLCQCodeSmellSamples/scripts/../dataset/commons-configuration_34357e075d63c3634310878636f9498847badcab/src/test/java/org/apache/commons/configuration2/TestDynamicCombinedConfiguration.java,org.apache.commons.configuration2.TestDynamicCombinedConfiguration$ReloadThread,run/0,useId,1
/home/sandro/workspace/sandro/MLCQCodeSmellSamples/scripts/../dataset/commons-configuration_34357e075d63c3634310878636f9498847badcab/src/test/java/org/apache/commons/configuration2/TestDynamicCombinedConfiguration.java,org.apache.commons.configuration2.TestDynamicCombinedConfiguration$ReloadThread,run/0,expected,1
/home/sandro/workspace/sandro/MLCQCodeSmellSamples/scripts/../dataset/commons-configuration_34357e075d63c3634310878636f9498847badcab/src/test/java/org/apache/commons/configuration2/TestDynamicCombinedConfiguration.java,org.apache.commons.configuration2.TestDynamicCombinedConfiguration$ReloadThread,run/0,count,1
/home/sandro/workspace/sandro/MLCQCodeSmellSamples/scripts/../dataset/commons-configuration_34357e075d63c3634310878636f9498847badcab/src/test/java/org/apache/commons/configuration2/TestDynamicCombinedConfiguration.java,org.apache.commons.configuration2.TestDynamicCombinedConfiguration$ReloadThread,run/0,builder,2
/home/sandro/workspace/sandro/MLCQCodeSmellSamples/scripts/../dataset/commons-configuration_34357e075d63c3634310878636f9498847badcab/src/test/java/org/apache/commons/configuration2/TestDynamicCombinedConfiguration.java,org.apache.commons.configuration2.TestDynamicCombinedConfiguration$ReloadThread,run/0,index,3
/home/sandro/workspace/sandro/MLCQCodeSmellSamples/scripts/../dataset/commons-configuration_34357e075d63c3634310878636f9498847badcab/src/test/java/org/apache/commons/configuration2/TestDynamicCombinedConfiguration.java,org.apache.commons.configuration2.TestDynamicCombinedConfiguration$ReloadThread,run/0,id,1
/home/sandro/workspace/sandro/MLCQCodeSmellSamples/scripts/../dataset/commons-configuration_34357e075d63c3634310878636f9498847badcab/src/test/java/org/apache/commons/configuration2/TestDynamicCombinedConfiguration.java,org.apache.commons.configuration2.TestDynamicCombinedConfiguration$ReloadThread,"ReloadThread/7[org.apache.commons.configuration2.builder.combined.CombinedConfigurationBuilder,int[],int,int,boolean,java.lang.String,java.lang.String]",random,1
/home/sandro/workspace/sandro/MLCQCodeSmellSamples/scripts/../dataset/commons-configuration_34357e075d63c3634310878636f9498847badcab/src/test/java/org/apache/commons/configuration2/TestDynamicCombinedConfiguration.java,org.apache.commons.configuration2.TestDynamicCombinedConfiguration$ReloadThread,"ReloadThread/7[org.apache.commons.configuration2.builder.combined.CombinedConfigurationBuilder,int[],int,int,boolean,java.lang.String,java.lang.String]",failures,3
/home/sandro/workspace/sandro/MLCQCodeSmellSamples/scripts/../dataset/commons-configuration_34357e075d63c3634310878636f9498847badcab/src/test/java/org/apache/commons/configuration2/TestDynamicCombinedConfiguration.java,org.apache.commons.configuration2.TestDynamicCombinedConfiguration$ReloadThread,"ReloadThread/7[org.apache.commons.configuration2.builder.combined.CombinedConfigurationBuilder,int[],int,int,boolean,java.lang.String,java.lang.String]",useId,3
/home/sandro/workspace/sandro/MLCQCodeSmellSamples/scripts/../dataset/commons-configuration_34357e075d63c3634310878636f9498847badcab/src/test/java/org/apache/commons/configuration2/TestDynamicCombinedConfiguration.java,org.apache.commons.configuration2.TestDynamicCombinedConfiguration$ReloadThread,"ReloadThread/7[org.apache.commons.configuration2.builder.combined.CombinedConfigurationBuilder,int[],int,int,boolean,java.lang.String,java.lang.String]",expected,3
/home/sandro/workspace/sandro/MLCQCodeSmellSamples/scripts/../dataset/commons-configuration_34357e075d63c3634310878636f9498847badcab/src/test/java/org/apache/commons/configuration2/TestDynamicCombinedConfiguration.java,org.apache.commons.configuration2.TestDynamicCombinedConfiguration$ReloadThread,"ReloadThread/7[org.apache.commons.configuration2.builder.combined.CombinedConfigurationBuilder,int[],int,int,boolean,java.lang.String,java.lang.String]",count,3
/home/sandro/workspace/sandro/MLCQCodeSmellSamples/scripts/../dataset/commons-configuration_34357e075d63c3634310878636f9498847badcab/src/test/java/org/apache/commons/configuration2/TestDynamicCombinedConfiguration.java,org.apache.commons.configuration2.TestDynamicCombinedConfiguration$ReloadThread,"ReloadThread/7[org.apache.commons.configuration2.builder.combined.CombinedConfigurationBuilder,int[],int,int,boolean,java.lang.String,java.lang.String]",builder,1
/home/sandro/workspace/sandro/MLCQCodeSmellSamples/scripts/../dataset/commons-configuration_34357e075d63c3634310878636f9498847badcab/src/test/java/org/apache/commons/configuration2/TestDynamicCombinedConfiguration.java,org.apache.commons.configuration2.TestDynamicCombinedConfiguration$ReloadThread,"ReloadThread/7[org.apache.commons.configuration2.builder.combined.CombinedConfigurationBuilder,int[],int,int,boolean,java.lang.String,java.lang.String]",index,3
/home/sandro/workspace/sandro/MLCQCodeSmellSamples/scripts/../dataset/commons-configuration_34357e075d63c3634310878636f9498847badcab/src/test/java/org/apache/commons/configuration2/TestDynamicCombinedConfiguration.java,org.apache.commons.configuration2.TestDynamicCombinedConfiguration$ReloadThread,"ReloadThread/7[org.apache.commons.configuration2.builder.combined.CombinedConfigurationBuilder,int[],int,int,boolean,java.lang.String,java.lang.String]",id,3
/home/sandro/workspace/sandro/MLCQCodeSmellSamples/scripts/../dataset/commons-configuration_34357e075d63c3634310878636f9498847badcab/src/test/java/org/apache/commons/configuration2/tree/TestQueryResult.java,org.apache.commons.configuration2.tree.TestQueryResult,testGetAttributeValueNoAttributeResult/0,resultNode,1
/home/sandro/workspace/sandro/MLCQCodeSmellSamples/scripts/../dataset/commons-configuration_34357e075d63c3634310878636f9498847badcab/src/test/java/org/apache/commons/configuration2/tree/TestQueryResult.java,org.apache.commons.configuration2.tree.TestQueryResult,testGetAttributeValue/0,attributeNode,1
/home/sandro/workspace/sandro/MLCQCodeSmellSamples/scripts/../dataset/commons-configuration_34357e075d63c3634310878636f9498847badcab/src/test/java/org/apache/commons/configuration2/tree/TestQueryResult.java,org.apache.commons.configuration2.tree.TestQueryResult,testGetAttributeValue/0,VALUE,1
/home/sandro/workspace/sandro/MLCQCodeSmellSamples/scripts/../dataset/commons-configuration_34357e075d63c3634310878636f9498847badcab/src/test/java/org/apache/commons/configuration2/tree/TestQueryResult.java,org.apache.commons.configuration2.tree.TestQueryResult,testGetAttributeValue/0,ATTR,1
/home/sandro/workspace/sandro/MLCQCodeSmellSamples/scripts/../dataset/commons-configuration_34357e075d63c3634310878636f9498847badcab/src/test/java/org/apache/commons/configuration2/tree/TestQueryResult.java,org.apache.commons.configuration2.tree.TestQueryResult,testEqualsFalse/0,attributeNode,3
/home/sandro/workspace/sandro/MLCQCodeSmellSamples/scripts/../dataset/commons-configuration_34357e075d63c3634310878636f9498847badcab/src/test/java/org/apache/commons/configuration2/tree/TestQueryResult.java,org.apache.commons.configuration2.tree.TestQueryResult,testEqualsFalse/0,resultNode,2
/home/sandro/workspace/sandro/MLCQCodeSmellSamples/scripts/../dataset/commons-configuration_34357e075d63c3634310878636f9498847badcab/src/test/java/org/apache/commons/configuration2/tree/TestQueryResult.java,org.apache.commons.configuration2.tree.TestQueryResult,testEqualsFalse/0,ATTR,2
/home/sandro/workspace/sandro/MLCQCodeSmellSamples/scripts/../dataset/commons-configuration_34357e075d63c3634310878636f9498847badcab/src/test/java/org/apache/commons/configuration2/tree/TestQueryResult.java,org.apache.commons.configuration2.tree.TestQueryResult,testToStringNodeResult/0,resultNode,2
/home/sandro/workspace/sandro/MLCQCodeSmellSamples/scripts/../dataset/commons-configuration_34357e075d63c3634310878636f9498847badcab/src/test/java/org/apache/commons/configuration2/tree/TestQueryResult.java,org.apache.commons.configuration2.tree.TestQueryResult,setUpBeforeClass/0,attributeNode,1
/home/sandro/workspace/sandro/MLCQCodeSmellSamples/scripts/../dataset/commons-configuration_34357e075d63c3634310878636f9498847badcab/src/test/java/org/apache/commons/configuration2/tree/TestQueryResult.java,org.apache.commons.configuration2.tree.TestQueryResult,setUpBeforeClass/0,resultNode,1
/home/sandro/workspace/sandro/MLCQCodeSmellSamples/scripts/../dataset/commons-configuration_34357e075d63c3634310878636f9498847badcab/src/test/java/org/apache/commons/configuration2/tree/TestQueryResult.java,org.apache.commons.configuration2.tree.TestQueryResult,setUpBeforeClass/0,VALUE,1
/home/sandro/workspace/sandro/MLCQCodeSmellSamples/scripts/../dataset/commons-configuration_34357e075d63c3634310878636f9498847badcab/src/test/java/org/apache/commons/configuration2/tree/TestQueryResult.java,org.apache.commons.configuration2.tree.TestQueryResult,setUpBeforeClass/0,ATTR,1
/home/sandro/workspace/sandro/MLCQCodeSmellSamples/scripts/../dataset/commons-configuration_34357e075d63c3634310878636f9498847badcab/src/test/java/org/apache/commons/configuration2/tree/TestQueryResult.java,org.apache.commons.configuration2.tree.TestQueryResult,testIsAttributeResultTrue/0,attributeNode,1
/home/sandro/workspace/sandro/MLCQCodeSmellSamples/scripts/../dataset/commons-configuration_34357e075d63c3634310878636f9498847badcab/src/test/java/org/apache/commons/configuration2/tree/TestQueryResult.java,org.apache.commons.configuration2.tree.TestQueryResult,testIsAttributeResultTrue/0,ATTR,1
/home/sandro/workspace/sandro/MLCQCodeSmellSamples/scripts/../dataset/commons-configuration_34357e075d63c3634310878636f9498847badcab/src/test/java/org/apache/commons/configuration2/tree/TestQueryResult.java,org.apache.commons.configuration2.tree.TestQueryResult,testToStringAttributeResult/0,attributeNode,2
/home/sandro/workspace/sandro/MLCQCodeSmellSamples/scripts/../dataset/commons-configuration_34357e075d63c3634310878636f9498847badcab/src/test/java/org/apache/commons/configuration2/tree/TestQueryResult.java,org.apache.commons.configuration2.tree.TestQueryResult,testToStringAttributeResult/0,ATTR,2
/home/sandro/workspace/sandro/MLCQCodeSmellSamples/scripts/../dataset/commons-configuration_34357e075d63c3634310878636f9498847badcab/src/test/java/org/apache/commons/configuration2/tree/TestQueryResult.java,org.apache.commons.configuration2.tree.TestQueryResult,testEqualsTrue/0,attributeNode,2
/home/sandro/workspace/sandro/MLCQCodeSmellSamples/scripts/../dataset/commons-configuration_34357e075d63c3634310878636f9498847badcab/src/test/java/org/apache/commons/configuration2/tree/TestQueryResult.java,org.apache.commons.configuration2.tree.TestQueryResult,testEqualsTrue/0,resultNode,2
/home/sandro/workspace/sandro/MLCQCodeSmellSamples/scripts/../dataset/commons-configuration_34357e075d63c3634310878636f9498847badcab/src/test/java/org/apache/commons/configuration2/tree/TestQueryResult.java,org.apache.commons.configuration2.tree.TestQueryResult,testEqualsTrue/0,ATTR,2
/home/sandro/workspace/sandro/MLCQCodeSmellSamples/scripts/../dataset/commons-configuration_34357e075d63c3634310878636f9498847badcab/src/test/java/org/apache/commons/configuration2/tree/TestQueryResult.java,org.apache.commons.configuration2.tree.TestQueryResult,testEqualsOtherObjects/0,resultNode,1
/home/sandro/workspace/sandro/MLCQCodeSmellSamples/scripts/../dataset/commons-configuration_34357e075d63c3634310878636f9498847badcab/src/test/java/org/apache/commons/configuration2/tree/TestQueryResult.java,org.apache.commons.configuration2.tree.TestQueryResult,testIsAttributeResultFalse/0,resultNode,1
/home/sandro/workspace/sandro/MLCQCodeSmellSamples/scripts/../dataset/commons-configuration_34357e075d63c3634310878636f9498847badcab/src/main/java/org/apache/commons/configuration2/HierarchicalConfigurationXMLReader.java,org.apache.commons.configuration2.HierarchicalConfigurationXMLReader$SAXVisitor,"fetchAttributes/2[T,org.apache.commons.configuration2.tree.NodeHandler<T>]",ATTR_TYPE,1
/home/sandro/workspace/sandro/MLCQCodeSmellSamples/scripts/../dataset/commons-configuration_34357e075d63c3634310878636f9498847badcab/src/main/java/org/apache/commons/configuration2/reloading/PeriodicReloadingTrigger.java,org.apache.commons.configuration2.reloading.PeriodicReloadingTrigger,"PeriodicReloadingTrigger/5[org.apache.commons.configuration2.reloading.ReloadingController,java.lang.Object,long,java.util.concurrent.TimeUnit,java.util.concurrent.ScheduledExecutorService]",controllerParam,1
/home/sandro/workspace/sandro/MLCQCodeSmellSamples/scripts/../dataset/commons-configuration_34357e075d63c3634310878636f9498847badcab/src/main/java/org/apache/commons/configuration2/reloading/PeriodicReloadingTrigger.java,org.apache.commons.configuration2.reloading.PeriodicReloadingTrigger,"PeriodicReloadingTrigger/5[org.apache.commons.configuration2.reloading.ReloadingController,java.lang.Object,long,java.util.concurrent.TimeUnit,java.util.concurrent.ScheduledExecutorService]",controller,1
/home/sandro/workspace/sandro/MLCQCodeSmellSamples/scripts/../dataset/commons-configuration_34357e075d63c3634310878636f9498847badcab/src/main/java/org/apache/commons/configuration2/reloading/PeriodicReloadingTrigger.java,org.apache.commons.configuration2.reloading.PeriodicReloadingTrigger,"PeriodicReloadingTrigger/5[org.apache.commons.configuration2.reloading.ReloadingController,java.lang.Object,long,java.util.concurrent.TimeUnit,java.util.concurrent.ScheduledExecutorService]",period,1
/home/sandro/workspace/sandro/MLCQCodeSmellSamples/scripts/../dataset/commons-configuration_34357e075d63c3634310878636f9498847badcab/src/main/java/org/apache/commons/configuration2/reloading/PeriodicReloadingTrigger.java,org.apache.commons.configuration2.reloading.PeriodicReloadingTrigger,"PeriodicReloadingTrigger/5[org.apache.commons.configuration2.reloading.ReloadingController,java.lang.Object,long,java.util.concurrent.TimeUnit,java.util.concurrent.ScheduledExecutorService]",executorService,1
/home/sandro/workspace/sandro/MLCQCodeSmellSamples/scripts/../dataset/commons-configuration_34357e075d63c3634310878636f9498847badcab/src/main/java/org/apache/commons/configuration2/reloading/PeriodicReloadingTrigger.java,org.apache.commons.configuration2.reloading.PeriodicReloadingTrigger,"PeriodicReloadingTrigger/5[org.apache.commons.configuration2.reloading.ReloadingController,java.lang.Object,long,java.util.concurrent.TimeUnit,java.util.concurrent.ScheduledExecutorService]",timeUnit,1
/home/sandro/workspace/sandro/MLCQCodeSmellSamples/scripts/../dataset/commons-configuration_34357e075d63c3634310878636f9498847badcab/src/main/java/org/apache/commons/configuration2/reloading/PeriodicReloadingTrigger.java,org.apache.commons.configuration2.reloading.PeriodicReloadingTrigger,getExecutorService/0,executorService,1
/home/sandro/workspace/sandro/MLCQCodeSmellSamples/scripts/../dataset/commons-configuration_34357e075d63c3634310878636f9498847badcab/src/main/java/org/apache/commons/configuration2/reloading/PeriodicReloadingTrigger.java,org.apache.commons.configuration2.reloading.PeriodicReloadingTrigger,isRunning/0,triggerTask,1
/home/sandro/workspace/sandro/MLCQCodeSmellSamples/scripts/../dataset/commons-configuration_34357e075d63c3634310878636f9498847badcab/src/main/java/org/apache/commons/configuration2/reloading/PeriodicReloadingTrigger.java,org.apache.commons.configuration2.reloading.PeriodicReloadingTrigger,start/0,period,2
/home/sandro/workspace/sandro/MLCQCodeSmellSamples/scripts/../dataset/commons-configuration_34357e075d63c3634310878636f9498847badcab/src/main/java/org/apache/commons/configuration2/reloading/PeriodicReloadingTrigger.java,org.apache.commons.configuration2.reloading.PeriodicReloadingTrigger,start/0,triggerTask,1
/home/sandro/workspace/sandro/MLCQCodeSmellSamples/scripts/../dataset/commons-configuration_34357e075d63c3634310878636f9498847badcab/src/main/java/org/apache/commons/configuration2/reloading/PeriodicReloadingTrigger.java,org.apache.commons.configuration2.reloading.PeriodicReloadingTrigger,start/0,timeUnit,1
/home/sandro/workspace/sandro/MLCQCodeSmellSamples/scripts/../dataset/commons-configuration_34357e075d63c3634310878636f9498847badcab/src/main/java/org/apache/commons/configuration2/reloading/PeriodicReloadingTrigger.java,org.apache.commons.configuration2.reloading.PeriodicReloadingTrigger,stop/0,triggerTask,2
/home/sandro/workspace/sandro/MLCQCodeSmellSamples/scripts/../dataset/commons-configuration_34357e075d63c3634310878636f9498847badcab/src/main/java/org/apache/commons/configuration2/tree/ModelTransaction.java,org.apache.commons.configuration2.tree.ModelTransaction$RemoveAttributeOperation,RemoveAttributeOperation/1[java.lang.String],attributeName,1
/home/sandro/workspace/sandro/MLCQCodeSmellSamples/scripts/../dataset/commons-configuration_34357e075d63c3634310878636f9498847badcab/src/main/java/org/apache/commons/configuration2/tree/ModelTransaction.java,org.apache.commons.configuration2.tree.ModelTransaction$RemoveAttributeOperation,"apply/2[org.apache.commons.configuration2.tree.ImmutableNode,org.apache.commons.configuration2.tree.ModelTransaction.Operations]",attributeName,1
/home/sandro/workspace/sandro/MLCQCodeSmellSamples/scripts/../dataset/commons-configuration_34357e075d63c3634310878636f9498847badcab/src/test/java/org/apache/commons/configuration2/io/TestAbsoluteNameLocationStrategy.java,org.apache.commons.configuration2.io.TestAbsoluteNameLocationStrategy,setUp/0,fileSystem,2
/home/sandro/workspace/sandro/MLCQCodeSmellSamples/scripts/../dataset/commons-configuration_34357e075d63c3634310878636f9498847badcab/src/test/java/org/apache/commons/configuration2/io/TestAbsoluteNameLocationStrategy.java,org.apache.commons.configuration2.io.TestAbsoluteNameLocationStrategy,setUp/0,strategy,1
/home/sandro/workspace/sandro/MLCQCodeSmellSamples/scripts/../dataset/commons-configuration_34357e075d63c3634310878636f9498847badcab/src/test/java/org/apache/commons/configuration2/io/TestAbsoluteNameLocationStrategy.java,org.apache.commons.configuration2.io.TestAbsoluteNameLocationStrategy,testNonExistingAbsoluteFile/0,fileSystem,1
/home/sandro/workspace/sandro/MLCQCodeSmellSamples/scripts/../dataset/commons-configuration_34357e075d63c3634310878636f9498847badcab/src/test/java/org/apache/commons/configuration2/io/TestAbsoluteNameLocationStrategy.java,org.apache.commons.configuration2.io.TestAbsoluteNameLocationStrategy,testNonExistingAbsoluteFile/0,strategy,1
/home/sandro/workspace/sandro/MLCQCodeSmellSamples/scripts/../dataset/commons-configuration_34357e075d63c3634310878636f9498847badcab/src/test/java/org/apache/commons/configuration2/io/TestAbsoluteNameLocationStrategy.java,org.apache.commons.configuration2.io.TestAbsoluteNameLocationStrategy,testExistingAbsoluteFile/0,fileSystem,1
/home/sandro/workspace/sandro/MLCQCodeSmellSamples/scripts/../dataset/commons-configuration_34357e075d63c3634310878636f9498847badcab/src/test/java/org/apache/commons/configuration2/io/TestAbsoluteNameLocationStrategy.java,org.apache.commons.configuration2.io.TestAbsoluteNameLocationStrategy,testExistingAbsoluteFile/0,strategy,1
/home/sandro/workspace/sandro/MLCQCodeSmellSamples/scripts/../dataset/commons-configuration_34357e075d63c3634310878636f9498847badcab/src/test/java/org/apache/commons/configuration2/io/TestAbsoluteNameLocationStrategy.java,org.apache.commons.configuration2.io.TestAbsoluteNameLocationStrategy,testNoAbsoluteFileName/0,fileSystem,1
/home/sandro/workspace/sandro/MLCQCodeSmellSamples/scripts/../dataset/commons-configuration_34357e075d63c3634310878636f9498847badcab/src/test/java/org/apache/commons/configuration2/io/TestAbsoluteNameLocationStrategy.java,org.apache.commons.configuration2.io.TestAbsoluteNameLocationStrategy,testNoAbsoluteFileName/0,strategy,1
/home/sandro/workspace/sandro/MLCQCodeSmellSamples/scripts/../dataset/commons-configuration_34357e075d63c3634310878636f9498847badcab/src/test/java/org/apache/commons/configuration2/io/TestAbsoluteNameLocationStrategy.java,org.apache.commons.configuration2.io.TestAbsoluteNameLocationStrategy,testNoFileName/0,fileSystem,1
/home/sandro/workspace/sandro/MLCQCodeSmellSamples/scripts/../dataset/commons-configuration_34357e075d63c3634310878636f9498847badcab/src/test/java/org/apache/commons/configuration2/io/TestAbsoluteNameLocationStrategy.java,org.apache.commons.configuration2.io.TestAbsoluteNameLocationStrategy,testNoFileName/0,strategy,1
/home/sandro/workspace/sandro/MLCQCodeSmellSamples/scripts/../dataset/commons-configuration_34357e075d63c3634310878636f9498847badcab/src/main/java/org/apache/commons/configuration2/builder/fluent/Parameters.java,org.apache.commons.configuration2.builder.fluent.Parameters,getDefaultParametersManager/0,defaultParametersManager,1
/home/sandro/workspace/sandro/MLCQCodeSmellSamples/scripts/../dataset/commons-configuration_34357e075d63c3634310878636f9498847badcab/src/main/java/org/apache/commons/configuration2/builder/fluent/Parameters.java,org.apache.commons.configuration2.builder.fluent.Parameters,Parameters/1[org.apache.commons.configuration2.builder.DefaultParametersManager],defaultParametersManager,1
/home/sandro/workspace/sandro/MLCQCodeSmellSamples/scripts/../dataset/commons-configuration_34357e075d63c3634310878636f9498847badcab/src/test/java/org/apache/commons/configuration2/TestSystemConfiguration.java,org.apache.commons.configuration2.TestSystemConfiguration,testSetSystemPropertiesFromPropertiesFile/0,folder,1
/home/sandro/workspace/sandro/MLCQCodeSmellSamples/scripts/../dataset/commons-configuration_34357e075d63c3634310878636f9498847badcab/src/main/java/org/apache/commons/configuration2/tree/DefaultExpressionEngineSymbols.java,org.apache.commons.configuration2.tree.DefaultExpressionEngineSymbols,DefaultExpressionEngineSymbols/1[org.apache.commons.configuration2.tree.DefaultExpressionEngineSymbols.Builder],attributeEnd,1
/home/sandro/workspace/sandro/MLCQCodeSmellSamples/scripts/../dataset/commons-configuration_34357e075d63c3634310878636f9498847badcab/src/main/java/org/apache/commons/configuration2/tree/DefaultExpressionEngineSymbols.java,org.apache.commons.configuration2.tree.DefaultExpressionEngineSymbols,DefaultExpressionEngineSymbols/1[org.apache.commons.configuration2.tree.DefaultExpressionEngineSymbols.Builder],attributeStart,1
/home/sandro/workspace/sandro/MLCQCodeSmellSamples/scripts/../dataset/commons-configuration_34357e075d63c3634310878636f9498847badcab/src/main/java/org/apache/commons/configuration2/tree/DefaultExpressionEngineSymbols.java,org.apache.commons.configuration2.tree.DefaultExpressionEngineSymbols,DefaultExpressionEngineSymbols/1[org.apache.commons.configuration2.tree.DefaultExpressionEngineSymbols.Builder],escapedDelimiter,1
/home/sandro/workspace/sandro/MLCQCodeSmellSamples/scripts/../dataset/commons-configuration_34357e075d63c3634310878636f9498847badcab/src/main/java/org/apache/commons/configuration2/tree/DefaultExpressionEngineSymbols.java,org.apache.commons.configuration2.tree.DefaultExpressionEngineSymbols,DefaultExpressionEngineSymbols/1[org.apache.commons.configuration2.tree.DefaultExpressionEngineSymbols.Builder],propertyDelimiter,1
/home/sandro/workspace/sandro/MLCQCodeSmellSamples/scripts/../dataset/commons-configuration_34357e075d63c3634310878636f9498847badcab/src/main/java/org/apache/commons/configuration2/tree/DefaultExpressionEngineSymbols.java,org.apache.commons.configuration2.tree.DefaultExpressionEngineSymbols,DefaultExpressionEngineSymbols/1[org.apache.commons.configuration2.tree.DefaultExpressionEngineSymbols.Builder],indexEnd,1
/home/sandro/workspace/sandro/MLCQCodeSmellSamples/scripts/../dataset/commons-configuration_34357e075d63c3634310878636f9498847badcab/src/main/java/org/apache/commons/configuration2/tree/DefaultExpressionEngineSymbols.java,org.apache.commons.configuration2.tree.DefaultExpressionEngineSymbols,DefaultExpressionEngineSymbols/1[org.apache.commons.configuration2.tree.DefaultExpressionEngineSymbols.Builder],indexStart,1
/home/sandro/workspace/sandro/MLCQCodeSmellSamples/scripts/../dataset/commons-configuration_34357e075d63c3634310878636f9498847badcab/src/main/java/org/apache/commons/configuration2/tree/DefaultExpressionEngineSymbols.java,org.apache.commons.configuration2.tree.DefaultExpressionEngineSymbols,getIndexStart/0,indexStart,1
/home/sandro/workspace/sandro/MLCQCodeSmellSamples/scripts/../dataset/commons-configuration_34357e075d63c3634310878636f9498847badcab/src/main/java/org/apache/commons/configuration2/tree/DefaultExpressionEngineSymbols.java,org.apache.commons.configuration2.tree.DefaultExpressionEngineSymbols,getPropertyDelimiter/0,propertyDelimiter,1
/home/sandro/workspace/sandro/MLCQCodeSmellSamples/scripts/../dataset/commons-configuration_34357e075d63c3634310878636f9498847badcab/src/main/java/org/apache/commons/configuration2/tree/DefaultExpressionEngineSymbols.java,org.apache.commons.configuration2.tree.DefaultExpressionEngineSymbols,getAttributeStart/0,attributeStart,1
/home/sandro/workspace/sandro/MLCQCodeSmellSamples/scripts/../dataset/commons-configuration_34357e075d63c3634310878636f9498847badcab/src/main/java/org/apache/commons/configuration2/tree/DefaultExpressionEngineSymbols.java,org.apache.commons.configuration2.tree.DefaultExpressionEngineSymbols,createDefaultSmybols/0,DEFAULT_INDEX_END,1
/home/sandro/workspace/sandro/MLCQCodeSmellSamples/scripts/../dataset/commons-configuration_34357e075d63c3634310878636f9498847badcab/src/main/java/org/apache/commons/configuration2/tree/DefaultExpressionEngineSymbols.java,org.apache.commons.configuration2.tree.DefaultExpressionEngineSymbols,createDefaultSmybols/0,DEFAULT_PROPERTY_DELIMITER,1
/home/sandro/workspace/sandro/MLCQCodeSmellSamples/scripts/../dataset/commons-configuration_34357e075d63c3634310878636f9498847badcab/src/main/java/org/apache/commons/configuration2/tree/DefaultExpressionEngineSymbols.java,org.apache.commons.configuration2.tree.DefaultExpressionEngineSymbols,createDefaultSmybols/0,DEFAULT_ATTRIBUTE_START,1
/home/sandro/workspace/sandro/MLCQCodeSmellSamples/scripts/../dataset/commons-configuration_34357e075d63c3634310878636f9498847badcab/src/main/java/org/apache/commons/configuration2/tree/DefaultExpressionEngineSymbols.java,org.apache.commons.configuration2.tree.DefaultExpressionEngineSymbols,createDefaultSmybols/0,DEFAULT_INDEX_START,1
/home/sandro/workspace/sandro/MLCQCodeSmellSamples/scripts/../dataset/commons-configuration_34357e075d63c3634310878636f9498847badcab/src/main/java/org/apache/commons/configuration2/tree/DefaultExpressionEngineSymbols.java,org.apache.commons.configuration2.tree.DefaultExpressionEngineSymbols,createDefaultSmybols/0,DEFAULT_ATTRIBUTE_END,1
/home/sandro/workspace/sandro/MLCQCodeSmellSamples/scripts/../dataset/commons-configuration_34357e075d63c3634310878636f9498847badcab/src/main/java/org/apache/commons/configuration2/tree/DefaultExpressionEngineSymbols.java,org.apache.commons.configuration2.tree.DefaultExpressionEngineSymbols,createDefaultSmybols/0,DEFAULT_ESCAPED_DELIMITER,1
/home/sandro/workspace/sandro/MLCQCodeSmellSamples/scripts/../dataset/commons-configuration_34357e075d63c3634310878636f9498847badcab/src/main/java/org/apache/commons/configuration2/tree/DefaultExpressionEngineSymbols.java,org.apache.commons.configuration2.tree.DefaultExpressionEngineSymbols,getIndexEnd/0,indexEnd,1
/home/sandro/workspace/sandro/MLCQCodeSmellSamples/scripts/../dataset/commons-configuration_34357e075d63c3634310878636f9498847badcab/src/main/java/org/apache/commons/configuration2/tree/DefaultExpressionEngineSymbols.java,org.apache.commons.configuration2.tree.DefaultExpressionEngineSymbols,getEscapedDelimiter/0,escapedDelimiter,1
/home/sandro/workspace/sandro/MLCQCodeSmellSamples/scripts/../dataset/commons-configuration_34357e075d63c3634310878636f9498847badcab/src/main/java/org/apache/commons/configuration2/tree/DefaultExpressionEngineSymbols.java,org.apache.commons.configuration2.tree.DefaultExpressionEngineSymbols,getAttributeEnd/0,attributeEnd,1
/home/sandro/workspace/sandro/MLCQCodeSmellSamples/scripts/../dataset/commons-configuration_34357e075d63c3634310878636f9498847badcab/src/test/java/org/apache/commons/configuration2/io/TestConfigurationLogger.java,org.apache.commons.configuration2.io.TestConfigurationLogger,testSubClass/0,MSG,2
/home/sandro/workspace/sandro/MLCQCodeSmellSamples/scripts/../dataset/commons-configuration_34357e075d63c3634310878636f9498847badcab/src/test/java/org/apache/commons/configuration2/io/TestConfigurationLogger.java,org.apache.commons.configuration2.io.TestConfigurationLogger,testErrorWithException/0,MSG,2
/home/sandro/workspace/sandro/MLCQCodeSmellSamples/scripts/../dataset/commons-configuration_34357e075d63c3634310878636f9498847badcab/src/test/java/org/apache/commons/configuration2/io/TestConfigurationLogger.java,org.apache.commons.configuration2.io.TestConfigurationLogger,testWarn/0,MSG,2
/home/sandro/workspace/sandro/MLCQCodeSmellSamples/scripts/../dataset/commons-configuration_34357e075d63c3634310878636f9498847badcab/src/test/java/org/apache/commons/configuration2/io/TestConfigurationLogger.java,org.apache.commons.configuration2.io.TestConfigurationLogger,testWarnWithException/0,MSG,2
/home/sandro/workspace/sandro/MLCQCodeSmellSamples/scripts/../dataset/commons-configuration_34357e075d63c3634310878636f9498847badcab/src/test/java/org/apache/commons/configuration2/io/TestConfigurationLogger.java,org.apache.commons.configuration2.io.TestConfigurationLogger,testDebug/0,MSG,2
/home/sandro/workspace/sandro/MLCQCodeSmellSamples/scripts/../dataset/commons-configuration_34357e075d63c3634310878636f9498847badcab/src/test/java/org/apache/commons/configuration2/io/TestConfigurationLogger.java,org.apache.commons.configuration2.io.TestConfigurationLogger,testInfo/0,MSG,2
/home/sandro/workspace/sandro/MLCQCodeSmellSamples/scripts/../dataset/commons-configuration_34357e075d63c3634310878636f9498847badcab/src/test/java/org/apache/commons/configuration2/io/TestConfigurationLogger.java,org.apache.commons.configuration2.io.TestConfigurationLogger,testError/0,MSG,2
/home/sandro/workspace/sandro/MLCQCodeSmellSamples/scripts/../dataset/commons-configuration_34357e075d63c3634310878636f9498847badcab/src/main/java/org/apache/commons/configuration2/tree/NodeTracker.java,org.apache.commons.configuration2.tree.NodeTracker,untrackNode/1[org.apache.commons.configuration2.tree.NodeSelector],trackedNodes,1
/home/sandro/workspace/sandro/MLCQCodeSmellSamples/scripts/../dataset/commons-configuration_34357e075d63c3634310878636f9498847badcab/src/main/java/org/apache/commons/configuration2/tree/NodeTracker.java,org.apache.commons.configuration2.tree.NodeTracker,"replaceAndDetachTrackedNode/2[org.apache.commons.configuration2.tree.NodeSelector,org.apache.commons.configuration2.tree.ImmutableNode]",trackedNodes,1
/home/sandro/workspace/sandro/MLCQCodeSmellSamples/scripts/../dataset/commons-configuration_34357e075d63c3634310878636f9498847badcab/src/main/java/org/apache/commons/configuration2/tree/NodeTracker.java,org.apache.commons.configuration2.tree.NodeTracker,"update/4[org.apache.commons.configuration2.tree.ImmutableNode,org.apache.commons.configuration2.tree.NodeSelector,org.apache.commons.configuration2.tree.NodeKeyResolver<org.apache.commons.configuration2.tree.ImmutableNode>,org.apache.commons.configuration2.tree.NodeHandler<org.apache.commons.configuration2.tree.ImmutableNode>]",trackedNodes,2
/home/sandro/workspace/sandro/MLCQCodeSmellSamples/scripts/../dataset/commons-configuration_34357e075d63c3634310878636f9498847badcab/src/main/java/org/apache/commons/configuration2/tree/NodeTracker.java,org.apache.commons.configuration2.tree.NodeTracker,"NodeTracker/1[java.util.Map<org.apache.commons.configuration2.tree.NodeSelector,org.apache.commons.configuration2.tree.NodeTracker.TrackedNodeData>]",trackedNodes,1
/home/sandro/workspace/sandro/MLCQCodeSmellSamples/scripts/../dataset/commons-configuration_34357e075d63c3634310878636f9498847badcab/src/main/java/org/apache/commons/configuration2/tree/NodeTracker.java,org.apache.commons.configuration2.tree.NodeTracker,getTrackedNodeData/1[org.apache.commons.configuration2.tree.NodeSelector],trackedNodes,1
/home/sandro/workspace/sandro/MLCQCodeSmellSamples/scripts/../dataset/commons-configuration_34357e075d63c3634310878636f9498847badcab/src/main/java/org/apache/commons/configuration2/tree/NodeTracker.java,org.apache.commons.configuration2.tree.NodeTracker,"trackNode/4[org.apache.commons.configuration2.tree.ImmutableNode,org.apache.commons.configuration2.tree.NodeSelector,org.apache.commons.configuration2.tree.NodeKeyResolver<org.apache.commons.configuration2.tree.ImmutableNode>,org.apache.commons.configuration2.tree.NodeHandler<org.apache.commons.configuration2.tree.ImmutableNode>]",trackedNodes,1
/home/sandro/workspace/sandro/MLCQCodeSmellSamples/scripts/../dataset/commons-configuration_34357e075d63c3634310878636f9498847badcab/src/main/java/org/apache/commons/configuration2/tree/NodeTracker.java,org.apache.commons.configuration2.tree.NodeTracker,detachAllTrackedNodes/0,trackedNodes,2
/home/sandro/workspace/sandro/MLCQCodeSmellSamples/scripts/../dataset/commons-configuration_34357e075d63c3634310878636f9498847badcab/src/main/java/org/apache/commons/configuration2/tree/NodeTracker.java,org.apache.commons.configuration2.tree.NodeTracker,"trackNodes/2[java.util.Collection<org.apache.commons.configuration2.tree.NodeSelector>,java.util.Collection<org.apache.commons.configuration2.tree.ImmutableNode>]",trackedNodes,1
/home/sandro/workspace/sandro/MLCQCodeSmellSamples/scripts/../dataset/commons-configuration_34357e075d63c3634310878636f9498847badcab/src/main/java/org/apache/commons/configuration2/builder/combined/MultiWrapDynaBean.java,org.apache.commons.configuration2.builder.combined.MultiWrapDynaBean,MultiWrapDynaBean/1[java.util.Collection<?>],propsToBeans,3
/home/sandro/workspace/sandro/MLCQCodeSmellSamples/scripts/../dataset/commons-configuration_34357e075d63c3634310878636f9498847badcab/src/main/java/org/apache/commons/configuration2/builder/combined/MultiWrapDynaBean.java,org.apache.commons.configuration2.builder.combined.MultiWrapDynaBean,MultiWrapDynaBean/1[java.util.Collection<?>],dynaClass,1
/home/sandro/workspace/sandro/MLCQCodeSmellSamples/scripts/../dataset/commons-configuration_34357e075d63c3634310878636f9498847badcab/src/main/java/org/apache/commons/configuration2/builder/combined/MultiWrapDynaBean.java,org.apache.commons.configuration2.builder.combined.MultiWrapDynaBean,getDynaClass/0,dynaClass,1
/home/sandro/workspace/sandro/MLCQCodeSmellSamples/scripts/../dataset/commons-configuration_34357e075d63c3634310878636f9498847badcab/src/main/java/org/apache/commons/configuration2/builder/combined/MultiWrapDynaBean.java,org.apache.commons.configuration2.builder.combined.MultiWrapDynaBean,fetchBean/1[java.lang.String],propsToBeans,2
/home/sandro/workspace/sandro/MLCQCodeSmellSamples/scripts/../dataset/commons-configuration_34357e075d63c3634310878636f9498847badcab/src/test/java/org/apache/commons/configuration2/builder/combined/TestMultiFileBuilderParametersImpl.java,org.apache.commons.configuration2.builder.combined.TestMultiFileBuilderParametersImpl,testSetManagedBuilderParameters/0,params,3
/home/sandro/workspace/sandro/MLCQCodeSmellSamples/scripts/../dataset/commons-configuration_34357e075d63c3634310878636f9498847badcab/src/test/java/org/apache/commons/configuration2/builder/combined/TestMultiFileBuilderParametersImpl.java,org.apache.commons.configuration2.builder.combined.TestMultiFileBuilderParametersImpl,setUp/0,params,1
/home/sandro/workspace/sandro/MLCQCodeSmellSamples/scripts/../dataset/commons-configuration_34357e075d63c3634310878636f9498847badcab/src/test/java/org/apache/commons/configuration2/builder/combined/TestMultiFileBuilderParametersImpl.java,org.apache.commons.configuration2.builder.combined.TestMultiFileBuilderParametersImpl,testFromParametersFound/0,params,2
/home/sandro/workspace/sandro/MLCQCodeSmellSamples/scripts/../dataset/commons-configuration_34357e075d63c3634310878636f9498847badcab/src/test/java/org/apache/commons/configuration2/builder/combined/TestMultiFileBuilderParametersImpl.java,org.apache.commons.configuration2.builder.combined.TestMultiFileBuilderParametersImpl,testBeanProperties/0,params,7
/home/sandro/workspace/sandro/MLCQCodeSmellSamples/scripts/../dataset/commons-configuration_34357e075d63c3634310878636f9498847badcab/src/test/java/org/apache/commons/configuration2/builder/combined/TestMultiFileBuilderParametersImpl.java,org.apache.commons.configuration2.builder.combined.TestMultiFileBuilderParametersImpl,testFromParametersNewInstance/0,params,2
/home/sandro/workspace/sandro/MLCQCodeSmellSamples/scripts/../dataset/commons-configuration_34357e075d63c3634310878636f9498847badcab/src/test/java/org/apache/commons/configuration2/builder/combined/TestMultiFileBuilderParametersImpl.java,org.apache.commons.configuration2.builder.combined.TestMultiFileBuilderParametersImpl,testSetFilePattern/0,params,3
/home/sandro/workspace/sandro/MLCQCodeSmellSamples/scripts/../dataset/commons-configuration_34357e075d63c3634310878636f9498847badcab/src/test/java/org/apache/commons/configuration2/builder/combined/TestMultiFileBuilderParametersImpl.java,org.apache.commons.configuration2.builder.combined.TestMultiFileBuilderParametersImpl,testClone/0,params,5
/home/sandro/workspace/sandro/MLCQCodeSmellSamples/scripts/../dataset/commons-configuration_34357e075d63c3634310878636f9498847badcab/src/test/java/org/apache/commons/configuration2/builder/TestAutoSaveListener.java,org.apache.commons.configuration2.builder.TestAutoSaveListener,testConfigurationChangedWhileLoading/0,builder,1
/home/sandro/workspace/sandro/MLCQCodeSmellSamples/scripts/../dataset/commons-configuration_34357e075d63c3634310878636f9498847badcab/src/test/java/org/apache/commons/configuration2/builder/TestAutoSaveListener.java,org.apache.commons.configuration2.builder.TestAutoSaveListener,testConfigurationChangedWhileLoading/0,listener,1
/home/sandro/workspace/sandro/MLCQCodeSmellSamples/scripts/../dataset/commons-configuration_34357e075d63c3634310878636f9498847badcab/src/test/java/org/apache/commons/configuration2/builder/TestAutoSaveListener.java,org.apache.commons.configuration2.builder.TestAutoSaveListener,fireChangeEvent/1[boolean],listener,1
/home/sandro/workspace/sandro/MLCQCodeSmellSamples/scripts/../dataset/commons-configuration_34357e075d63c3634310878636f9498847badcab/src/test/java/org/apache/commons/configuration2/builder/TestAutoSaveListener.java,org.apache.commons.configuration2.builder.TestAutoSaveListener,testConfigurationChangedAutoSaveException/0,builder,3
/home/sandro/workspace/sandro/MLCQCodeSmellSamples/scripts/../dataset/commons-configuration_34357e075d63c3634310878636f9498847badcab/src/test/java/org/apache/commons/configuration2/builder/TestAutoSaveListener.java,org.apache.commons.configuration2.builder.TestAutoSaveListener,testUpdateFileHandlerNull/0,listener,4
/home/sandro/workspace/sandro/MLCQCodeSmellSamples/scripts/../dataset/commons-configuration_34357e075d63c3634310878636f9498847badcab/src/test/java/org/apache/commons/configuration2/builder/TestAutoSaveListener.java,org.apache.commons.configuration2.builder.TestAutoSaveListener,testConfigurationChangedAutoSave/0,builder,3
/home/sandro/workspace/sandro/MLCQCodeSmellSamples/scripts/../dataset/commons-configuration_34357e075d63c3634310878636f9498847badcab/src/test/java/org/apache/commons/configuration2/builder/TestAutoSaveListener.java,org.apache.commons.configuration2.builder.TestAutoSaveListener,testUpdateFileHandler/0,listener,5
/home/sandro/workspace/sandro/MLCQCodeSmellSamples/scripts/../dataset/commons-configuration_34357e075d63c3634310878636f9498847badcab/src/test/java/org/apache/commons/configuration2/builder/TestAutoSaveListener.java,org.apache.commons.configuration2.builder.TestAutoSaveListener,setUp/0,builder,2
/home/sandro/workspace/sandro/MLCQCodeSmellSamples/scripts/../dataset/commons-configuration_34357e075d63c3634310878636f9498847badcab/src/test/java/org/apache/commons/configuration2/builder/TestAutoSaveListener.java,org.apache.commons.configuration2.builder.TestAutoSaveListener,setUp/0,listener,1
/home/sandro/workspace/sandro/MLCQCodeSmellSamples/scripts/../dataset/commons-configuration_34357e075d63c3634310878636f9498847badcab/src/test/java/org/apache/commons/configuration2/builder/TestAutoSaveListener.java,org.apache.commons.configuration2.builder.TestAutoSaveListener,testConfigurationChangedAfterLoading/0,builder,3
/home/sandro/workspace/sandro/MLCQCodeSmellSamples/scripts/../dataset/commons-configuration_34357e075d63c3634310878636f9498847badcab/src/test/java/org/apache/commons/configuration2/builder/TestAutoSaveListener.java,org.apache.commons.configuration2.builder.TestAutoSaveListener,testConfigurationChangedAfterLoading/0,listener,2
/home/sandro/workspace/sandro/MLCQCodeSmellSamples/scripts/../dataset/commons-configuration_34357e075d63c3634310878636f9498847badcab/src/test/java/org/apache/commons/configuration2/builder/TestAutoSaveListener.java,org.apache.commons.configuration2.builder.TestAutoSaveListener,testConfigurationChangedBeforeUpdateNoSave/0,builder,1
/home/sandro/workspace/sandro/MLCQCodeSmellSamples/scripts/../dataset/commons-configuration_34357e075d63c3634310878636f9498847badcab/src/test/java/org/apache/commons/configuration2/TestHierarchicalXMLConfiguration.java,org.apache.commons.configuration2.TestHierarchicalXMLConfiguration,configTest/1[org.apache.commons.configuration2.XMLConfiguration],config,9
/home/sandro/workspace/sandro/MLCQCodeSmellSamples/scripts/../dataset/commons-configuration_34357e075d63c3634310878636f9498847badcab/src/test/java/org/apache/commons/configuration2/TestHierarchicalXMLConfiguration.java,org.apache.commons.configuration2.TestHierarchicalXMLConfiguration,testSaveModified/0,folder,1
/home/sandro/workspace/sandro/MLCQCodeSmellSamples/scripts/../dataset/commons-configuration_34357e075d63c3634310878636f9498847badcab/src/test/java/org/apache/commons/configuration2/TestHierarchicalXMLConfiguration.java,org.apache.commons.configuration2.TestHierarchicalXMLConfiguration,testSaveModified/0,TEST_SAVENAME,1
/home/sandro/workspace/sandro/MLCQCodeSmellSamples/scripts/../dataset/commons-configuration_34357e075d63c3634310878636f9498847badcab/src/test/java/org/apache/commons/configuration2/TestHierarchicalXMLConfiguration.java,org.apache.commons.configuration2.TestHierarchicalXMLConfiguration,testSaveModified/0,TEST_FILE3,1
/home/sandro/workspace/sandro/MLCQCodeSmellSamples/scripts/../dataset/commons-configuration_34357e075d63c3634310878636f9498847badcab/src/test/java/org/apache/commons/configuration2/TestHierarchicalXMLConfiguration.java,org.apache.commons.configuration2.TestHierarchicalXMLConfiguration,testSaveModified/0,config,26
/home/sandro/workspace/sandro/MLCQCodeSmellSamples/scripts/../dataset/commons-configuration_34357e075d63c3634310878636f9498847badcab/src/test/java/org/apache/commons/configuration2/TestHierarchicalXMLConfiguration.java,org.apache.commons.configuration2.TestHierarchicalXMLConfiguration,testRootElement/0,config,3
/home/sandro/workspace/sandro/MLCQCodeSmellSamples/scripts/../dataset/commons-configuration_34357e075d63c3634310878636f9498847badcab/src/test/java/org/apache/commons/configuration2/TestHierarchicalXMLConfiguration.java,org.apache.commons.configuration2.TestHierarchicalXMLConfiguration,testLoadBasePath1/0,TEST_FILENAME,1
/home/sandro/workspace/sandro/MLCQCodeSmellSamples/scripts/../dataset/commons-configuration_34357e075d63c3634310878636f9498847badcab/src/test/java/org/apache/commons/configuration2/TestHierarchicalXMLConfiguration.java,org.apache.commons.configuration2.TestHierarchicalXMLConfiguration,testLoadBasePath1/0,config,2
/home/sandro/workspace/sandro/MLCQCodeSmellSamples/scripts/../dataset/commons-configuration_34357e075d63c3634310878636f9498847badcab/src/test/java/org/apache/commons/configuration2/TestHierarchicalXMLConfiguration.java,org.apache.commons.configuration2.TestHierarchicalXMLConfiguration,testLoadBasePath1/0,TEST_DIR,1
/home/sandro/workspace/sandro/MLCQCodeSmellSamples/scripts/../dataset/commons-configuration_34357e075d63c3634310878636f9498847badcab/src/test/java/org/apache/commons/configuration2/TestHierarchicalXMLConfiguration.java,org.apache.commons.configuration2.TestHierarchicalXMLConfiguration,testXmlNodeTypes/0,TEST_FILE2,1
/home/sandro/workspace/sandro/MLCQCodeSmellSamples/scripts/../dataset/commons-configuration_34357e075d63c3634310878636f9498847badcab/src/test/java/org/apache/commons/configuration2/TestHierarchicalXMLConfiguration.java,org.apache.commons.configuration2.TestHierarchicalXMLConfiguration,testXmlNodeTypes/0,config,7
/home/sandro/workspace/sandro/MLCQCodeSmellSamples/scripts/../dataset/commons-configuration_34357e075d63c3634310878636f9498847badcab/src/test/java/org/apache/commons/configuration2/TestHierarchicalXMLConfiguration.java,org.apache.commons.configuration2.TestHierarchicalXMLConfiguration,testSave/0,folder,1
/home/sandro/workspace/sandro/MLCQCodeSmellSamples/scripts/../dataset/commons-configuration_34357e075d63c3634310878636f9498847badcab/src/test/java/org/apache/commons/configuration2/TestHierarchicalXMLConfiguration.java,org.apache.commons.configuration2.TestHierarchicalXMLConfiguration,testSave/0,TEST_SAVENAME,1
/home/sandro/workspace/sandro/MLCQCodeSmellSamples/scripts/../dataset/commons-configuration_34357e075d63c3634310878636f9498847badcab/src/test/java/org/apache/commons/configuration2/TestHierarchicalXMLConfiguration.java,org.apache.commons.configuration2.TestHierarchicalXMLConfiguration,testSave/0,TEST_FILE3,1
/home/sandro/workspace/sandro/MLCQCodeSmellSamples/scripts/../dataset/commons-configuration_34357e075d63c3634310878636f9498847badcab/src/test/java/org/apache/commons/configuration2/TestHierarchicalXMLConfiguration.java,org.apache.commons.configuration2.TestHierarchicalXMLConfiguration,testSave/0,config,9
/home/sandro/workspace/sandro/MLCQCodeSmellSamples/scripts/../dataset/commons-configuration_34357e075d63c3634310878636f9498847badcab/src/test/java/org/apache/commons/configuration2/TestHierarchicalXMLConfiguration.java,org.apache.commons.configuration2.TestHierarchicalXMLConfiguration,testGetProperty/0,TEST_FILE,1
/home/sandro/workspace/sandro/MLCQCodeSmellSamples/scripts/../dataset/commons-configuration_34357e075d63c3634310878636f9498847badcab/src/test/java/org/apache/commons/configuration2/TestHierarchicalXMLConfiguration.java,org.apache.commons.configuration2.TestHierarchicalXMLConfiguration,testGetProperty/0,config,2
/home/sandro/workspace/sandro/MLCQCodeSmellSamples/scripts/../dataset/commons-configuration_34357e075d63c3634310878636f9498847badcab/src/test/java/org/apache/commons/configuration2/TestHierarchicalXMLConfiguration.java,org.apache.commons.configuration2.TestHierarchicalXMLConfiguration,testSetRootElementNameWhenLoadedFromFile/0,TEST_FILE3,1
/home/sandro/workspace/sandro/MLCQCodeSmellSamples/scripts/../dataset/commons-configuration_34357e075d63c3634310878636f9498847badcab/src/test/java/org/apache/commons/configuration2/TestHierarchicalXMLConfiguration.java,org.apache.commons.configuration2.TestHierarchicalXMLConfiguration,testSetRootElementNameWhenLoadedFromFile/0,config,3
/home/sandro/workspace/sandro/MLCQCodeSmellSamples/scripts/../dataset/commons-configuration_34357e075d63c3634310878636f9498847badcab/src/test/java/org/apache/commons/configuration2/TestHierarchicalXMLConfiguration.java,org.apache.commons.configuration2.TestHierarchicalXMLConfiguration,testLoadURL/0,TEST_FILE,1
/home/sandro/workspace/sandro/MLCQCodeSmellSamples/scripts/../dataset/commons-configuration_34357e075d63c3634310878636f9498847badcab/src/test/java/org/apache/commons/configuration2/TestHierarchicalXMLConfiguration.java,org.apache.commons.configuration2.TestHierarchicalXMLConfiguration,testLoadURL/0,config,2
/home/sandro/workspace/sandro/MLCQCodeSmellSamples/scripts/../dataset/commons-configuration_34357e075d63c3634310878636f9498847badcab/src/test/java/org/apache/commons/configuration2/TestHierarchicalXMLConfiguration.java,org.apache.commons.configuration2.TestHierarchicalXMLConfiguration,testLoadBasePath2/0,TEST_FILE,1
/home/sandro/workspace/sandro/MLCQCodeSmellSamples/scripts/../dataset/commons-configuration_34357e075d63c3634310878636f9498847badcab/src/test/java/org/apache/commons/configuration2/TestHierarchicalXMLConfiguration.java,org.apache.commons.configuration2.TestHierarchicalXMLConfiguration,testLoadBasePath2/0,TEST_FILENAME,1
/home/sandro/workspace/sandro/MLCQCodeSmellSamples/scripts/../dataset/commons-configuration_34357e075d63c3634310878636f9498847badcab/src/test/java/org/apache/commons/configuration2/TestHierarchicalXMLConfiguration.java,org.apache.commons.configuration2.TestHierarchicalXMLConfiguration,testLoadBasePath2/0,config,2
/home/sandro/workspace/sandro/MLCQCodeSmellSamples/scripts/../dataset/commons-configuration_34357e075d63c3634310878636f9498847badcab/src/test/java/org/apache/commons/configuration2/TestHierarchicalXMLConfiguration.java,org.apache.commons.configuration2.TestHierarchicalXMLConfiguration,testSaveNew/0,folder,1
/home/sandro/workspace/sandro/MLCQCodeSmellSamples/scripts/../dataset/commons-configuration_34357e075d63c3634310878636f9498847badcab/src/test/java/org/apache/commons/configuration2/TestHierarchicalXMLConfiguration.java,org.apache.commons.configuration2.TestHierarchicalXMLConfiguration,testSaveNew/0,TEST_SAVENAME,1
/home/sandro/workspace/sandro/MLCQCodeSmellSamples/scripts/../dataset/commons-configuration_34357e075d63c3634310878636f9498847badcab/src/test/java/org/apache/commons/configuration2/TestHierarchicalXMLConfiguration.java,org.apache.commons.configuration2.TestHierarchicalXMLConfiguration,testSaveNew/0,config,25
/home/sandro/workspace/sandro/MLCQCodeSmellSamples/scripts/../dataset/commons-configuration_34357e075d63c3634310878636f9498847badcab/src/test/java/org/apache/commons/configuration2/TestHierarchicalXMLConfiguration.java,org.apache.commons.configuration2.TestHierarchicalXMLConfiguration,setUp/0,config,1
/home/sandro/workspace/sandro/MLCQCodeSmellSamples/scripts/../dataset/commons-configuration_34357e075d63c3634310878636f9498847badcab/src/main/java/org/apache/commons/configuration2/tree/DefaultExpressionEngineSymbols.java,org.apache.commons.configuration2.tree.DefaultExpressionEngineSymbols$Builder,setAttributeEnd/1[java.lang.String],attributeEnd,1
/home/sandro/workspace/sandro/MLCQCodeSmellSamples/scripts/../dataset/commons-configuration_34357e075d63c3634310878636f9498847badcab/src/main/java/org/apache/commons/configuration2/tree/DefaultExpressionEngineSymbols.java,org.apache.commons.configuration2.tree.DefaultExpressionEngineSymbols$Builder,setEscapedDelimiter/1[java.lang.String],escapedDelimiter,1
/home/sandro/workspace/sandro/MLCQCodeSmellSamples/scripts/../dataset/commons-configuration_34357e075d63c3634310878636f9498847badcab/src/main/java/org/apache/commons/configuration2/tree/DefaultExpressionEngineSymbols.java,org.apache.commons.configuration2.tree.DefaultExpressionEngineSymbols$Builder,setIndexEnd/1[java.lang.String],indexEnd,1
/home/sandro/workspace/sandro/MLCQCodeSmellSamples/scripts/../dataset/commons-configuration_34357e075d63c3634310878636f9498847badcab/src/main/java/org/apache/commons/configuration2/tree/DefaultExpressionEngineSymbols.java,org.apache.commons.configuration2.tree.DefaultExpressionEngineSymbols$Builder,setAttributeStart/1[java.lang.String],attributeStart,1
/home/sandro/workspace/sandro/MLCQCodeSmellSamples/scripts/../dataset/commons-configuration_34357e075d63c3634310878636f9498847badcab/src/main/java/org/apache/commons/configuration2/tree/DefaultExpressionEngineSymbols.java,org.apache.commons.configuration2.tree.DefaultExpressionEngineSymbols$Builder,Builder/1[org.apache.commons.configuration2.tree.DefaultExpressionEngineSymbols],attributeEnd,1
/home/sandro/workspace/sandro/MLCQCodeSmellSamples/scripts/../dataset/commons-configuration_34357e075d63c3634310878636f9498847badcab/src/main/java/org/apache/commons/configuration2/tree/DefaultExpressionEngineSymbols.java,org.apache.commons.configuration2.tree.DefaultExpressionEngineSymbols$Builder,Builder/1[org.apache.commons.configuration2.tree.DefaultExpressionEngineSymbols],attributeStart,1
/home/sandro/workspace/sandro/MLCQCodeSmellSamples/scripts/../dataset/commons-configuration_34357e075d63c3634310878636f9498847badcab/src/main/java/org/apache/commons/configuration2/tree/DefaultExpressionEngineSymbols.java,org.apache.commons.configuration2.tree.DefaultExpressionEngineSymbols$Builder,Builder/1[org.apache.commons.configuration2.tree.DefaultExpressionEngineSymbols],escapedDelimiter,1
/home/sandro/workspace/sandro/MLCQCodeSmellSamples/scripts/../dataset/commons-configuration_34357e075d63c3634310878636f9498847badcab/src/main/java/org/apache/commons/configuration2/tree/DefaultExpressionEngineSymbols.java,org.apache.commons.configuration2.tree.DefaultExpressionEngineSymbols$Builder,Builder/1[org.apache.commons.configuration2.tree.DefaultExpressionEngineSymbols],propertyDelimiter,1
/home/sandro/workspace/sandro/MLCQCodeSmellSamples/scripts/../dataset/commons-configuration_34357e075d63c3634310878636f9498847badcab/src/main/java/org/apache/commons/configuration2/tree/DefaultExpressionEngineSymbols.java,org.apache.commons.configuration2.tree.DefaultExpressionEngineSymbols$Builder,Builder/1[org.apache.commons.configuration2.tree.DefaultExpressionEngineSymbols],indexEnd,1
/home/sandro/workspace/sandro/MLCQCodeSmellSamples/scripts/../dataset/commons-configuration_34357e075d63c3634310878636f9498847badcab/src/main/java/org/apache/commons/configuration2/tree/DefaultExpressionEngineSymbols.java,org.apache.commons.configuration2.tree.DefaultExpressionEngineSymbols$Builder,Builder/1[org.apache.commons.configuration2.tree.DefaultExpressionEngineSymbols],indexStart,1
/home/sandro/workspace/sandro/MLCQCodeSmellSamples/scripts/../dataset/commons-configuration_34357e075d63c3634310878636f9498847badcab/src/main/java/org/apache/commons/configuration2/tree/DefaultExpressionEngineSymbols.java,org.apache.commons.configuration2.tree.DefaultExpressionEngineSymbols$Builder,setIndexStart/1[java.lang.String],indexStart,1
/home/sandro/workspace/sandro/MLCQCodeSmellSamples/scripts/../dataset/commons-configuration_34357e075d63c3634310878636f9498847badcab/src/main/java/org/apache/commons/configuration2/tree/DefaultExpressionEngineSymbols.java,org.apache.commons.configuration2.tree.DefaultExpressionEngineSymbols$Builder,setPropertyDelimiter/1[java.lang.String],propertyDelimiter,1
/home/sandro/workspace/sandro/MLCQCodeSmellSamples/scripts/../dataset/commons-configuration_34357e075d63c3634310878636f9498847badcab/src/main/java/org/apache/commons/configuration2/resolver/DefaultEntityResolver.java,org.apache.commons.configuration2.resolver.DefaultEntityResolver,getRegisteredEntities/0,registeredEntities,1
/home/sandro/workspace/sandro/MLCQCodeSmellSamples/scripts/../dataset/commons-configuration_34357e075d63c3634310878636f9498847badcab/src/test/java/org/apache/commons/configuration2/test/HsqlDB.java,org.apache.commons.configuration2.test.HsqlDB,loadSqlFile/1[java.lang.String],log,1
/home/sandro/workspace/sandro/MLCQCodeSmellSamples/scripts/../dataset/commons-configuration_34357e075d63c3634310878636f9498847badcab/src/test/java/org/apache/commons/configuration2/test/HsqlDB.java,org.apache.commons.configuration2.test.HsqlDB,loadSqlFile/1[java.lang.String],connection,1
/home/sandro/workspace/sandro/MLCQCodeSmellSamples/scripts/../dataset/commons-configuration_34357e075d63c3634310878636f9498847badcab/src/test/java/org/apache/commons/configuration2/test/HsqlDB.java,org.apache.commons.configuration2.test.HsqlDB,"HsqlDB/3[java.lang.String,java.lang.String,java.lang.String]",connection,2
/home/sandro/workspace/sandro/MLCQCodeSmellSamples/scripts/../dataset/commons-configuration_34357e075d63c3634310878636f9498847badcab/src/test/java/org/apache/commons/configuration2/test/HsqlDB.java,org.apache.commons.configuration2.test.HsqlDB,close/0,connection,1
/home/sandro/workspace/sandro/MLCQCodeSmellSamples/scripts/../dataset/commons-configuration_34357e075d63c3634310878636f9498847badcab/src/test/java/org/apache/commons/configuration2/test/HsqlDB.java,org.apache.commons.configuration2.test.HsqlDB,getConnection/0,connection,1
/home/sandro/workspace/sandro/MLCQCodeSmellSamples/scripts/../dataset/commons-configuration_34357e075d63c3634310878636f9498847badcab/src/main/java/org/apache/commons/configuration2/interpol/ConstantLookup.java,org.apache.commons.configuration2.interpol.ConstantLookup,clear/0,constantCache,2
/home/sandro/workspace/sandro/MLCQCodeSmellSamples/scripts/../dataset/commons-configuration_34357e075d63c3634310878636f9498847badcab/src/main/java/org/apache/commons/configuration2/interpol/ConstantLookup.java,org.apache.commons.configuration2.interpol.ConstantLookup,lookup/1[java.lang.String],log,1
/home/sandro/workspace/sandro/MLCQCodeSmellSamples/scripts/../dataset/commons-configuration_34357e075d63c3634310878636f9498847badcab/src/main/java/org/apache/commons/configuration2/interpol/ConstantLookup.java,org.apache.commons.configuration2.interpol.ConstantLookup,lookup/1[java.lang.String],constantCache,4
/home/sandro/workspace/sandro/MLCQCodeSmellSamples/scripts/../dataset/commons-configuration_34357e075d63c3634310878636f9498847badcab/src/main/java/org/apache/commons/configuration2/interpol/ConstantLookup.java,org.apache.commons.configuration2.interpol.ConstantLookup,lookup/1[java.lang.String],FIELD_SEPRATOR,1
/home/sandro/workspace/sandro/MLCQCodeSmellSamples/scripts/../dataset/commons-configuration_34357e075d63c3634310878636f9498847badcab/src/test/java/org/apache/commons/configuration2/TestXMLDocumentHelper.java,org.apache.commons.configuration2.TestXMLDocumentHelper,testInitForNewDocument/0,ELEMENT,2
/home/sandro/workspace/sandro/MLCQCodeSmellSamples/scripts/../dataset/commons-configuration_34357e075d63c3634310878636f9498847badcab/src/test/java/org/apache/commons/configuration2/TestXMLDocumentHelper.java,org.apache.commons.configuration2.TestXMLDocumentHelper,testElementMappingForNewDocument/0,ELEMENT,1
/home/sandro/workspace/sandro/MLCQCodeSmellSamples/scripts/../dataset/commons-configuration_34357e075d63c3634310878636f9498847badcab/src/test/java/org/apache/commons/configuration2/TestXMLDocumentHelper.java,org.apache.commons.configuration2.TestXMLDocumentHelper,loadDocument/0,TEST_FILE,1
/home/sandro/workspace/sandro/MLCQCodeSmellSamples/scripts/../dataset/commons-configuration_34357e075d63c3634310878636f9498847badcab/src/test/java/org/apache/commons/configuration2/TestXMLDocumentHelper.java,org.apache.commons.configuration2.TestXMLDocumentHelper,testCopyElementMapping/0,TEST_FILE,1
/home/sandro/workspace/sandro/MLCQCodeSmellSamples/scripts/../dataset/commons-configuration_34357e075d63c3634310878636f9498847badcab/src/main/java/org/apache/commons/configuration2/PropertiesConfigurationLayout.java,org.apache.commons.configuration2.PropertiesConfigurationLayout$PropertyLayoutData,setComment/1[java.lang.String],comment,2
/home/sandro/workspace/sandro/MLCQCodeSmellSamples/scripts/../dataset/commons-configuration_34357e075d63c3634310878636f9498847badcab/src/main/java/org/apache/commons/configuration2/PropertiesConfigurationLayout.java,org.apache.commons.configuration2.PropertiesConfigurationLayout$PropertyLayoutData,setSeparator/1[java.lang.String],separator,4
/home/sandro/workspace/sandro/MLCQCodeSmellSamples/scripts/../dataset/commons-configuration_34357e075d63c3634310878636f9498847badcab/src/main/java/org/apache/commons/configuration2/PropertiesConfigurationLayout.java,org.apache.commons.configuration2.PropertiesConfigurationLayout$PropertyLayoutData,addComment/1[java.lang.String],comment,3
/home/sandro/workspace/sandro/MLCQCodeSmellSamples/scripts/../dataset/commons-configuration_34357e075d63c3634310878636f9498847badcab/src/main/java/org/apache/commons/configuration2/PropertiesConfigurationLayout.java,org.apache.commons.configuration2.PropertiesConfigurationLayout$PropertyLayoutData,getBlancLines/0,blancLines,1
/home/sandro/workspace/sandro/MLCQCodeSmellSamples/scripts/../dataset/commons-configuration_34357e075d63c3634310878636f9498847badcab/src/main/java/org/apache/commons/configuration2/PropertiesConfigurationLayout.java,org.apache.commons.configuration2.PropertiesConfigurationLayout$PropertyLayoutData,isSingleLine/0,singleLine,1
/home/sandro/workspace/sandro/MLCQCodeSmellSamples/scripts/../dataset/commons-configuration_34357e075d63c3634310878636f9498847badcab/src/main/java/org/apache/commons/configuration2/PropertiesConfigurationLayout.java,org.apache.commons.configuration2.PropertiesConfigurationLayout$PropertyLayoutData,setSingleLine/1[boolean],singleLine,4
/home/sandro/workspace/sandro/MLCQCodeSmellSamples/scripts/../dataset/commons-configuration_34357e075d63c3634310878636f9498847badcab/src/main/java/org/apache/commons/configuration2/PropertiesConfigurationLayout.java,org.apache.commons.configuration2.PropertiesConfigurationLayout$PropertyLayoutData,setBlancLines/1[int],blancLines,4
/home/sandro/workspace/sandro/MLCQCodeSmellSamples/scripts/../dataset/commons-configuration_34357e075d63c3634310878636f9498847badcab/src/main/java/org/apache/commons/configuration2/PropertiesConfigurationLayout.java,org.apache.commons.configuration2.PropertiesConfigurationLayout$PropertyLayoutData,getComment/0,comment,2
/home/sandro/workspace/sandro/MLCQCodeSmellSamples/scripts/../dataset/commons-configuration_34357e075d63c3634310878636f9498847badcab/src/main/java/org/apache/commons/configuration2/PropertiesConfigurationLayout.java,org.apache.commons.configuration2.PropertiesConfigurationLayout$PropertyLayoutData,clone/0,comment,1
/home/sandro/workspace/sandro/MLCQCodeSmellSamples/scripts/../dataset/commons-configuration_34357e075d63c3634310878636f9498847badcab/src/main/java/org/apache/commons/configuration2/PropertiesConfigurationLayout.java,org.apache.commons.configuration2.PropertiesConfigurationLayout$PropertyLayoutData,PropertyLayoutData/0,singleLine,1
/home/sandro/workspace/sandro/MLCQCodeSmellSamples/scripts/../dataset/commons-configuration_34357e075d63c3634310878636f9498847badcab/src/main/java/org/apache/commons/configuration2/PropertiesConfigurationLayout.java,org.apache.commons.configuration2.PropertiesConfigurationLayout$PropertyLayoutData,PropertyLayoutData/0,separator,1
/home/sandro/workspace/sandro/MLCQCodeSmellSamples/scripts/../dataset/commons-configuration_34357e075d63c3634310878636f9498847badcab/src/main/java/org/apache/commons/configuration2/PropertiesConfigurationLayout.java,org.apache.commons.configuration2.PropertiesConfigurationLayout$PropertyLayoutData,getSeparator/0,separator,1
/home/sandro/workspace/sandro/MLCQCodeSmellSamples/scripts/../dataset/commons-configuration_34357e075d63c3634310878636f9498847badcab/src/main/java/org/apache/commons/configuration2/reloading/CombinedReloadingController.java,org.apache.commons.configuration2.reloading.CombinedReloadingController,getDetector/0,detector,1
/home/sandro/workspace/sandro/MLCQCodeSmellSamples/scripts/../dataset/commons-configuration_34357e075d63c3634310878636f9498847badcab/src/main/java/org/apache/commons/configuration2/reloading/CombinedReloadingController.java,org.apache.commons.configuration2.reloading.CombinedReloadingController,CombinedReloadingController/1[java.util.Collection<? extends org.apache.commons.configuration2.reloading.ReloadingController>],controllers,1
/home/sandro/workspace/sandro/MLCQCodeSmellSamples/scripts/../dataset/commons-configuration_34357e075d63c3634310878636f9498847badcab/src/main/java/org/apache/commons/configuration2/reloading/CombinedReloadingController.java,org.apache.commons.configuration2.reloading.CombinedReloadingController,CombinedReloadingController/1[java.util.Collection<? extends org.apache.commons.configuration2.reloading.ReloadingController>],detector,1
/home/sandro/workspace/sandro/MLCQCodeSmellSamples/scripts/../dataset/commons-configuration_34357e075d63c3634310878636f9498847badcab/src/main/java/org/apache/commons/configuration2/reloading/CombinedReloadingController.java,org.apache.commons.configuration2.reloading.CombinedReloadingController,CombinedReloadingController/1[java.util.Collection<? extends org.apache.commons.configuration2.reloading.ReloadingController>],DUMMY,1
/home/sandro/workspace/sandro/MLCQCodeSmellSamples/scripts/../dataset/commons-configuration_34357e075d63c3634310878636f9498847badcab/src/main/java/org/apache/commons/configuration2/reloading/CombinedReloadingController.java,org.apache.commons.configuration2.reloading.CombinedReloadingController,getSubControllers/0,controllers,1
/home/sandro/workspace/sandro/MLCQCodeSmellSamples/scripts/../dataset/commons-configuration_34357e075d63c3634310878636f9498847badcab/src/main/java/org/apache/commons/configuration2/builder/DefaultParametersManager.java,org.apache.commons.configuration2.builder.DefaultParametersManager$DefaultHandlerData,"DefaultHandlerData/3[org.apache.commons.configuration2.builder.DefaultParametersHandler<?>,java.lang.Class<?>,java.lang.Class<?>]",handler,1
/home/sandro/workspace/sandro/MLCQCodeSmellSamples/scripts/../dataset/commons-configuration_34357e075d63c3634310878636f9498847badcab/src/main/java/org/apache/commons/configuration2/builder/DefaultParametersManager.java,org.apache.commons.configuration2.builder.DefaultParametersManager$DefaultHandlerData,"DefaultHandlerData/3[org.apache.commons.configuration2.builder.DefaultParametersHandler<?>,java.lang.Class<?>,java.lang.Class<?>]",parameterClass,1
/home/sandro/workspace/sandro/MLCQCodeSmellSamples/scripts/../dataset/commons-configuration_34357e075d63c3634310878636f9498847badcab/src/main/java/org/apache/commons/configuration2/builder/DefaultParametersManager.java,org.apache.commons.configuration2.builder.DefaultParametersManager$DefaultHandlerData,"DefaultHandlerData/3[org.apache.commons.configuration2.builder.DefaultParametersHandler<?>,java.lang.Class<?>,java.lang.Class<?>]",startClass,1
/home/sandro/workspace/sandro/MLCQCodeSmellSamples/scripts/../dataset/commons-configuration_34357e075d63c3634310878636f9498847badcab/src/main/java/org/apache/commons/configuration2/builder/DefaultParametersManager.java,org.apache.commons.configuration2.builder.DefaultParametersManager$DefaultHandlerData,"isOccurrence/2[org.apache.commons.configuration2.builder.DefaultParametersHandler<?>,java.lang.Class<?>]",handler,1
/home/sandro/workspace/sandro/MLCQCodeSmellSamples/scripts/../dataset/commons-configuration_34357e075d63c3634310878636f9498847badcab/src/main/java/org/apache/commons/configuration2/builder/DefaultParametersManager.java,org.apache.commons.configuration2.builder.DefaultParametersManager$DefaultHandlerData,"isOccurrence/2[org.apache.commons.configuration2.builder.DefaultParametersHandler<?>,java.lang.Class<?>]",startClass,1
/home/sandro/workspace/sandro/MLCQCodeSmellSamples/scripts/../dataset/commons-configuration_34357e075d63c3634310878636f9498847badcab/src/main/java/org/apache/commons/configuration2/builder/DefaultParametersManager.java,org.apache.commons.configuration2.builder.DefaultParametersManager$DefaultHandlerData,applyHandlerIfMatching/1[org.apache.commons.configuration2.builder.BuilderParameters],parameterClass,1
/home/sandro/workspace/sandro/MLCQCodeSmellSamples/scripts/../dataset/commons-configuration_34357e075d63c3634310878636f9498847badcab/src/main/java/org/apache/commons/configuration2/builder/DefaultParametersManager.java,org.apache.commons.configuration2.builder.DefaultParametersManager$DefaultHandlerData,applyHandlerIfMatching/1[org.apache.commons.configuration2.builder.BuilderParameters],handler,1
/home/sandro/workspace/sandro/MLCQCodeSmellSamples/scripts/../dataset/commons-configuration_34357e075d63c3634310878636f9498847badcab/src/main/java/org/apache/commons/configuration2/builder/DefaultParametersManager.java,org.apache.commons.configuration2.builder.DefaultParametersManager$DefaultHandlerData,applyHandlerIfMatching/1[org.apache.commons.configuration2.builder.BuilderParameters],startClass,2
/home/sandro/workspace/sandro/MLCQCodeSmellSamples/scripts/../dataset/commons-configuration_34357e075d63c3634310878636f9498847badcab/src/test/java/org/apache/commons/configuration2/reloading/TestPeriodicReloadingTrigger.java,org.apache.commons.configuration2.reloading.TestPeriodicReloadingTrigger,testStop/0,controller,2
/home/sandro/workspace/sandro/MLCQCodeSmellSamples/scripts/../dataset/commons-configuration_34357e075d63c3634310878636f9498847badcab/src/test/java/org/apache/commons/configuration2/reloading/TestPeriodicReloadingTrigger.java,org.apache.commons.configuration2.reloading.TestPeriodicReloadingTrigger,testStop/0,executor,2
/home/sandro/workspace/sandro/MLCQCodeSmellSamples/scripts/../dataset/commons-configuration_34357e075d63c3634310878636f9498847badcab/src/test/java/org/apache/commons/configuration2/reloading/TestPeriodicReloadingTrigger.java,org.apache.commons.configuration2.reloading.TestPeriodicReloadingTrigger,testShutdown/0,controller,2
/home/sandro/workspace/sandro/MLCQCodeSmellSamples/scripts/../dataset/commons-configuration_34357e075d63c3634310878636f9498847badcab/src/test/java/org/apache/commons/configuration2/reloading/TestPeriodicReloadingTrigger.java,org.apache.commons.configuration2.reloading.TestPeriodicReloadingTrigger,testShutdown/0,executor,3
/home/sandro/workspace/sandro/MLCQCodeSmellSamples/scripts/../dataset/commons-configuration_34357e075d63c3634310878636f9498847badcab/src/test/java/org/apache/commons/configuration2/reloading/TestPeriodicReloadingTrigger.java,org.apache.commons.configuration2.reloading.TestPeriodicReloadingTrigger,testInitNoController/0,CTRL_PARAM,1
/home/sandro/workspace/sandro/MLCQCodeSmellSamples/scripts/../dataset/commons-configuration_34357e075d63c3634310878636f9498847badcab/src/test/java/org/apache/commons/configuration2/reloading/TestPeriodicReloadingTrigger.java,org.apache.commons.configuration2.reloading.TestPeriodicReloadingTrigger,testInitNoController/0,UNIT,1
/home/sandro/workspace/sandro/MLCQCodeSmellSamples/scripts/../dataset/commons-configuration_34357e075d63c3634310878636f9498847badcab/src/test/java/org/apache/commons/configuration2/reloading/TestPeriodicReloadingTrigger.java,org.apache.commons.configuration2.reloading.TestPeriodicReloadingTrigger,testInitNoController/0,PERIOD,1
/home/sandro/workspace/sandro/MLCQCodeSmellSamples/scripts/../dataset/commons-configuration_34357e075d63c3634310878636f9498847badcab/src/test/java/org/apache/commons/configuration2/reloading/TestPeriodicReloadingTrigger.java,org.apache.commons.configuration2.reloading.TestPeriodicReloadingTrigger,testStopNotRunning/0,controller,1
/home/sandro/workspace/sandro/MLCQCodeSmellSamples/scripts/../dataset/commons-configuration_34357e075d63c3634310878636f9498847badcab/src/test/java/org/apache/commons/configuration2/reloading/TestPeriodicReloadingTrigger.java,org.apache.commons.configuration2.reloading.TestPeriodicReloadingTrigger,testStopNotRunning/0,executor,1
/home/sandro/workspace/sandro/MLCQCodeSmellSamples/scripts/../dataset/commons-configuration_34357e075d63c3634310878636f9498847badcab/src/test/java/org/apache/commons/configuration2/reloading/TestPeriodicReloadingTrigger.java,org.apache.commons.configuration2.reloading.TestPeriodicReloadingTrigger,expectSchedule/1[java.util.concurrent.ScheduledFuture<java.lang.Void>],UNIT,1
/home/sandro/workspace/sandro/MLCQCodeSmellSamples/scripts/../dataset/commons-configuration_34357e075d63c3634310878636f9498847badcab/src/test/java/org/apache/commons/configuration2/reloading/TestPeriodicReloadingTrigger.java,org.apache.commons.configuration2.reloading.TestPeriodicReloadingTrigger,expectSchedule/1[java.util.concurrent.ScheduledFuture<java.lang.Void>],executor,1
/home/sandro/workspace/sandro/MLCQCodeSmellSamples/scripts/../dataset/commons-configuration_34357e075d63c3634310878636f9498847badcab/src/test/java/org/apache/commons/configuration2/reloading/TestPeriodicReloadingTrigger.java,org.apache.commons.configuration2.reloading.TestPeriodicReloadingTrigger,expectSchedule/1[java.util.concurrent.ScheduledFuture<java.lang.Void>],PERIOD,2
/home/sandro/workspace/sandro/MLCQCodeSmellSamples/scripts/../dataset/commons-configuration_34357e075d63c3634310878636f9498847badcab/src/test/java/org/apache/commons/configuration2/reloading/TestPeriodicReloadingTrigger.java,org.apache.commons.configuration2.reloading.TestPeriodicReloadingTrigger,testStartTwice/0,controller,2
/home/sandro/workspace/sandro/MLCQCodeSmellSamples/scripts/../dataset/commons-configuration_34357e075d63c3634310878636f9498847badcab/src/test/java/org/apache/commons/configuration2/reloading/TestPeriodicReloadingTrigger.java,org.apache.commons.configuration2.reloading.TestPeriodicReloadingTrigger,testStartTwice/0,executor,2
/home/sandro/workspace/sandro/MLCQCodeSmellSamples/scripts/../dataset/commons-configuration_34357e075d63c3634310878636f9498847badcab/src/test/java/org/apache/commons/configuration2/reloading/TestPeriodicReloadingTrigger.java,org.apache.commons.configuration2.reloading.TestPeriodicReloadingTrigger,setUp/0,controller,1
/home/sandro/workspace/sandro/MLCQCodeSmellSamples/scripts/../dataset/commons-configuration_34357e075d63c3634310878636f9498847badcab/src/test/java/org/apache/commons/configuration2/reloading/TestPeriodicReloadingTrigger.java,org.apache.commons.configuration2.reloading.TestPeriodicReloadingTrigger,setUp/0,executor,1
/home/sandro/workspace/sandro/MLCQCodeSmellSamples/scripts/../dataset/commons-configuration_34357e075d63c3634310878636f9498847badcab/src/test/java/org/apache/commons/configuration2/reloading/TestPeriodicReloadingTrigger.java,org.apache.commons.configuration2.reloading.TestPeriodicReloadingTrigger,testShutdownNoExecutor/0,controller,1
/home/sandro/workspace/sandro/MLCQCodeSmellSamples/scripts/../dataset/commons-configuration_34357e075d63c3634310878636f9498847badcab/src/test/java/org/apache/commons/configuration2/reloading/TestPeriodicReloadingTrigger.java,org.apache.commons.configuration2.reloading.TestPeriodicReloadingTrigger,testShutdownNoExecutor/0,executor,1
/home/sandro/workspace/sandro/MLCQCodeSmellSamples/scripts/../dataset/commons-configuration_34357e075d63c3634310878636f9498847badcab/src/test/java/org/apache/commons/configuration2/reloading/TestPeriodicReloadingTrigger.java,org.apache.commons.configuration2.reloading.TestPeriodicReloadingTrigger,testDefaultExecutor/0,CTRL_PARAM,1
/home/sandro/workspace/sandro/MLCQCodeSmellSamples/scripts/../dataset/commons-configuration_34357e075d63c3634310878636f9498847badcab/src/test/java/org/apache/commons/configuration2/reloading/TestPeriodicReloadingTrigger.java,org.apache.commons.configuration2.reloading.TestPeriodicReloadingTrigger,testDefaultExecutor/0,controller,1
/home/sandro/workspace/sandro/MLCQCodeSmellSamples/scripts/../dataset/commons-configuration_34357e075d63c3634310878636f9498847badcab/src/test/java/org/apache/commons/configuration2/reloading/TestPeriodicReloadingTrigger.java,org.apache.commons.configuration2.reloading.TestPeriodicReloadingTrigger,testDefaultExecutor/0,UNIT,1
/home/sandro/workspace/sandro/MLCQCodeSmellSamples/scripts/../dataset/commons-configuration_34357e075d63c3634310878636f9498847badcab/src/test/java/org/apache/commons/configuration2/reloading/TestPeriodicReloadingTrigger.java,org.apache.commons.configuration2.reloading.TestPeriodicReloadingTrigger,testDefaultExecutor/0,PERIOD,1
/home/sandro/workspace/sandro/MLCQCodeSmellSamples/scripts/../dataset/commons-configuration_34357e075d63c3634310878636f9498847badcab/src/test/java/org/apache/commons/configuration2/reloading/TestPeriodicReloadingTrigger.java,org.apache.commons.configuration2.reloading.TestPeriodicReloadingTrigger,testStart/0,CTRL_PARAM,1
/home/sandro/workspace/sandro/MLCQCodeSmellSamples/scripts/../dataset/commons-configuration_34357e075d63c3634310878636f9498847badcab/src/test/java/org/apache/commons/configuration2/reloading/TestPeriodicReloadingTrigger.java,org.apache.commons.configuration2.reloading.TestPeriodicReloadingTrigger,testStart/0,controller,3
/home/sandro/workspace/sandro/MLCQCodeSmellSamples/scripts/../dataset/commons-configuration_34357e075d63c3634310878636f9498847badcab/src/test/java/org/apache/commons/configuration2/reloading/TestPeriodicReloadingTrigger.java,org.apache.commons.configuration2.reloading.TestPeriodicReloadingTrigger,testStart/0,executor,2
/home/sandro/workspace/sandro/MLCQCodeSmellSamples/scripts/../dataset/commons-configuration_34357e075d63c3634310878636f9498847badcab/src/test/java/org/apache/commons/configuration2/reloading/TestPeriodicReloadingTrigger.java,org.apache.commons.configuration2.reloading.TestPeriodicReloadingTrigger,createTrigger/0,CTRL_PARAM,1
/home/sandro/workspace/sandro/MLCQCodeSmellSamples/scripts/../dataset/commons-configuration_34357e075d63c3634310878636f9498847badcab/src/test/java/org/apache/commons/configuration2/reloading/TestPeriodicReloadingTrigger.java,org.apache.commons.configuration2.reloading.TestPeriodicReloadingTrigger,createTrigger/0,controller,1
/home/sandro/workspace/sandro/MLCQCodeSmellSamples/scripts/../dataset/commons-configuration_34357e075d63c3634310878636f9498847badcab/src/test/java/org/apache/commons/configuration2/reloading/TestPeriodicReloadingTrigger.java,org.apache.commons.configuration2.reloading.TestPeriodicReloadingTrigger,createTrigger/0,UNIT,1
/home/sandro/workspace/sandro/MLCQCodeSmellSamples/scripts/../dataset/commons-configuration_34357e075d63c3634310878636f9498847badcab/src/test/java/org/apache/commons/configuration2/reloading/TestPeriodicReloadingTrigger.java,org.apache.commons.configuration2.reloading.TestPeriodicReloadingTrigger,createTrigger/0,executor,1
/home/sandro/workspace/sandro/MLCQCodeSmellSamples/scripts/../dataset/commons-configuration_34357e075d63c3634310878636f9498847badcab/src/test/java/org/apache/commons/configuration2/reloading/TestPeriodicReloadingTrigger.java,org.apache.commons.configuration2.reloading.TestPeriodicReloadingTrigger,createTrigger/0,PERIOD,1
/home/sandro/workspace/sandro/MLCQCodeSmellSamples/scripts/../dataset/commons-configuration_34357e075d63c3634310878636f9498847badcab/src/test/java/org/apache/commons/configuration2/builder/fluent/TestConfigurations.java,org.apache.commons.configuration2.builder.fluent.TestConfigurations,testINIFromFile/0,TEST_INI,1
/home/sandro/workspace/sandro/MLCQCodeSmellSamples/scripts/../dataset/commons-configuration_34357e075d63c3634310878636f9498847badcab/src/test/java/org/apache/commons/configuration2/builder/fluent/TestConfigurations.java,org.apache.commons.configuration2.builder.fluent.TestConfigurations,testXMLFromFile/0,TEST_XML,1
/home/sandro/workspace/sandro/MLCQCodeSmellSamples/scripts/../dataset/commons-configuration_34357e075d63c3634310878636f9498847badcab/src/test/java/org/apache/commons/configuration2/builder/fluent/TestConfigurations.java,org.apache.commons.configuration2.builder.fluent.TestConfigurations,testCombinedFromPath/0,TEST_COMBINED,1
/home/sandro/workspace/sandro/MLCQCodeSmellSamples/scripts/../dataset/commons-configuration_34357e075d63c3634310878636f9498847badcab/src/test/java/org/apache/commons/configuration2/builder/fluent/TestConfigurations.java,org.apache.commons.configuration2.builder.fluent.TestConfigurations,testPropertiesBuilderFromPath/0,TEST_PROPERTIES,1
/home/sandro/workspace/sandro/MLCQCodeSmellSamples/scripts/../dataset/commons-configuration_34357e075d63c3634310878636f9498847badcab/src/test/java/org/apache/commons/configuration2/builder/fluent/TestConfigurations.java,org.apache.commons.configuration2.builder.fluent.TestConfigurations,testFileBasedBuilderWithFile/0,TEST_PROPERTIES,1
/home/sandro/workspace/sandro/MLCQCodeSmellSamples/scripts/../dataset/commons-configuration_34357e075d63c3634310878636f9498847badcab/src/test/java/org/apache/commons/configuration2/builder/fluent/TestConfigurations.java,org.apache.commons.configuration2.builder.fluent.TestConfigurations,testXMLFromURL/0,TEST_XML,1
/home/sandro/workspace/sandro/MLCQCodeSmellSamples/scripts/../dataset/commons-configuration_34357e075d63c3634310878636f9498847badcab/src/test/java/org/apache/commons/configuration2/builder/fluent/TestConfigurations.java,org.apache.commons.configuration2.builder.fluent.TestConfigurations,testPropertiesFromURL/0,TEST_PROPERTIES,1
/home/sandro/workspace/sandro/MLCQCodeSmellSamples/scripts/../dataset/commons-configuration_34357e075d63c3634310878636f9498847badcab/src/test/java/org/apache/commons/configuration2/builder/fluent/TestConfigurations.java,org.apache.commons.configuration2.builder.fluent.TestConfigurations,testXMLBuilderFromFile/0,TEST_XML,1
/home/sandro/workspace/sandro/MLCQCodeSmellSamples/scripts/../dataset/commons-configuration_34357e075d63c3634310878636f9498847badcab/src/test/java/org/apache/commons/configuration2/builder/fluent/TestConfigurations.java,org.apache.commons.configuration2.builder.fluent.TestConfigurations,testINIFromURL/0,TEST_INI,1
/home/sandro/workspace/sandro/MLCQCodeSmellSamples/scripts/../dataset/commons-configuration_34357e075d63c3634310878636f9498847badcab/src/test/java/org/apache/commons/configuration2/builder/fluent/TestConfigurations.java,org.apache.commons.configuration2.builder.fluent.TestConfigurations,testINIBuilderFromPath/0,TEST_INI,1
/home/sandro/workspace/sandro/MLCQCodeSmellSamples/scripts/../dataset/commons-configuration_34357e075d63c3634310878636f9498847badcab/src/test/java/org/apache/commons/configuration2/builder/fluent/TestConfigurations.java,org.apache.commons.configuration2.builder.fluent.TestConfigurations,testCombinedBuilderFromURL/0,TEST_COMBINED,1
/home/sandro/workspace/sandro/MLCQCodeSmellSamples/scripts/../dataset/commons-configuration_34357e075d63c3634310878636f9498847badcab/src/test/java/org/apache/commons/configuration2/builder/fluent/TestConfigurations.java,org.apache.commons.configuration2.builder.fluent.TestConfigurations,testFileBasedURL/0,TEST_PLIST,1
/home/sandro/workspace/sandro/MLCQCodeSmellSamples/scripts/../dataset/commons-configuration_34357e075d63c3634310878636f9498847badcab/src/test/java/org/apache/commons/configuration2/builder/fluent/TestConfigurations.java,org.apache.commons.configuration2.builder.fluent.TestConfigurations,testFileBasedFile/0,TEST_PLIST,1
/home/sandro/workspace/sandro/MLCQCodeSmellSamples/scripts/../dataset/commons-configuration_34357e075d63c3634310878636f9498847badcab/src/test/java/org/apache/commons/configuration2/builder/fluent/TestConfigurations.java,org.apache.commons.configuration2.builder.fluent.TestConfigurations,testPropertiesBuilderFromFile/0,TEST_PROPERTIES,1
/home/sandro/workspace/sandro/MLCQCodeSmellSamples/scripts/../dataset/commons-configuration_34357e075d63c3634310878636f9498847badcab/src/test/java/org/apache/commons/configuration2/builder/fluent/TestConfigurations.java,org.apache.commons.configuration2.builder.fluent.TestConfigurations,testCombinedFromURL/0,TEST_COMBINED,1
/home/sandro/workspace/sandro/MLCQCodeSmellSamples/scripts/../dataset/commons-configuration_34357e075d63c3634310878636f9498847badcab/src/test/java/org/apache/commons/configuration2/builder/fluent/TestConfigurations.java,org.apache.commons.configuration2.builder.fluent.TestConfigurations,testXMLFromPath/0,TEST_XML,1
/home/sandro/workspace/sandro/MLCQCodeSmellSamples/scripts/../dataset/commons-configuration_34357e075d63c3634310878636f9498847badcab/src/test/java/org/apache/commons/configuration2/builder/fluent/TestConfigurations.java,org.apache.commons.configuration2.builder.fluent.TestConfigurations,testXMLBuilderFromURL/0,TEST_XML,1
/home/sandro/workspace/sandro/MLCQCodeSmellSamples/scripts/../dataset/commons-configuration_34357e075d63c3634310878636f9498847badcab/src/test/java/org/apache/commons/configuration2/builder/fluent/TestConfigurations.java,org.apache.commons.configuration2.builder.fluent.TestConfigurations,testCombinedFromFile/0,TEST_COMBINED,1
/home/sandro/workspace/sandro/MLCQCodeSmellSamples/scripts/../dataset/commons-configuration_34357e075d63c3634310878636f9498847badcab/src/test/java/org/apache/commons/configuration2/builder/fluent/TestConfigurations.java,org.apache.commons.configuration2.builder.fluent.TestConfigurations,testINIBuilderFromFile/0,TEST_INI,1
/home/sandro/workspace/sandro/MLCQCodeSmellSamples/scripts/../dataset/commons-configuration_34357e075d63c3634310878636f9498847badcab/src/test/java/org/apache/commons/configuration2/builder/fluent/TestConfigurations.java,org.apache.commons.configuration2.builder.fluent.TestConfigurations,testINIBuilderFromURL/0,TEST_INI,1
/home/sandro/workspace/sandro/MLCQCodeSmellSamples/scripts/../dataset/commons-configuration_34357e075d63c3634310878636f9498847badcab/src/test/java/org/apache/commons/configuration2/builder/fluent/TestConfigurations.java,org.apache.commons.configuration2.builder.fluent.TestConfigurations,testFileBasedPath/0,TEST_PLIST,1
/home/sandro/workspace/sandro/MLCQCodeSmellSamples/scripts/../dataset/commons-configuration_34357e075d63c3634310878636f9498847badcab/src/test/java/org/apache/commons/configuration2/builder/fluent/TestConfigurations.java,org.apache.commons.configuration2.builder.fluent.TestConfigurations,testINIFromPath/0,TEST_INI,1
/home/sandro/workspace/sandro/MLCQCodeSmellSamples/scripts/../dataset/commons-configuration_34357e075d63c3634310878636f9498847badcab/src/test/java/org/apache/commons/configuration2/builder/fluent/TestConfigurations.java,org.apache.commons.configuration2.builder.fluent.TestConfigurations,testXMLBuilderFromPath/0,TEST_XML,1
/home/sandro/workspace/sandro/MLCQCodeSmellSamples/scripts/../dataset/commons-configuration_34357e075d63c3634310878636f9498847badcab/src/test/java/org/apache/commons/configuration2/builder/fluent/TestConfigurations.java,org.apache.commons.configuration2.builder.fluent.TestConfigurations,testCombinedBuilderFromPath/0,TEST_COMBINED,1
/home/sandro/workspace/sandro/MLCQCodeSmellSamples/scripts/../dataset/commons-configuration_34357e075d63c3634310878636f9498847badcab/src/test/java/org/apache/commons/configuration2/builder/fluent/TestConfigurations.java,org.apache.commons.configuration2.builder.fluent.TestConfigurations,testPropertiesFromFile/0,TEST_PROPERTIES,1
/home/sandro/workspace/sandro/MLCQCodeSmellSamples/scripts/../dataset/commons-configuration_34357e075d63c3634310878636f9498847badcab/src/test/java/org/apache/commons/configuration2/builder/fluent/TestConfigurations.java,org.apache.commons.configuration2.builder.fluent.TestConfigurations,testCombinedBuilderFromFile/0,TEST_COMBINED,1
/home/sandro/workspace/sandro/MLCQCodeSmellSamples/scripts/../dataset/commons-configuration_34357e075d63c3634310878636f9498847badcab/src/test/java/org/apache/commons/configuration2/builder/fluent/TestConfigurations.java,org.apache.commons.configuration2.builder.fluent.TestConfigurations,testFileBasedBuilderWithPath/0,TEST_PROPERTIES,1
/home/sandro/workspace/sandro/MLCQCodeSmellSamples/scripts/../dataset/commons-configuration_34357e075d63c3634310878636f9498847badcab/src/test/java/org/apache/commons/configuration2/builder/fluent/TestConfigurations.java,org.apache.commons.configuration2.builder.fluent.TestConfigurations,testPropertiesBuilderFromURL/0,TEST_PROPERTIES,1
/home/sandro/workspace/sandro/MLCQCodeSmellSamples/scripts/../dataset/commons-configuration_34357e075d63c3634310878636f9498847badcab/src/test/java/org/apache/commons/configuration2/builder/fluent/TestConfigurations.java,org.apache.commons.configuration2.builder.fluent.TestConfigurations,testPropertiesFromPath/0,TEST_PROPERTIES,1
/home/sandro/workspace/sandro/MLCQCodeSmellSamples/scripts/../dataset/commons-configuration_34357e075d63c3634310878636f9498847badcab/src/test/java/org/apache/commons/configuration2/MockInitialContextFactory.java,org.apache.commons.configuration2.MockInitialContextFactory,"bind/3[org.apache.commons.configuration2.Mock,java.lang.String,java.lang.String]",METHOD_LOOKUP,1
/home/sandro/workspace/sandro/MLCQCodeSmellSamples/scripts/../dataset/commons-configuration_34357e075d63c3634310878636f9498847badcab/src/test/java/org/apache/commons/configuration2/MockInitialContextFactory.java,org.apache.commons.configuration2.MockInitialContextFactory,"bind/3[org.apache.commons.configuration2.Mock,java.lang.String,java.lang.String]",MISSING_PROP,1
/home/sandro/workspace/sandro/MLCQCodeSmellSamples/scripts/../dataset/commons-configuration_34357e075d63c3634310878636f9498847badcab/src/test/java/org/apache/commons/configuration2/MockInitialContextFactory.java,org.apache.commons.configuration2.MockInitialContextFactory,"bindError/2[org.apache.commons.configuration2.Mock,java.lang.String]",METHOD_LOOKUP,1
/home/sandro/workspace/sandro/MLCQCodeSmellSamples/scripts/../dataset/commons-configuration_34357e075d63c3634310878636f9498847badcab/src/test/java/org/apache/commons/configuration2/MockInitialContextFactory.java,org.apache.commons.configuration2.MockInitialContextFactory,closeEnum/1[org.apache.commons.configuration2.Mock],METHOD_CLOSE,1
/home/sandro/workspace/sandro/MLCQCodeSmellSamples/scripts/../dataset/commons-configuration_34357e075d63c3634310878636f9498847badcab/src/test/java/org/apache/commons/configuration2/MockInitialContextFactory.java,org.apache.commons.configuration2.MockInitialContextFactory,getInitialContext/1[java.util.Hashtable],METHOD_LOOKUP,5
/home/sandro/workspace/sandro/MLCQCodeSmellSamples/scripts/../dataset/commons-configuration_34357e075d63c3634310878636f9498847badcab/src/test/java/org/apache/commons/configuration2/MockInitialContextFactory.java,org.apache.commons.configuration2.MockInitialContextFactory,getInitialContext/1[java.util.Hashtable],PREFIX,1
/home/sandro/workspace/sandro/MLCQCodeSmellSamples/scripts/../dataset/commons-configuration_34357e075d63c3634310878636f9498847badcab/src/test/java/org/apache/commons/configuration2/MockInitialContextFactory.java,org.apache.commons.configuration2.MockInitialContextFactory,getInitialContext/1[java.util.Hashtable],PROP_NAMES,2
/home/sandro/workspace/sandro/MLCQCodeSmellSamples/scripts/../dataset/commons-configuration_34357e075d63c3634310878636f9498847badcab/src/test/java/org/apache/commons/configuration2/MockInitialContextFactory.java,org.apache.commons.configuration2.MockInitialContextFactory,getInitialContext/1[java.util.Hashtable],PROP_VALUES,2
/home/sandro/workspace/sandro/MLCQCodeSmellSamples/scripts/../dataset/commons-configuration_34357e075d63c3634310878636f9498847badcab/src/test/java/org/apache/commons/configuration2/MockInitialContextFactory.java,org.apache.commons.configuration2.MockInitialContextFactory,getInitialContext/1[java.util.Hashtable],PROP_CYCLES,1
/home/sandro/workspace/sandro/MLCQCodeSmellSamples/scripts/../dataset/commons-configuration_34357e075d63c3634310878636f9498847badcab/src/test/java/org/apache/commons/configuration2/MockInitialContextFactory.java,org.apache.commons.configuration2.MockInitialContextFactory,getInitialContext/1[java.util.Hashtable],METHOD_LIST,4
/home/sandro/workspace/sandro/MLCQCodeSmellSamples/scripts/../dataset/commons-configuration_34357e075d63c3634310878636f9498847badcab/src/test/java/org/apache/commons/configuration2/MockInitialContextFactory.java,org.apache.commons.configuration2.MockInitialContextFactory,createCtxMock/1[java.lang.String],PREFIX,1
/home/sandro/workspace/sandro/MLCQCodeSmellSamples/scripts/../dataset/commons-configuration_34357e075d63c3634310878636f9498847badcab/src/test/java/org/apache/commons/configuration2/MockInitialContextFactory.java,org.apache.commons.configuration2.MockInitialContextFactory,createCtxMock/1[java.lang.String],PROP_NAMES,3
/home/sandro/workspace/sandro/MLCQCodeSmellSamples/scripts/../dataset/commons-configuration_34357e075d63c3634310878636f9498847badcab/src/test/java/org/apache/commons/configuration2/MockInitialContextFactory.java,org.apache.commons.configuration2.MockInitialContextFactory,createCtxMock/1[java.lang.String],MISSING_NAMES,1
/home/sandro/workspace/sandro/MLCQCodeSmellSamples/scripts/../dataset/commons-configuration_34357e075d63c3634310878636f9498847badcab/src/test/java/org/apache/commons/configuration2/MockInitialContextFactory.java,org.apache.commons.configuration2.MockInitialContextFactory,createCtxMock/1[java.lang.String],PROP_VALUES,1
/home/sandro/workspace/sandro/MLCQCodeSmellSamples/scripts/../dataset/commons-configuration_34357e075d63c3634310878636f9498847badcab/src/main/java/org/apache/commons/configuration2/PrefixedKeysIterator.java,org.apache.commons.configuration2.PrefixedKeysIterator,setNextElement/0,iterator,2
/home/sandro/workspace/sandro/MLCQCodeSmellSamples/scripts/../dataset/commons-configuration_34357e075d63c3634310878636f9498847badcab/src/main/java/org/apache/commons/configuration2/PrefixedKeysIterator.java,org.apache.commons.configuration2.PrefixedKeysIterator,setNextElement/0,nextElementSet,1
/home/sandro/workspace/sandro/MLCQCodeSmellSamples/scripts/../dataset/commons-configuration_34357e075d63c3634310878636f9498847badcab/src/main/java/org/apache/commons/configuration2/PrefixedKeysIterator.java,org.apache.commons.configuration2.PrefixedKeysIterator,setNextElement/0,prefix,2
/home/sandro/workspace/sandro/MLCQCodeSmellSamples/scripts/../dataset/commons-configuration_34357e075d63c3634310878636f9498847badcab/src/main/java/org/apache/commons/configuration2/PrefixedKeysIterator.java,org.apache.commons.configuration2.PrefixedKeysIterator,setNextElement/0,nextElement,1
/home/sandro/workspace/sandro/MLCQCodeSmellSamples/scripts/../dataset/commons-configuration_34357e075d63c3634310878636f9498847badcab/src/main/java/org/apache/commons/configuration2/PrefixedKeysIterator.java,org.apache.commons.configuration2.PrefixedKeysIterator,next/0,nextElementSet,2
/home/sandro/workspace/sandro/MLCQCodeSmellSamples/scripts/../dataset/commons-configuration_34357e075d63c3634310878636f9498847badcab/src/main/java/org/apache/commons/configuration2/PrefixedKeysIterator.java,org.apache.commons.configuration2.PrefixedKeysIterator,next/0,nextElement,1
/home/sandro/workspace/sandro/MLCQCodeSmellSamples/scripts/../dataset/commons-configuration_34357e075d63c3634310878636f9498847badcab/src/main/java/org/apache/commons/configuration2/PrefixedKeysIterator.java,org.apache.commons.configuration2.PrefixedKeysIterator,"PrefixedKeysIterator/2[java.util.Iterator<java.lang.String>,java.lang.String]",iterator,1
/home/sandro/workspace/sandro/MLCQCodeSmellSamples/scripts/../dataset/commons-configuration_34357e075d63c3634310878636f9498847badcab/src/main/java/org/apache/commons/configuration2/PrefixedKeysIterator.java,org.apache.commons.configuration2.PrefixedKeysIterator,"PrefixedKeysIterator/2[java.util.Iterator<java.lang.String>,java.lang.String]",prefix,1
/home/sandro/workspace/sandro/MLCQCodeSmellSamples/scripts/../dataset/commons-configuration_34357e075d63c3634310878636f9498847badcab/src/main/java/org/apache/commons/configuration2/PrefixedKeysIterator.java,org.apache.commons.configuration2.PrefixedKeysIterator,hasNext/0,nextElementSet,1
/home/sandro/workspace/sandro/MLCQCodeSmellSamples/scripts/../dataset/commons-configuration_34357e075d63c3634310878636f9498847badcab/src/main/java/org/apache/commons/configuration2/PrefixedKeysIterator.java,org.apache.commons.configuration2.PrefixedKeysIterator,remove/0,iterator,1
/home/sandro/workspace/sandro/MLCQCodeSmellSamples/scripts/../dataset/commons-configuration_34357e075d63c3634310878636f9498847badcab/src/main/java/org/apache/commons/configuration2/PrefixedKeysIterator.java,org.apache.commons.configuration2.PrefixedKeysIterator,remove/0,nextElementSet,1
/home/sandro/workspace/sandro/MLCQCodeSmellSamples/scripts/../dataset/commons-configuration_34357e075d63c3634310878636f9498847badcab/src/main/java/org/apache/commons/configuration2/BaseConfiguration.java,org.apache.commons.configuration2.BaseConfiguration,isEmptyInternal/0,store,1
/home/sandro/workspace/sandro/MLCQCodeSmellSamples/scripts/../dataset/commons-configuration_34357e075d63c3634310878636f9498847badcab/src/main/java/org/apache/commons/configuration2/BaseConfiguration.java,org.apache.commons.configuration2.BaseConfiguration,cloneStore/1[org.apache.commons.configuration2.BaseConfiguration],store,2
/home/sandro/workspace/sandro/MLCQCodeSmellSamples/scripts/../dataset/commons-configuration_34357e075d63c3634310878636f9498847badcab/src/main/java/org/apache/commons/configuration2/BaseConfiguration.java,org.apache.commons.configuration2.BaseConfiguration,"addPropertyDirect/2[java.lang.String,java.lang.Object]",store,2
/home/sandro/workspace/sandro/MLCQCodeSmellSamples/scripts/../dataset/commons-configuration_34357e075d63c3634310878636f9498847badcab/src/main/java/org/apache/commons/configuration2/BaseConfiguration.java,org.apache.commons.configuration2.BaseConfiguration,clearPropertyDirect/1[java.lang.String],store,1
/home/sandro/workspace/sandro/MLCQCodeSmellSamples/scripts/../dataset/commons-configuration_34357e075d63c3634310878636f9498847badcab/src/main/java/org/apache/commons/configuration2/BaseConfiguration.java,org.apache.commons.configuration2.BaseConfiguration,getKeysInternal/0,store,1
/home/sandro/workspace/sandro/MLCQCodeSmellSamples/scripts/../dataset/commons-configuration_34357e075d63c3634310878636f9498847badcab/src/main/java/org/apache/commons/configuration2/BaseConfiguration.java,org.apache.commons.configuration2.BaseConfiguration,getPropertyInternal/1[java.lang.String],store,1
/home/sandro/workspace/sandro/MLCQCodeSmellSamples/scripts/../dataset/commons-configuration_34357e075d63c3634310878636f9498847badcab/src/main/java/org/apache/commons/configuration2/BaseConfiguration.java,org.apache.commons.configuration2.BaseConfiguration,containsKeyInternal/1[java.lang.String],store,1
/home/sandro/workspace/sandro/MLCQCodeSmellSamples/scripts/../dataset/commons-configuration_34357e075d63c3634310878636f9498847badcab/src/main/java/org/apache/commons/configuration2/BaseConfiguration.java,org.apache.commons.configuration2.BaseConfiguration,clearInternal/0,store,1
/home/sandro/workspace/sandro/MLCQCodeSmellSamples/scripts/../dataset/commons-configuration_34357e075d63c3634310878636f9498847badcab/src/main/java/org/apache/commons/configuration2/BaseConfiguration.java,org.apache.commons.configuration2.BaseConfiguration,sizeInternal/0,store,1
/home/sandro/workspace/sandro/MLCQCodeSmellSamples/scripts/../dataset/commons-configuration_34357e075d63c3634310878636f9498847badcab/src/test/java/org/apache/commons/configuration2/reloading/TestManagedReloadingDetector.java,org.apache.commons.configuration2.reloading.TestManagedReloadingDetector,testRefresh/0,strategy,3
/home/sandro/workspace/sandro/MLCQCodeSmellSamples/scripts/../dataset/commons-configuration_34357e075d63c3634310878636f9498847badcab/src/test/java/org/apache/commons/configuration2/reloading/TestManagedReloadingDetector.java,org.apache.commons.configuration2.reloading.TestManagedReloadingDetector,testReloadingRequiredInitial/0,strategy,1
/home/sandro/workspace/sandro/MLCQCodeSmellSamples/scripts/../dataset/commons-configuration_34357e075d63c3634310878636f9498847badcab/src/test/java/org/apache/commons/configuration2/reloading/TestManagedReloadingDetector.java,org.apache.commons.configuration2.reloading.TestManagedReloadingDetector,setUp/0,strategy,1
/home/sandro/workspace/sandro/MLCQCodeSmellSamples/scripts/../dataset/commons-configuration_34357e075d63c3634310878636f9498847badcab/src/test/java/org/apache/commons/configuration2/reloading/TestManagedReloadingDetector.java,org.apache.commons.configuration2.reloading.TestManagedReloadingDetector,testReloadingPerformed/0,strategy,3
/home/sandro/workspace/sandro/MLCQCodeSmellSamples/scripts/../dataset/commons-configuration_34357e075d63c3634310878636f9498847badcab/src/main/java/org/apache/commons/configuration2/ConfigurationXMLReader.java,org.apache.commons.configuration2.ConfigurationXMLReader,setContentHandler/1[org.xml.sax.ContentHandler],contentHandler,1
/home/sandro/workspace/sandro/MLCQCodeSmellSamples/scripts/../dataset/commons-configuration_34357e075d63c3634310878636f9498847badcab/src/main/java/org/apache/commons/configuration2/ConfigurationXMLReader.java,org.apache.commons.configuration2.ConfigurationXMLReader,setRootName/1[java.lang.String],rootName,1
/home/sandro/workspace/sandro/MLCQCodeSmellSamples/scripts/../dataset/commons-configuration_34357e075d63c3634310878636f9498847badcab/src/main/java/org/apache/commons/configuration2/ConfigurationXMLReader.java,org.apache.commons.configuration2.ConfigurationXMLReader,getRootName/0,rootName,1
/home/sandro/workspace/sandro/MLCQCodeSmellSamples/scripts/../dataset/commons-configuration_34357e075d63c3634310878636f9498847badcab/src/main/java/org/apache/commons/configuration2/ConfigurationXMLReader.java,org.apache.commons.configuration2.ConfigurationXMLReader,fireElementEnd/1[java.lang.String],exception,1
/home/sandro/workspace/sandro/MLCQCodeSmellSamples/scripts/../dataset/commons-configuration_34357e075d63c3634310878636f9498847badcab/src/main/java/org/apache/commons/configuration2/ConfigurationXMLReader.java,org.apache.commons.configuration2.ConfigurationXMLReader,fireElementEnd/1[java.lang.String],NS_URI,1
/home/sandro/workspace/sandro/MLCQCodeSmellSamples/scripts/../dataset/commons-configuration_34357e075d63c3634310878636f9498847badcab/src/main/java/org/apache/commons/configuration2/ConfigurationXMLReader.java,org.apache.commons.configuration2.ConfigurationXMLReader,ConfigurationXMLReader/0,rootName,1
/home/sandro/workspace/sandro/MLCQCodeSmellSamples/scripts/../dataset/commons-configuration_34357e075d63c3634310878636f9498847badcab/src/main/java/org/apache/commons/configuration2/ConfigurationXMLReader.java,org.apache.commons.configuration2.ConfigurationXMLReader,ConfigurationXMLReader/0,DEFAULT_ROOT_NAME,1
/home/sandro/workspace/sandro/MLCQCodeSmellSamples/scripts/../dataset/commons-configuration_34357e075d63c3634310878636f9498847badcab/src/main/java/org/apache/commons/configuration2/ConfigurationXMLReader.java,org.apache.commons.configuration2.ConfigurationXMLReader,fireCharacters/1[java.lang.String],exception,1
/home/sandro/workspace/sandro/MLCQCodeSmellSamples/scripts/../dataset/commons-configuration_34357e075d63c3634310878636f9498847badcab/src/main/java/org/apache/commons/configuration2/ConfigurationXMLReader.java,org.apache.commons.configuration2.ConfigurationXMLReader,getContentHandler/0,contentHandler,1
/home/sandro/workspace/sandro/MLCQCodeSmellSamples/scripts/../dataset/commons-configuration_34357e075d63c3634310878636f9498847badcab/src/main/java/org/apache/commons/configuration2/ConfigurationXMLReader.java,org.apache.commons.configuration2.ConfigurationXMLReader,parseConfiguration/0,exception,1
/home/sandro/workspace/sandro/MLCQCodeSmellSamples/scripts/../dataset/commons-configuration_34357e075d63c3634310878636f9498847badcab/src/main/java/org/apache/commons/configuration2/ConfigurationXMLReader.java,org.apache.commons.configuration2.ConfigurationXMLReader,getException/0,exception,1
/home/sandro/workspace/sandro/MLCQCodeSmellSamples/scripts/../dataset/commons-configuration_34357e075d63c3634310878636f9498847badcab/src/main/java/org/apache/commons/configuration2/ConfigurationXMLReader.java,org.apache.commons.configuration2.ConfigurationXMLReader,"fireElementStart/2[java.lang.String,org.xml.sax.Attributes]",exception,1
/home/sandro/workspace/sandro/MLCQCodeSmellSamples/scripts/../dataset/commons-configuration_34357e075d63c3634310878636f9498847badcab/src/main/java/org/apache/commons/configuration2/ConfigurationXMLReader.java,org.apache.commons.configuration2.ConfigurationXMLReader,"fireElementStart/2[java.lang.String,org.xml.sax.Attributes]",EMPTY_ATTRS,1
/home/sandro/workspace/sandro/MLCQCodeSmellSamples/scripts/../dataset/commons-configuration_34357e075d63c3634310878636f9498847badcab/src/main/java/org/apache/commons/configuration2/ConfigurationXMLReader.java,org.apache.commons.configuration2.ConfigurationXMLReader,"fireElementStart/2[java.lang.String,org.xml.sax.Attributes]",NS_URI,1
/home/sandro/workspace/sandro/MLCQCodeSmellSamples/scripts/../dataset/commons-configuration_34357e075d63c3634310878636f9498847badcab/src/main/java/org/apache/commons/configuration2/builder/ReloadingBuilderSupportListener.java,org.apache.commons.configuration2.builder.ReloadingBuilderSupportListener,"ReloadingBuilderSupportListener/2[org.apache.commons.configuration2.builder.BasicConfigurationBuilder<?>,org.apache.commons.configuration2.reloading.ReloadingController]",reloadingController,1
/home/sandro/workspace/sandro/MLCQCodeSmellSamples/scripts/../dataset/commons-configuration_34357e075d63c3634310878636f9498847badcab/src/main/java/org/apache/commons/configuration2/builder/ReloadingBuilderSupportListener.java,org.apache.commons.configuration2.builder.ReloadingBuilderSupportListener,"ReloadingBuilderSupportListener/2[org.apache.commons.configuration2.builder.BasicConfigurationBuilder<?>,org.apache.commons.configuration2.reloading.ReloadingController]",builder,1
/home/sandro/workspace/sandro/MLCQCodeSmellSamples/scripts/../dataset/commons-configuration_34357e075d63c3634310878636f9498847badcab/src/main/java/org/apache/commons/configuration2/builder/ReloadingBuilderSupportListener.java,org.apache.commons.configuration2.builder.ReloadingBuilderSupportListener,onEvent/1[org.apache.commons.configuration2.event.Event],reloadingController,1
/home/sandro/workspace/sandro/MLCQCodeSmellSamples/scripts/../dataset/commons-configuration_34357e075d63c3634310878636f9498847badcab/src/main/java/org/apache/commons/configuration2/builder/ReloadingBuilderSupportListener.java,org.apache.commons.configuration2.builder.ReloadingBuilderSupportListener,onEvent/1[org.apache.commons.configuration2.event.Event],builder,1
/home/sandro/workspace/sandro/MLCQCodeSmellSamples/scripts/../dataset/commons-configuration_34357e075d63c3634310878636f9498847badcab/src/main/java/org/apache/commons/configuration2/builder/combined/ConfigurationDeclaration.java,org.apache.commons.configuration2.builder.combined.ConfigurationDeclaration,"ConfigurationDeclaration/2[org.apache.commons.configuration2.builder.combined.CombinedConfigurationBuilder,org.apache.commons.configuration2.HierarchicalConfiguration<?>]",configurationBuilder,1
/home/sandro/workspace/sandro/MLCQCodeSmellSamples/scripts/../dataset/commons-configuration_34357e075d63c3634310878636f9498847badcab/src/main/java/org/apache/commons/configuration2/builder/combined/ConfigurationDeclaration.java,org.apache.commons.configuration2.builder.combined.ConfigurationDeclaration,getConfigurationBuilder/0,configurationBuilder,1
/home/sandro/workspace/sandro/MLCQCodeSmellSamples/scripts/../dataset/commons-configuration_34357e075d63c3634310878636f9498847badcab/src/main/java/org/apache/commons/configuration2/beanutils/CombinedBeanDeclaration.java,org.apache.commons.configuration2.beanutils.CombinedBeanDeclaration,getBeanFactoryName/0,childDeclarations,1
/home/sandro/workspace/sandro/MLCQCodeSmellSamples/scripts/../dataset/commons-configuration_34357e075d63c3634310878636f9498847badcab/src/main/java/org/apache/commons/configuration2/beanutils/CombinedBeanDeclaration.java,org.apache.commons.configuration2.beanutils.CombinedBeanDeclaration,CombinedBeanDeclaration/1[org.apache.commons.configuration2.beanutils.BeanDeclaration[]],childDeclarations,1
/home/sandro/workspace/sandro/MLCQCodeSmellSamples/scripts/../dataset/commons-configuration_34357e075d63c3634310878636f9498847badcab/src/main/java/org/apache/commons/configuration2/beanutils/CombinedBeanDeclaration.java,org.apache.commons.configuration2.beanutils.CombinedBeanDeclaration,getNestedBeanDeclarations/0,childDeclarations,2
/home/sandro/workspace/sandro/MLCQCodeSmellSamples/scripts/../dataset/commons-configuration_34357e075d63c3634310878636f9498847badcab/src/main/java/org/apache/commons/configuration2/beanutils/CombinedBeanDeclaration.java,org.apache.commons.configuration2.beanutils.CombinedBeanDeclaration,getConstructorArgs/0,childDeclarations,1
/home/sandro/workspace/sandro/MLCQCodeSmellSamples/scripts/../dataset/commons-configuration_34357e075d63c3634310878636f9498847badcab/src/main/java/org/apache/commons/configuration2/beanutils/CombinedBeanDeclaration.java,org.apache.commons.configuration2.beanutils.CombinedBeanDeclaration,getBeanProperties/0,childDeclarations,2
/home/sandro/workspace/sandro/MLCQCodeSmellSamples/scripts/../dataset/commons-configuration_34357e075d63c3634310878636f9498847badcab/src/main/java/org/apache/commons/configuration2/beanutils/CombinedBeanDeclaration.java,org.apache.commons.configuration2.beanutils.CombinedBeanDeclaration,getBeanClassName/0,childDeclarations,1
/home/sandro/workspace/sandro/MLCQCodeSmellSamples/scripts/../dataset/commons-configuration_34357e075d63c3634310878636f9498847badcab/src/main/java/org/apache/commons/configuration2/beanutils/CombinedBeanDeclaration.java,org.apache.commons.configuration2.beanutils.CombinedBeanDeclaration,getBeanFactoryParameter/0,childDeclarations,1
/home/sandro/workspace/sandro/MLCQCodeSmellSamples/scripts/../dataset/commons-configuration_34357e075d63c3634310878636f9498847badcab/src/test/java/org/apache/commons/configuration2/TestXMLConfiguration.java,org.apache.commons.configuration2.TestXMLConfiguration,testCustomDocBuilderValidationError/0,conf,3
/home/sandro/workspace/sandro/MLCQCodeSmellSamples/scripts/../dataset/commons-configuration_34357e075d63c3634310878636f9498847badcab/src/test/java/org/apache/commons/configuration2/TestXMLConfiguration.java,org.apache.commons.configuration2.TestXMLConfiguration,testConcurrentGetAndReload/0,THREAD_COUNT,1
/home/sandro/workspace/sandro/MLCQCodeSmellSamples/scripts/../dataset/commons-configuration_34357e075d63c3634310878636f9498847badcab/src/test/java/org/apache/commons/configuration2/TestXMLConfiguration.java,org.apache.commons.configuration2.TestXMLConfiguration,testConcurrentGetAndReload/0,LOOP_COUNT,1
/home/sandro/workspace/sandro/MLCQCodeSmellSamples/scripts/../dataset/commons-configuration_34357e075d63c3634310878636f9498847badcab/src/test/java/org/apache/commons/configuration2/TestXMLConfiguration.java,org.apache.commons.configuration2.TestXMLConfiguration,testConcurrentGetAndReload/0,testProperties,1
/home/sandro/workspace/sandro/MLCQCodeSmellSamples/scripts/../dataset/commons-configuration_34357e075d63c3634310878636f9498847badcab/src/test/java/org/apache/commons/configuration2/TestXMLConfiguration.java,org.apache.commons.configuration2.TestXMLConfiguration,testgetProperty/0,conf,10
/home/sandro/workspace/sandro/MLCQCodeSmellSamples/scripts/../dataset/commons-configuration_34357e075d63c3634310878636f9498847badcab/src/test/java/org/apache/commons/configuration2/TestXMLConfiguration.java,org.apache.commons.configuration2.TestXMLConfiguration,testPreserveSpaceOnElement/0,conf,2
/home/sandro/workspace/sandro/MLCQCodeSmellSamples/scripts/../dataset/commons-configuration_34357e075d63c3634310878636f9498847badcab/src/test/java/org/apache/commons/configuration2/TestXMLConfiguration.java,org.apache.commons.configuration2.TestXMLConfiguration,testClearTextRootElement/0,conf,4
/home/sandro/workspace/sandro/MLCQCodeSmellSamples/scripts/../dataset/commons-configuration_34357e075d63c3634310878636f9498847badcab/src/test/java/org/apache/commons/configuration2/TestXMLConfiguration.java,org.apache.commons.configuration2.TestXMLConfiguration,testGetCommentedProperty/0,conf,1
/home/sandro/workspace/sandro/MLCQCodeSmellSamples/scripts/../dataset/commons-configuration_34357e075d63c3634310878636f9498847badcab/src/test/java/org/apache/commons/configuration2/TestXMLConfiguration.java,org.apache.commons.configuration2.TestXMLConfiguration,testClearAttributeSingle/0,conf,5
/home/sandro/workspace/sandro/MLCQCodeSmellSamples/scripts/../dataset/commons-configuration_34357e075d63c3634310878636f9498847badcab/src/test/java/org/apache/commons/configuration2/TestXMLConfiguration.java,org.apache.commons.configuration2.TestXMLConfiguration,testListWithAttributes/0,conf,4
/home/sandro/workspace/sandro/MLCQCodeSmellSamples/scripts/../dataset/commons-configuration_34357e075d63c3634310878636f9498847badcab/src/test/java/org/apache/commons/configuration2/TestXMLConfiguration.java,org.apache.commons.configuration2.TestXMLConfiguration,testSetProperty/0,conf,3
/home/sandro/workspace/sandro/MLCQCodeSmellSamples/scripts/../dataset/commons-configuration_34357e075d63c3634310878636f9498847badcab/src/test/java/org/apache/commons/configuration2/TestXMLConfiguration.java,org.apache.commons.configuration2.TestXMLConfiguration,testLoadWithRootNamespace/0,conf,3
/home/sandro/workspace/sandro/MLCQCodeSmellSamples/scripts/../dataset/commons-configuration_34357e075d63c3634310878636f9498847badcab/src/test/java/org/apache/commons/configuration2/TestXMLConfiguration.java,org.apache.commons.configuration2.TestXMLConfiguration,testAddObjectAttribute/0,conf,2
/home/sandro/workspace/sandro/MLCQCodeSmellSamples/scripts/../dataset/commons-configuration_34357e075d63c3634310878636f9498847badcab/src/test/java/org/apache/commons/configuration2/TestXMLConfiguration.java,org.apache.commons.configuration2.TestXMLConfiguration,testSaveWindowsPath/0,testSaveConf,1
/home/sandro/workspace/sandro/MLCQCodeSmellSamples/scripts/../dataset/commons-configuration_34357e075d63c3634310878636f9498847badcab/src/test/java/org/apache/commons/configuration2/TestXMLConfiguration.java,org.apache.commons.configuration2.TestXMLConfiguration,testSaveWindowsPath/0,conf,4
/home/sandro/workspace/sandro/MLCQCodeSmellSamples/scripts/../dataset/commons-configuration_34357e075d63c3634310878636f9498847badcab/src/test/java/org/apache/commons/configuration2/TestXMLConfiguration.java,org.apache.commons.configuration2.TestXMLConfiguration,testAppend/0,testSaveConf,1
/home/sandro/workspace/sandro/MLCQCodeSmellSamples/scripts/../dataset/commons-configuration_34357e075d63c3634310878636f9498847badcab/src/test/java/org/apache/commons/configuration2/TestXMLConfiguration.java,org.apache.commons.configuration2.TestXMLConfiguration,testAppend/0,testProperties2,1
/home/sandro/workspace/sandro/MLCQCodeSmellSamples/scripts/../dataset/commons-configuration_34357e075d63c3634310878636f9498847badcab/src/test/java/org/apache/commons/configuration2/TestXMLConfiguration.java,org.apache.commons.configuration2.TestXMLConfiguration,testAppend/0,conf,7
/home/sandro/workspace/sandro/MLCQCodeSmellSamples/scripts/../dataset/commons-configuration_34357e075d63c3634310878636f9498847badcab/src/test/java/org/apache/commons/configuration2/TestXMLConfiguration.java,org.apache.commons.configuration2.TestXMLConfiguration,testCloneWithSave/0,testSaveConf,2
/home/sandro/workspace/sandro/MLCQCodeSmellSamples/scripts/../dataset/commons-configuration_34357e075d63c3634310878636f9498847badcab/src/test/java/org/apache/commons/configuration2/TestXMLConfiguration.java,org.apache.commons.configuration2.TestXMLConfiguration,testCloneWithSave/0,conf,2
/home/sandro/workspace/sandro/MLCQCodeSmellSamples/scripts/../dataset/commons-configuration_34357e075d63c3634310878636f9498847badcab/src/test/java/org/apache/commons/configuration2/TestXMLConfiguration.java,org.apache.commons.configuration2.TestXMLConfiguration,checkSaveDelimiterParsingDisabled/1[java.lang.String],testSaveConf,1
/home/sandro/workspace/sandro/MLCQCodeSmellSamples/scripts/../dataset/commons-configuration_34357e075d63c3634310878636f9498847badcab/src/test/java/org/apache/commons/configuration2/TestXMLConfiguration.java,org.apache.commons.configuration2.TestXMLConfiguration,checkSaveDelimiterParsingDisabled/1[java.lang.String],conf,7
/home/sandro/workspace/sandro/MLCQCodeSmellSamples/scripts/../dataset/commons-configuration_34357e075d63c3634310878636f9498847badcab/src/test/java/org/apache/commons/configuration2/TestXMLConfiguration.java,org.apache.commons.configuration2.TestXMLConfiguration,checkSaveDelimiterParsingDisabled/1[java.lang.String],testProperties,1
/home/sandro/workspace/sandro/MLCQCodeSmellSamples/scripts/../dataset/commons-configuration_34357e075d63c3634310878636f9498847badcab/src/test/java/org/apache/commons/configuration2/TestXMLConfiguration.java,org.apache.commons.configuration2.TestXMLConfiguration,testSetTextRootElement/0,conf,1
/home/sandro/workspace/sandro/MLCQCodeSmellSamples/scripts/../dataset/commons-configuration_34357e075d63c3634310878636f9498847badcab/src/test/java/org/apache/commons/configuration2/TestXMLConfiguration.java,org.apache.commons.configuration2.TestXMLConfiguration,testListWithAttributesMultiValue/0,conf,4
/home/sandro/workspace/sandro/MLCQCodeSmellSamples/scripts/../dataset/commons-configuration_34357e075d63c3634310878636f9498847badcab/src/test/java/org/apache/commons/configuration2/TestXMLConfiguration.java,org.apache.commons.configuration2.TestXMLConfiguration,testDelimiterParsingDisabledXPath/0,testProperties,1
/home/sandro/workspace/sandro/MLCQCodeSmellSamples/scripts/../dataset/commons-configuration_34357e075d63c3634310878636f9498847badcab/src/test/java/org/apache/commons/configuration2/TestXMLConfiguration.java,org.apache.commons.configuration2.TestXMLConfiguration,testClearPropertySingleElement/0,conf,3
/home/sandro/workspace/sandro/MLCQCodeSmellSamples/scripts/../dataset/commons-configuration_34357e075d63c3634310878636f9498847badcab/src/test/java/org/apache/commons/configuration2/TestXMLConfiguration.java,org.apache.commons.configuration2.TestXMLConfiguration,testLoadFromStream/0,conf,6
/home/sandro/workspace/sandro/MLCQCodeSmellSamples/scripts/../dataset/commons-configuration_34357e075d63c3634310878636f9498847badcab/src/test/java/org/apache/commons/configuration2/TestXMLConfiguration.java,org.apache.commons.configuration2.TestXMLConfiguration,testEmptyReload/0,testSaveConf,1
/home/sandro/workspace/sandro/MLCQCodeSmellSamples/scripts/../dataset/commons-configuration_34357e075d63c3634310878636f9498847badcab/src/test/java/org/apache/commons/configuration2/TestXMLConfiguration.java,org.apache.commons.configuration2.TestXMLConfiguration,testEmptyReload/0,conf,4
/home/sandro/workspace/sandro/MLCQCodeSmellSamples/scripts/../dataset/commons-configuration_34357e075d63c3634310878636f9498847badcab/src/test/java/org/apache/commons/configuration2/TestXMLConfiguration.java,org.apache.commons.configuration2.TestXMLConfiguration,testAddNodesCopy/0,testProperties2,1
/home/sandro/workspace/sandro/MLCQCodeSmellSamples/scripts/../dataset/commons-configuration_34357e075d63c3634310878636f9498847badcab/src/test/java/org/apache/commons/configuration2/TestXMLConfiguration.java,org.apache.commons.configuration2.TestXMLConfiguration,testAddNodesCopy/0,conf,1
/home/sandro/workspace/sandro/MLCQCodeSmellSamples/scripts/../dataset/commons-configuration_34357e075d63c3634310878636f9498847badcab/src/test/java/org/apache/commons/configuration2/TestXMLConfiguration.java,org.apache.commons.configuration2.TestXMLConfiguration,testAddObjectProperty/0,conf,2
/home/sandro/workspace/sandro/MLCQCodeSmellSamples/scripts/../dataset/commons-configuration_34357e075d63c3634310878636f9498847badcab/src/test/java/org/apache/commons/configuration2/TestXMLConfiguration.java,org.apache.commons.configuration2.TestXMLConfiguration,testClearPropertyNotExisting/0,conf,3
/home/sandro/workspace/sandro/MLCQCodeSmellSamples/scripts/../dataset/commons-configuration_34357e075d63c3634310878636f9498847badcab/src/test/java/org/apache/commons/configuration2/TestXMLConfiguration.java,org.apache.commons.configuration2.TestXMLConfiguration,testOverrideAttribute/0,conf,2
/home/sandro/workspace/sandro/MLCQCodeSmellSamples/scripts/../dataset/commons-configuration_34357e075d63c3634310878636f9498847badcab/src/test/java/org/apache/commons/configuration2/TestXMLConfiguration.java,org.apache.commons.configuration2.TestXMLConfiguration,testLoadWithEncoding/0,conf,3
/home/sandro/workspace/sandro/MLCQCodeSmellSamples/scripts/../dataset/commons-configuration_34357e075d63c3634310878636f9498847badcab/src/test/java/org/apache/commons/configuration2/TestXMLConfiguration.java,org.apache.commons.configuration2.TestXMLConfiguration,testAutoSaveWithSubSubnodeConfig/0,testSaveConf,2
/home/sandro/workspace/sandro/MLCQCodeSmellSamples/scripts/../dataset/commons-configuration_34357e075d63c3634310878636f9498847badcab/src/test/java/org/apache/commons/configuration2/TestXMLConfiguration.java,org.apache.commons.configuration2.TestXMLConfiguration,testAutoSaveWithSubSubnodeConfig/0,conf,3
/home/sandro/workspace/sandro/MLCQCodeSmellSamples/scripts/../dataset/commons-configuration_34357e075d63c3634310878636f9498847badcab/src/test/java/org/apache/commons/configuration2/TestXMLConfiguration.java,org.apache.commons.configuration2.TestXMLConfiguration,testAutoSaveWithSubSubnodeConfig/0,testProperties,1
/home/sandro/workspace/sandro/MLCQCodeSmellSamples/scripts/../dataset/commons-configuration_34357e075d63c3634310878636f9498847badcab/src/test/java/org/apache/commons/configuration2/TestXMLConfiguration.java,org.apache.commons.configuration2.TestXMLConfiguration,testAttributeKeyWithMultipleValues/0,testSaveConf,1
/home/sandro/workspace/sandro/MLCQCodeSmellSamples/scripts/../dataset/commons-configuration_34357e075d63c3634310878636f9498847badcab/src/test/java/org/apache/commons/configuration2/TestXMLConfiguration.java,org.apache.commons.configuration2.TestXMLConfiguration,testAttributeKeyWithMultipleValues/0,conf,1
/home/sandro/workspace/sandro/MLCQCodeSmellSamples/scripts/../dataset/commons-configuration_34357e075d63c3634310878636f9498847badcab/src/test/java/org/apache/commons/configuration2/TestXMLConfiguration.java,org.apache.commons.configuration2.TestXMLConfiguration,testSave/0,conf,5
/home/sandro/workspace/sandro/MLCQCodeSmellSamples/scripts/../dataset/commons-configuration_34357e075d63c3634310878636f9498847badcab/src/test/java/org/apache/commons/configuration2/TestXMLConfiguration.java,org.apache.commons.configuration2.TestXMLConfiguration,testAutoSaveAddNodes/0,testSaveConf,2
/home/sandro/workspace/sandro/MLCQCodeSmellSamples/scripts/../dataset/commons-configuration_34357e075d63c3634310878636f9498847badcab/src/test/java/org/apache/commons/configuration2/TestXMLConfiguration.java,org.apache.commons.configuration2.TestXMLConfiguration,testAutoSaveAddNodes/0,conf,2
/home/sandro/workspace/sandro/MLCQCodeSmellSamples/scripts/../dataset/commons-configuration_34357e075d63c3634310878636f9498847badcab/src/test/java/org/apache/commons/configuration2/TestXMLConfiguration.java,org.apache.commons.configuration2.TestXMLConfiguration,testAutoSaveAddNodes/0,testProperties,1
/home/sandro/workspace/sandro/MLCQCodeSmellSamples/scripts/../dataset/commons-configuration_34357e075d63c3634310878636f9498847badcab/src/test/java/org/apache/commons/configuration2/TestXMLConfiguration.java,org.apache.commons.configuration2.TestXMLConfiguration,testSetRootAttribute/0,conf,3
/home/sandro/workspace/sandro/MLCQCodeSmellSamples/scripts/../dataset/commons-configuration_34357e075d63c3634310878636f9498847badcab/src/test/java/org/apache/commons/configuration2/TestXMLConfiguration.java,org.apache.commons.configuration2.TestXMLConfiguration,testClearAttributeNonExisting/0,conf,3
/home/sandro/workspace/sandro/MLCQCodeSmellSamples/scripts/../dataset/commons-configuration_34357e075d63c3634310878636f9498847badcab/src/test/java/org/apache/commons/configuration2/TestXMLConfiguration.java,org.apache.commons.configuration2.TestXMLConfiguration,testSaveAfterCreateWithCopyConstructor/0,conf,2
/home/sandro/workspace/sandro/MLCQCodeSmellSamples/scripts/../dataset/commons-configuration_34357e075d63c3634310878636f9498847badcab/src/test/java/org/apache/commons/configuration2/TestXMLConfiguration.java,org.apache.commons.configuration2.TestXMLConfiguration,testSaveWithNullEncoding/0,conf,3
/home/sandro/workspace/sandro/MLCQCodeSmellSamples/scripts/../dataset/commons-configuration_34357e075d63c3634310878636f9498847badcab/src/test/java/org/apache/commons/configuration2/TestXMLConfiguration.java,org.apache.commons.configuration2.TestXMLConfiguration,testSaveToStreamWithEncoding/0,testSaveConf,2
/home/sandro/workspace/sandro/MLCQCodeSmellSamples/scripts/../dataset/commons-configuration_34357e075d63c3634310878636f9498847badcab/src/test/java/org/apache/commons/configuration2/TestXMLConfiguration.java,org.apache.commons.configuration2.TestXMLConfiguration,testSaveToStreamWithEncoding/0,conf,1
/home/sandro/workspace/sandro/MLCQCodeSmellSamples/scripts/../dataset/commons-configuration_34357e075d63c3634310878636f9498847badcab/src/test/java/org/apache/commons/configuration2/TestXMLConfiguration.java,org.apache.commons.configuration2.TestXMLConfiguration,testPreserveSpaceInvalid/0,conf,1
/home/sandro/workspace/sandro/MLCQCodeSmellSamples/scripts/../dataset/commons-configuration_34357e075d63c3634310878636f9498847badcab/src/test/java/org/apache/commons/configuration2/TestXMLConfiguration.java,org.apache.commons.configuration2.TestXMLConfiguration,testClearAttributeMultipleDisjoined/0,conf,5
/home/sandro/workspace/sandro/MLCQCodeSmellSamples/scripts/../dataset/commons-configuration_34357e075d63c3634310878636f9498847badcab/src/test/java/org/apache/commons/configuration2/TestXMLConfiguration.java,org.apache.commons.configuration2.TestXMLConfiguration,testSaveWithInvalidTransformerFactory/0,PROP_FACTORY,2
/home/sandro/workspace/sandro/MLCQCodeSmellSamples/scripts/../dataset/commons-configuration_34357e075d63c3634310878636f9498847badcab/src/test/java/org/apache/commons/configuration2/TestXMLConfiguration.java,org.apache.commons.configuration2.TestXMLConfiguration,testCustomDocBuilderValidationSuccess/0,conf,4
/home/sandro/workspace/sandro/MLCQCodeSmellSamples/scripts/../dataset/commons-configuration_34357e075d63c3634310878636f9498847badcab/src/test/java/org/apache/commons/configuration2/TestXMLConfiguration.java,org.apache.commons.configuration2.TestXMLConfiguration,testPreserveSpace/0,conf,2
/home/sandro/workspace/sandro/MLCQCodeSmellSamples/scripts/../dataset/commons-configuration_34357e075d63c3634310878636f9498847badcab/src/test/java/org/apache/commons/configuration2/TestXMLConfiguration.java,org.apache.commons.configuration2.TestXMLConfiguration,testPublicIdSynchronized/0,PUBLIC_ID,2
/home/sandro/workspace/sandro/MLCQCodeSmellSamples/scripts/../dataset/commons-configuration_34357e075d63c3634310878636f9498847badcab/src/test/java/org/apache/commons/configuration2/TestXMLConfiguration.java,org.apache.commons.configuration2.TestXMLConfiguration,testPublicIdSynchronized/0,conf,3
/home/sandro/workspace/sandro/MLCQCodeSmellSamples/scripts/../dataset/commons-configuration_34357e075d63c3634310878636f9498847badcab/src/test/java/org/apache/commons/configuration2/TestXMLConfiguration.java,org.apache.commons.configuration2.TestXMLConfiguration,setUp/0,testSaveConf,1
/home/sandro/workspace/sandro/MLCQCodeSmellSamples/scripts/../dataset/commons-configuration_34357e075d63c3634310878636f9498847badcab/src/test/java/org/apache/commons/configuration2/TestXMLConfiguration.java,org.apache.commons.configuration2.TestXMLConfiguration,setUp/0,folder,2
/home/sandro/workspace/sandro/MLCQCodeSmellSamples/scripts/../dataset/commons-configuration_34357e075d63c3634310878636f9498847badcab/src/test/java/org/apache/commons/configuration2/TestXMLConfiguration.java,org.apache.commons.configuration2.TestXMLConfiguration,setUp/0,conf,1
/home/sandro/workspace/sandro/MLCQCodeSmellSamples/scripts/../dataset/commons-configuration_34357e075d63c3634310878636f9498847badcab/src/test/java/org/apache/commons/configuration2/TestXMLConfiguration.java,org.apache.commons.configuration2.TestXMLConfiguration,setUp/0,testProperties,1
/home/sandro/workspace/sandro/MLCQCodeSmellSamples/scripts/../dataset/commons-configuration_34357e075d63c3634310878636f9498847badcab/src/test/java/org/apache/commons/configuration2/TestXMLConfiguration.java,org.apache.commons.configuration2.TestXMLConfiguration,setUp/0,testSaveFile,1
/home/sandro/workspace/sandro/MLCQCodeSmellSamples/scripts/../dataset/commons-configuration_34357e075d63c3634310878636f9498847badcab/src/test/java/org/apache/commons/configuration2/TestXMLConfiguration.java,org.apache.commons.configuration2.TestXMLConfiguration,testComplexNames/0,conf,2
/home/sandro/workspace/sandro/MLCQCodeSmellSamples/scripts/../dataset/commons-configuration_34357e075d63c3634310878636f9498847badcab/src/test/java/org/apache/commons/configuration2/TestXMLConfiguration.java,org.apache.commons.configuration2.TestXMLConfiguration,testSaveWithValidation/0,testSaveConf,1
/home/sandro/workspace/sandro/MLCQCodeSmellSamples/scripts/../dataset/commons-configuration_34357e075d63c3634310878636f9498847badcab/src/test/java/org/apache/commons/configuration2/TestXMLConfiguration.java,org.apache.commons.configuration2.TestXMLConfiguration,testSaveWithValidation/0,CATALOG_FILES,1
/home/sandro/workspace/sandro/MLCQCodeSmellSamples/scripts/../dataset/commons-configuration_34357e075d63c3634310878636f9498847badcab/src/test/java/org/apache/commons/configuration2/TestXMLConfiguration.java,org.apache.commons.configuration2.TestXMLConfiguration,testSaveWithValidation/0,testFile2,1
/home/sandro/workspace/sandro/MLCQCodeSmellSamples/scripts/../dataset/commons-configuration_34357e075d63c3634310878636f9498847badcab/src/test/java/org/apache/commons/configuration2/TestXMLConfiguration.java,org.apache.commons.configuration2.TestXMLConfiguration,testSaveWithValidation/0,conf,10
/home/sandro/workspace/sandro/MLCQCodeSmellSamples/scripts/../dataset/commons-configuration_34357e075d63c3634310878636f9498847badcab/src/test/java/org/apache/commons/configuration2/TestXMLConfiguration.java,org.apache.commons.configuration2.TestXMLConfiguration,testLoadInvalidXML/0,conf,2
/home/sandro/workspace/sandro/MLCQCodeSmellSamples/scripts/../dataset/commons-configuration_34357e075d63c3634310878636f9498847badcab/src/test/java/org/apache/commons/configuration2/TestXMLConfiguration.java,org.apache.commons.configuration2.TestXMLConfiguration,testSaveWithDelimiterParsingDisabled/0,testFile2,1
/home/sandro/workspace/sandro/MLCQCodeSmellSamples/scripts/../dataset/commons-configuration_34357e075d63c3634310878636f9498847badcab/src/test/java/org/apache/commons/configuration2/TestXMLConfiguration.java,org.apache.commons.configuration2.TestXMLConfiguration,testSaveWithDelimiterParsingDisabled/0,conf,9
/home/sandro/workspace/sandro/MLCQCodeSmellSamples/scripts/../dataset/commons-configuration_34357e075d63c3634310878636f9498847badcab/src/test/java/org/apache/commons/configuration2/TestXMLConfiguration.java,org.apache.commons.configuration2.TestXMLConfiguration,testSaveWithDelimiterParsingDisabled/0,testProperties,1
/home/sandro/workspace/sandro/MLCQCodeSmellSamples/scripts/../dataset/commons-configuration_34357e075d63c3634310878636f9498847badcab/src/test/java/org/apache/commons/configuration2/TestXMLConfiguration.java,org.apache.commons.configuration2.TestXMLConfiguration,testSaveWithDelimiterParsingDisabled/0,testSaveFile,4
/home/sandro/workspace/sandro/MLCQCodeSmellSamples/scripts/../dataset/commons-configuration_34357e075d63c3634310878636f9498847badcab/src/test/java/org/apache/commons/configuration2/TestXMLConfiguration.java,org.apache.commons.configuration2.TestXMLConfiguration,testSetRootNamespace/0,conf,3
/home/sandro/workspace/sandro/MLCQCodeSmellSamples/scripts/../dataset/commons-configuration_34357e075d63c3634310878636f9498847badcab/src/test/java/org/apache/commons/configuration2/TestXMLConfiguration.java,org.apache.commons.configuration2.TestXMLConfiguration,testDtd/0,conf,4
/home/sandro/workspace/sandro/MLCQCodeSmellSamples/scripts/../dataset/commons-configuration_34357e075d63c3634310878636f9498847badcab/src/test/java/org/apache/commons/configuration2/TestXMLConfiguration.java,org.apache.commons.configuration2.TestXMLConfiguration,testAutoSaveWithSubnodeConfig/0,testSaveConf,2
/home/sandro/workspace/sandro/MLCQCodeSmellSamples/scripts/../dataset/commons-configuration_34357e075d63c3634310878636f9498847badcab/src/test/java/org/apache/commons/configuration2/TestXMLConfiguration.java,org.apache.commons.configuration2.TestXMLConfiguration,testAutoSaveWithSubnodeConfig/0,conf,3
/home/sandro/workspace/sandro/MLCQCodeSmellSamples/scripts/../dataset/commons-configuration_34357e075d63c3634310878636f9498847badcab/src/test/java/org/apache/commons/configuration2/TestXMLConfiguration.java,org.apache.commons.configuration2.TestXMLConfiguration,testAutoSaveWithSubnodeConfig/0,testProperties,1
/home/sandro/workspace/sandro/MLCQCodeSmellSamples/scripts/../dataset/commons-configuration_34357e075d63c3634310878636f9498847badcab/src/test/java/org/apache/commons/configuration2/TestXMLConfiguration.java,org.apache.commons.configuration2.TestXMLConfiguration,testSaveWithRootAttributes_ByHand/0,conf,4
/home/sandro/workspace/sandro/MLCQCodeSmellSamples/scripts/../dataset/commons-configuration_34357e075d63c3634310878636f9498847badcab/src/test/java/org/apache/commons/configuration2/TestXMLConfiguration.java,org.apache.commons.configuration2.TestXMLConfiguration,testCustomDocBuilder/0,conf,4
/home/sandro/workspace/sandro/MLCQCodeSmellSamples/scripts/../dataset/commons-configuration_34357e075d63c3634310878636f9498847badcab/src/test/java/org/apache/commons/configuration2/TestXMLConfiguration.java,org.apache.commons.configuration2.TestXMLConfiguration,testDelimiterParsingDisabled/0,testProperties,1
/home/sandro/workspace/sandro/MLCQCodeSmellSamples/scripts/../dataset/commons-configuration_34357e075d63c3634310878636f9498847badcab/src/test/java/org/apache/commons/configuration2/TestXMLConfiguration.java,org.apache.commons.configuration2.TestXMLConfiguration,testEmptyElements/0,testSaveConf,1
/home/sandro/workspace/sandro/MLCQCodeSmellSamples/scripts/../dataset/commons-configuration_34357e075d63c3634310878636f9498847badcab/src/test/java/org/apache/commons/configuration2/TestXMLConfiguration.java,org.apache.commons.configuration2.TestXMLConfiguration,testEmptyElements/0,conf,8
/home/sandro/workspace/sandro/MLCQCodeSmellSamples/scripts/../dataset/commons-configuration_34357e075d63c3634310878636f9498847badcab/src/test/java/org/apache/commons/configuration2/TestXMLConfiguration.java,org.apache.commons.configuration2.TestXMLConfiguration,saveTestConfig/0,testSaveConf,1
/home/sandro/workspace/sandro/MLCQCodeSmellSamples/scripts/../dataset/commons-configuration_34357e075d63c3634310878636f9498847badcab/src/test/java/org/apache/commons/configuration2/TestXMLConfiguration.java,org.apache.commons.configuration2.TestXMLConfiguration,saveTestConfig/0,conf,1
/home/sandro/workspace/sandro/MLCQCodeSmellSamples/scripts/../dataset/commons-configuration_34357e075d63c3634310878636f9498847badcab/src/test/java/org/apache/commons/configuration2/TestXMLConfiguration.java,org.apache.commons.configuration2.TestXMLConfiguration,testSaveWithValidationFailure/0,CATALOG_FILES,1
/home/sandro/workspace/sandro/MLCQCodeSmellSamples/scripts/../dataset/commons-configuration_34357e075d63c3634310878636f9498847badcab/src/test/java/org/apache/commons/configuration2/TestXMLConfiguration.java,org.apache.commons.configuration2.TestXMLConfiguration,testSaveWithValidationFailure/0,testFile2,1
/home/sandro/workspace/sandro/MLCQCodeSmellSamples/scripts/../dataset/commons-configuration_34357e075d63c3634310878636f9498847badcab/src/test/java/org/apache/commons/configuration2/TestXMLConfiguration.java,org.apache.commons.configuration2.TestXMLConfiguration,testSaveWithValidationFailure/0,conf,6
/home/sandro/workspace/sandro/MLCQCodeSmellSamples/scripts/../dataset/commons-configuration_34357e075d63c3634310878636f9498847badcab/src/test/java/org/apache/commons/configuration2/TestXMLConfiguration.java,org.apache.commons.configuration2.TestXMLConfiguration,testLoadAndSaveFromFile/0,testSaveConf,3
/home/sandro/workspace/sandro/MLCQCodeSmellSamples/scripts/../dataset/commons-configuration_34357e075d63c3634310878636f9498847badcab/src/test/java/org/apache/commons/configuration2/TestXMLConfiguration.java,org.apache.commons.configuration2.TestXMLConfiguration,testLoadAndSaveFromFile/0,conf,3
/home/sandro/workspace/sandro/MLCQCodeSmellSamples/scripts/../dataset/commons-configuration_34357e075d63c3634310878636f9498847badcab/src/test/java/org/apache/commons/configuration2/TestXMLConfiguration.java,org.apache.commons.configuration2.TestXMLConfiguration,testSplitLists/0,conf,6
/home/sandro/workspace/sandro/MLCQCodeSmellSamples/scripts/../dataset/commons-configuration_34357e075d63c3634310878636f9498847badcab/src/test/java/org/apache/commons/configuration2/TestXMLConfiguration.java,org.apache.commons.configuration2.TestXMLConfiguration,testGetAttribute/0,conf,1
/home/sandro/workspace/sandro/MLCQCodeSmellSamples/scripts/../dataset/commons-configuration_34357e075d63c3634310878636f9498847badcab/src/test/java/org/apache/commons/configuration2/TestXMLConfiguration.java,org.apache.commons.configuration2.TestXMLConfiguration,testSaveWithDoctypeIDs/0,DOCTYPE_DECL,1
/home/sandro/workspace/sandro/MLCQCodeSmellSamples/scripts/../dataset/commons-configuration_34357e075d63c3634310878636f9498847badcab/src/test/java/org/apache/commons/configuration2/TestXMLConfiguration.java,org.apache.commons.configuration2.TestXMLConfiguration,testSaveWithDoctypeIDs/0,PUBLIC_ID,1
/home/sandro/workspace/sandro/MLCQCodeSmellSamples/scripts/../dataset/commons-configuration_34357e075d63c3634310878636f9498847badcab/src/test/java/org/apache/commons/configuration2/TestXMLConfiguration.java,org.apache.commons.configuration2.TestXMLConfiguration,testSaveWithDoctypeIDs/0,conf,5
/home/sandro/workspace/sandro/MLCQCodeSmellSamples/scripts/../dataset/commons-configuration_34357e075d63c3634310878636f9498847badcab/src/test/java/org/apache/commons/configuration2/TestXMLConfiguration.java,org.apache.commons.configuration2.TestXMLConfiguration,testSaveWithDoctypeIDs/0,DOCTYPE,1
/home/sandro/workspace/sandro/MLCQCodeSmellSamples/scripts/../dataset/commons-configuration_34357e075d63c3634310878636f9498847badcab/src/test/java/org/apache/commons/configuration2/TestXMLConfiguration.java,org.apache.commons.configuration2.TestXMLConfiguration,testSaveWithDoctypeIDs/0,SYSTEM_ID,1
/home/sandro/workspace/sandro/MLCQCodeSmellSamples/scripts/../dataset/commons-configuration_34357e075d63c3634310878636f9498847badcab/src/test/java/org/apache/commons/configuration2/TestXMLConfiguration.java,org.apache.commons.configuration2.TestXMLConfiguration,testReadCalledDirectly/0,conf,2
/home/sandro/workspace/sandro/MLCQCodeSmellSamples/scripts/../dataset/commons-configuration_34357e075d63c3634310878636f9498847badcab/src/test/java/org/apache/commons/configuration2/TestXMLConfiguration.java,org.apache.commons.configuration2.TestXMLConfiguration,testNoDelimiterParsingInAttrValues/0,conf,3
/home/sandro/workspace/sandro/MLCQCodeSmellSamples/scripts/../dataset/commons-configuration_34357e075d63c3634310878636f9498847badcab/src/test/java/org/apache/commons/configuration2/TestXMLConfiguration.java,org.apache.commons.configuration2.TestXMLConfiguration,testNoDelimiterParsingInAttrValues/0,testProperties,1
/home/sandro/workspace/sandro/MLCQCodeSmellSamples/scripts/../dataset/commons-configuration_34357e075d63c3634310878636f9498847badcab/src/test/java/org/apache/commons/configuration2/TestXMLConfiguration.java,org.apache.commons.configuration2.TestXMLConfiguration,testSetAttribute/0,conf,6
/home/sandro/workspace/sandro/MLCQCodeSmellSamples/scripts/../dataset/commons-configuration_34357e075d63c3634310878636f9498847badcab/src/test/java/org/apache/commons/configuration2/TestXMLConfiguration.java,org.apache.commons.configuration2.TestXMLConfiguration,testClearPropertyMultipleDisjoined/0,conf,3
/home/sandro/workspace/sandro/MLCQCodeSmellSamples/scripts/../dataset/commons-configuration_34357e075d63c3634310878636f9498847badcab/src/test/java/org/apache/commons/configuration2/TestXMLConfiguration.java,org.apache.commons.configuration2.TestXMLConfiguration,testAddList/0,conf,3
/home/sandro/workspace/sandro/MLCQCodeSmellSamples/scripts/../dataset/commons-configuration_34357e075d63c3634310878636f9498847badcab/src/test/java/org/apache/commons/configuration2/TestXMLConfiguration.java,org.apache.commons.configuration2.TestXMLConfiguration,checkSavedConfig/0,testSaveConf,1
/home/sandro/workspace/sandro/MLCQCodeSmellSamples/scripts/../dataset/commons-configuration_34357e075d63c3634310878636f9498847badcab/src/test/java/org/apache/commons/configuration2/TestXMLConfiguration.java,org.apache.commons.configuration2.TestXMLConfiguration,testClearPropertyMultipleSiblings/0,conf,5
/home/sandro/workspace/sandro/MLCQCodeSmellSamples/scripts/../dataset/commons-configuration_34357e075d63c3634310878636f9498847badcab/src/test/java/org/apache/commons/configuration2/TestXMLConfiguration.java,org.apache.commons.configuration2.TestXMLConfiguration,testClone/0,conf,4
/home/sandro/workspace/sandro/MLCQCodeSmellSamples/scripts/../dataset/commons-configuration_34357e075d63c3634310878636f9498847badcab/src/test/java/org/apache/commons/configuration2/TestXMLConfiguration.java,org.apache.commons.configuration2.TestXMLConfiguration,testClearPropertyCData/0,conf,3
/home/sandro/workspace/sandro/MLCQCodeSmellSamples/scripts/../dataset/commons-configuration_34357e075d63c3634310878636f9498847badcab/src/test/java/org/apache/commons/configuration2/TestXMLConfiguration.java,org.apache.commons.configuration2.TestXMLConfiguration,testAddPropertyListWithDelimiterParsingDisabled/0,testSaveConf,1
/home/sandro/workspace/sandro/MLCQCodeSmellSamples/scripts/../dataset/commons-configuration_34357e075d63c3634310878636f9498847badcab/src/test/java/org/apache/commons/configuration2/TestXMLConfiguration.java,org.apache.commons.configuration2.TestXMLConfiguration,testAddPropertyListWithDelimiterParsingDisabled/0,conf,3
/home/sandro/workspace/sandro/MLCQCodeSmellSamples/scripts/../dataset/commons-configuration_34357e075d63c3634310878636f9498847badcab/src/test/java/org/apache/commons/configuration2/TestXMLConfiguration.java,org.apache.commons.configuration2.TestXMLConfiguration,testSystemIdSynchronized/0,conf,3
/home/sandro/workspace/sandro/MLCQCodeSmellSamples/scripts/../dataset/commons-configuration_34357e075d63c3634310878636f9498847badcab/src/test/java/org/apache/commons/configuration2/TestXMLConfiguration.java,org.apache.commons.configuration2.TestXMLConfiguration,testSystemIdSynchronized/0,SYSTEM_ID,2
/home/sandro/workspace/sandro/MLCQCodeSmellSamples/scripts/../dataset/commons-configuration_34357e075d63c3634310878636f9498847badcab/src/test/java/org/apache/commons/configuration2/TestXMLConfiguration.java,org.apache.commons.configuration2.TestXMLConfiguration,testSubset/0,conf,6
/home/sandro/workspace/sandro/MLCQCodeSmellSamples/scripts/../dataset/commons-configuration_34357e075d63c3634310878636f9498847badcab/src/test/java/org/apache/commons/configuration2/TestXMLConfiguration.java,org.apache.commons.configuration2.TestXMLConfiguration,testAddNodesAndSave/0,testSaveConf,1
/home/sandro/workspace/sandro/MLCQCodeSmellSamples/scripts/../dataset/commons-configuration_34357e075d63c3634310878636f9498847badcab/src/test/java/org/apache/commons/configuration2/TestXMLConfiguration.java,org.apache.commons.configuration2.TestXMLConfiguration,testAddNodesAndSave/0,conf,5
/home/sandro/workspace/sandro/MLCQCodeSmellSamples/scripts/../dataset/commons-configuration_34357e075d63c3634310878636f9498847badcab/src/test/java/org/apache/commons/configuration2/TestXMLConfiguration.java,org.apache.commons.configuration2.TestXMLConfiguration,testCopyRootName/0,testSaveConf,2
/home/sandro/workspace/sandro/MLCQCodeSmellSamples/scripts/../dataset/commons-configuration_34357e075d63c3634310878636f9498847badcab/src/test/java/org/apache/commons/configuration2/TestXMLConfiguration.java,org.apache.commons.configuration2.TestXMLConfiguration,testCopyRootName/0,conf,3
/home/sandro/workspace/sandro/MLCQCodeSmellSamples/scripts/../dataset/commons-configuration_34357e075d63c3634310878636f9498847badcab/src/test/java/org/apache/commons/configuration2/TestXMLConfiguration.java,org.apache.commons.configuration2.TestXMLConfiguration,testClearPropertySingleElementWithAttribute/0,conf,5
/home/sandro/workspace/sandro/MLCQCodeSmellSamples/scripts/../dataset/commons-configuration_34357e075d63c3634310878636f9498847badcab/src/test/java/org/apache/commons/configuration2/TestXMLConfiguration.java,org.apache.commons.configuration2.TestXMLConfiguration,testInitCopy/0,testSaveConf,1
/home/sandro/workspace/sandro/MLCQCodeSmellSamples/scripts/../dataset/commons-configuration_34357e075d63c3634310878636f9498847badcab/src/test/java/org/apache/commons/configuration2/TestXMLConfiguration.java,org.apache.commons.configuration2.TestXMLConfiguration,testInitCopy/0,conf,1
/home/sandro/workspace/sandro/MLCQCodeSmellSamples/scripts/../dataset/commons-configuration_34357e075d63c3634310878636f9498847badcab/src/test/java/org/apache/commons/configuration2/TestXMLConfiguration.java,org.apache.commons.configuration2.TestXMLConfiguration,testGetProperty/0,conf,1
/home/sandro/workspace/sandro/MLCQCodeSmellSamples/scripts/../dataset/commons-configuration_34357e075d63c3634310878636f9498847badcab/src/test/java/org/apache/commons/configuration2/TestXMLConfiguration.java,org.apache.commons.configuration2.TestXMLConfiguration,testAddNodesToSubnodeConfiguration/0,conf,2
/home/sandro/workspace/sandro/MLCQCodeSmellSamples/scripts/../dataset/commons-configuration_34357e075d63c3634310878636f9498847badcab/src/test/java/org/apache/commons/configuration2/TestXMLConfiguration.java,org.apache.commons.configuration2.TestXMLConfiguration,testGetPropertyWithXMLEntity/0,conf,1
/home/sandro/workspace/sandro/MLCQCodeSmellSamples/scripts/../dataset/commons-configuration_34357e075d63c3634310878636f9498847badcab/src/test/java/org/apache/commons/configuration2/TestXMLConfiguration.java,org.apache.commons.configuration2.TestXMLConfiguration,testPreserveSpaceOverride/0,conf,1
/home/sandro/workspace/sandro/MLCQCodeSmellSamples/scripts/../dataset/commons-configuration_34357e075d63c3634310878636f9498847badcab/src/test/java/org/apache/commons/configuration2/TestXMLConfiguration.java,org.apache.commons.configuration2.TestXMLConfiguration,testCopyNull/0,conf,3
/home/sandro/workspace/sandro/MLCQCodeSmellSamples/scripts/../dataset/commons-configuration_34357e075d63c3634310878636f9498847badcab/src/test/java/org/apache/commons/configuration2/TestXMLConfiguration.java,org.apache.commons.configuration2.TestXMLConfiguration,testGetComplexProperty/0,conf,1
/home/sandro/workspace/sandro/MLCQCodeSmellSamples/scripts/../dataset/commons-configuration_34357e075d63c3634310878636f9498847badcab/src/test/java/org/apache/commons/configuration2/TestXMLConfiguration.java,org.apache.commons.configuration2.TestXMLConfiguration,testEmptyAttribute/0,testSaveConf,1
/home/sandro/workspace/sandro/MLCQCodeSmellSamples/scripts/../dataset/commons-configuration_34357e075d63c3634310878636f9498847badcab/src/test/java/org/apache/commons/configuration2/TestXMLConfiguration.java,org.apache.commons.configuration2.TestXMLConfiguration,testEmptyAttribute/0,conf,7
/home/sandro/workspace/sandro/MLCQCodeSmellSamples/scripts/../dataset/commons-configuration_34357e075d63c3634310878636f9498847badcab/src/test/java/org/apache/commons/configuration2/TestXMLConfiguration.java,org.apache.commons.configuration2.TestXMLConfiguration,testSaveAttributes/0,testSaveConf,1
/home/sandro/workspace/sandro/MLCQCodeSmellSamples/scripts/../dataset/commons-configuration_34357e075d63c3634310878636f9498847badcab/src/test/java/org/apache/commons/configuration2/TestXMLConfiguration.java,org.apache.commons.configuration2.TestXMLConfiguration,testSaveAttributes/0,conf,5
/home/sandro/workspace/sandro/MLCQCodeSmellSamples/scripts/../dataset/commons-configuration_34357e075d63c3634310878636f9498847badcab/src/test/java/org/apache/commons/configuration2/TestXMLConfiguration.java,org.apache.commons.configuration2.TestXMLConfiguration,testSaveAttributes/0,testProperties,1
/home/sandro/workspace/sandro/MLCQCodeSmellSamples/scripts/../dataset/commons-configuration_34357e075d63c3634310878636f9498847badcab/src/test/java/org/apache/commons/configuration2/TestXMLConfiguration.java,org.apache.commons.configuration2.TestXMLConfiguration,testSaveToURL/0,testSaveConf,2
/home/sandro/workspace/sandro/MLCQCodeSmellSamples/scripts/../dataset/commons-configuration_34357e075d63c3634310878636f9498847badcab/src/test/java/org/apache/commons/configuration2/TestXMLConfiguration.java,org.apache.commons.configuration2.TestXMLConfiguration,testSaveToURL/0,conf,1
/home/sandro/workspace/sandro/MLCQCodeSmellSamples/scripts/../dataset/commons-configuration_34357e075d63c3634310878636f9498847badcab/src/test/java/org/apache/commons/configuration2/TestXMLConfiguration.java,org.apache.commons.configuration2.TestXMLConfiguration,testXPathExpressionEngine/0,conf,4
/home/sandro/workspace/sandro/MLCQCodeSmellSamples/scripts/../dataset/commons-configuration_34357e075d63c3634310878636f9498847badcab/src/test/java/org/apache/commons/configuration2/TestXMLConfiguration.java,org.apache.commons.configuration2.TestXMLConfiguration,testSetPropertyListWithDelimiterParsingDisabled/0,testSaveConf,1
/home/sandro/workspace/sandro/MLCQCodeSmellSamples/scripts/../dataset/commons-configuration_34357e075d63c3634310878636f9498847badcab/src/test/java/org/apache/commons/configuration2/TestXMLConfiguration.java,org.apache.commons.configuration2.TestXMLConfiguration,testSetPropertyListWithDelimiterParsingDisabled/0,conf,1
/home/sandro/workspace/sandro/MLCQCodeSmellSamples/scripts/../dataset/commons-configuration_34357e075d63c3634310878636f9498847badcab/src/test/java/org/apache/commons/configuration2/TestXMLConfiguration.java,org.apache.commons.configuration2.TestXMLConfiguration,testClearPropertyNonText/0,conf,3
/home/sandro/workspace/sandro/MLCQCodeSmellSamples/scripts/../dataset/commons-configuration_34357e075d63c3634310878636f9498847badcab/src/test/java/org/apache/commons/configuration2/TestXMLConfiguration.java,org.apache.commons.configuration2.TestXMLConfiguration,testSaveWithRootAttributes/0,conf,3
/home/sandro/workspace/sandro/MLCQCodeSmellSamples/scripts/../dataset/commons-configuration_34357e075d63c3634310878636f9498847badcab/src/test/java/org/apache/commons/configuration2/TestXMLConfiguration.java,org.apache.commons.configuration2.TestXMLConfiguration,testSaveWithEncoding/0,ENCODING,2
/home/sandro/workspace/sandro/MLCQCodeSmellSamples/scripts/../dataset/commons-configuration_34357e075d63c3634310878636f9498847badcab/src/test/java/org/apache/commons/configuration2/TestXMLConfiguration.java,org.apache.commons.configuration2.TestXMLConfiguration,testSaveWithEncoding/0,conf,3
/home/sandro/workspace/sandro/MLCQCodeSmellSamples/scripts/../dataset/commons-configuration_34357e075d63c3634310878636f9498847badcab/src/test/java/org/apache/commons/configuration2/TestXMLConfiguration.java,org.apache.commons.configuration2.TestXMLConfiguration,testCopyRootNameNoDocument/0,testSaveConf,2
/home/sandro/workspace/sandro/MLCQCodeSmellSamples/scripts/../dataset/commons-configuration_34357e075d63c3634310878636f9498847badcab/src/test/java/org/apache/commons/configuration2/TestXMLConfiguration.java,org.apache.commons.configuration2.TestXMLConfiguration,testCopyRootNameNoDocument/0,conf,4
/home/sandro/workspace/sandro/MLCQCodeSmellSamples/scripts/../dataset/commons-configuration_34357e075d63c3634310878636f9498847badcab/src/test/java/org/apache/commons/configuration2/TestXMLConfiguration.java,org.apache.commons.configuration2.TestXMLConfiguration,testSaveToStream/0,testSaveConf,2
/home/sandro/workspace/sandro/MLCQCodeSmellSamples/scripts/../dataset/commons-configuration_34357e075d63c3634310878636f9498847badcab/src/test/java/org/apache/commons/configuration2/TestXMLConfiguration.java,org.apache.commons.configuration2.TestXMLConfiguration,testSaveToStream/0,conf,1
/home/sandro/workspace/sandro/MLCQCodeSmellSamples/scripts/../dataset/commons-configuration_34357e075d63c3634310878636f9498847badcab/src/test/java/org/apache/commons/configuration2/TestXMLConfiguration.java,org.apache.commons.configuration2.TestXMLConfiguration,checkSavedConfig/1[java.io.File],conf,1
/home/sandro/workspace/sandro/MLCQCodeSmellSamples/scripts/../dataset/commons-configuration_34357e075d63c3634310878636f9498847badcab/src/test/java/org/apache/commons/configuration2/TestXMLConfiguration.java,org.apache.commons.configuration2.TestXMLConfiguration,testValidatingInvalidFile/0,conf,3
/home/sandro/workspace/sandro/MLCQCodeSmellSamples/scripts/../dataset/commons-configuration_34357e075d63c3634310878636f9498847badcab/src/test/java/org/apache/commons/configuration2/TestXMLConfiguration.java,org.apache.commons.configuration2.TestXMLConfiguration,removeTestFile/0,testSaveConf,2
/home/sandro/workspace/sandro/MLCQCodeSmellSamples/scripts/../dataset/commons-configuration_34357e075d63c3634310878636f9498847badcab/src/test/java/org/apache/commons/configuration2/TestXMLConfiguration.java,org.apache.commons.configuration2.TestXMLConfiguration,testValidating/0,conf,5
/home/sandro/workspace/sandro/MLCQCodeSmellSamples/scripts/../dataset/commons-configuration_34357e075d63c3634310878636f9498847badcab/src/test/java/org/apache/commons/configuration2/TestXMLConfiguration.java,org.apache.commons.configuration2.TestXMLConfiguration,testLoadChildNamespace/0,conf,3
/home/sandro/workspace/sandro/MLCQCodeSmellSamples/scripts/../dataset/commons-configuration_34357e075d63c3634310878636f9498847badcab/src/test/java/org/apache/commons/configuration2/TestXMLConfiguration.java,org.apache.commons.configuration2.TestXMLConfiguration,testListWithMultipleAttributesMultiValue/0,conf,3
/home/sandro/workspace/sandro/MLCQCodeSmellSamples/scripts/../dataset/commons-configuration_34357e075d63c3634310878636f9498847badcab/src/test/java/org/apache/commons/configuration2/TestXMLConfiguration.java,org.apache.commons.configuration2.TestXMLConfiguration,testSaveWithDoctype/0,PUBLIC_ID,1
/home/sandro/workspace/sandro/MLCQCodeSmellSamples/scripts/../dataset/commons-configuration_34357e075d63c3634310878636f9498847badcab/src/test/java/org/apache/commons/configuration2/TestXMLConfiguration.java,org.apache.commons.configuration2.TestXMLConfiguration,testSaveWithDoctype/0,conf,5
/home/sandro/workspace/sandro/MLCQCodeSmellSamples/scripts/../dataset/commons-configuration_34357e075d63c3634310878636f9498847badcab/src/test/java/org/apache/commons/configuration2/TestXMLConfiguration.java,org.apache.commons.configuration2.TestXMLConfiguration,testSaveWithDoctype/0,DOCTYPE,1
/home/sandro/workspace/sandro/MLCQCodeSmellSamples/scripts/../dataset/commons-configuration_34357e075d63c3634310878636f9498847badcab/src/test/java/org/apache/commons/configuration2/TestXMLConfiguration.java,org.apache.commons.configuration2.TestXMLConfiguration,testSaveWithDoctype/0,SYSTEM_ID,1
/home/sandro/workspace/sandro/MLCQCodeSmellSamples/scripts/../dataset/commons-configuration_34357e075d63c3634310878636f9498847badcab/src/test/java/org/apache/commons/configuration2/builder/ParametersBeanTestImpl.java,org.apache.commons.configuration2.builder.ParametersBeanTestImpl,setFluentPropertyWithGet/1[java.lang.String],fluentGetProperty,1
/home/sandro/workspace/sandro/MLCQCodeSmellSamples/scripts/../dataset/commons-configuration_34357e075d63c3634310878636f9498847badcab/src/test/java/org/apache/commons/configuration2/builder/ParametersBeanTestImpl.java,org.apache.commons.configuration2.builder.ParametersBeanTestImpl,setIntProperty/1[int],intProperty,3
/home/sandro/workspace/sandro/MLCQCodeSmellSamples/scripts/../dataset/commons-configuration_34357e075d63c3634310878636f9498847badcab/src/test/java/org/apache/commons/configuration2/builder/ParametersBeanTestImpl.java,org.apache.commons.configuration2.builder.ParametersBeanTestImpl,setStringProperty/1[java.lang.String],stringProperty,3
/home/sandro/workspace/sandro/MLCQCodeSmellSamples/scripts/../dataset/commons-configuration_34357e075d63c3634310878636f9498847badcab/src/test/java/org/apache/commons/configuration2/builder/ParametersBeanTestImpl.java,org.apache.commons.configuration2.builder.ParametersBeanTestImpl,getFluentPropertyWithGet/0,fluentGetProperty,1
/home/sandro/workspace/sandro/MLCQCodeSmellSamples/scripts/../dataset/commons-configuration_34357e075d63c3634310878636f9498847badcab/src/test/java/org/apache/commons/configuration2/builder/ParametersBeanTestImpl.java,org.apache.commons.configuration2.builder.ParametersBeanTestImpl,getIntProperty/0,intProperty,1
/home/sandro/workspace/sandro/MLCQCodeSmellSamples/scripts/../dataset/commons-configuration_34357e075d63c3634310878636f9498847badcab/src/test/java/org/apache/commons/configuration2/builder/ParametersBeanTestImpl.java,org.apache.commons.configuration2.builder.ParametersBeanTestImpl,getStringProperty/0,stringProperty,1
/home/sandro/workspace/sandro/MLCQCodeSmellSamples/scripts/../dataset/commons-configuration_34357e075d63c3634310878636f9498847badcab/src/test/java/org/apache/commons/configuration2/TestDynamicCombinedConfiguration.java,org.apache.commons.configuration2.TestDynamicCombinedConfiguration$ThreadLookup,lookup/1[java.lang.String],id,1
/home/sandro/workspace/sandro/MLCQCodeSmellSamples/scripts/../dataset/commons-configuration_34357e075d63c3634310878636f9498847badcab/src/test/java/org/apache/commons/configuration2/TestDynamicCombinedConfiguration.java,org.apache.commons.configuration2.TestDynamicCombinedConfiguration$ThreadLookup,setId/1[java.lang.String],id,1
/home/sandro/workspace/sandro/MLCQCodeSmellSamples/scripts/../dataset/commons-configuration_34357e075d63c3634310878636f9498847badcab/src/main/java/org/apache/commons/configuration2/event/BaseEventSource.java,org.apache.commons.configuration2.event.BaseEventSource,clearErrorListeners/0,eventListeners,2
/home/sandro/workspace/sandro/MLCQCodeSmellSamples/scripts/../dataset/commons-configuration_34357e075d63c3634310878636f9498847badcab/src/main/java/org/apache/commons/configuration2/event/BaseEventSource.java,org.apache.commons.configuration2.event.BaseEventSource,initListeners/0,eventListeners,1
/home/sandro/workspace/sandro/MLCQCodeSmellSamples/scripts/../dataset/commons-configuration_34357e075d63c3634310878636f9498847badcab/src/main/java/org/apache/commons/configuration2/event/BaseEventSource.java,org.apache.commons.configuration2.event.BaseEventSource,"fireError/5[org.apache.commons.configuration2.event.EventType<T>,org.apache.commons.configuration2.event.EventType<?>,java.lang.String,java.lang.Object,java.lang.Throwable]",eventListeners,1
/home/sandro/workspace/sandro/MLCQCodeSmellSamples/scripts/../dataset/commons-configuration_34357e075d63c3634310878636f9498847badcab/src/main/java/org/apache/commons/configuration2/event/BaseEventSource.java,org.apache.commons.configuration2.event.BaseEventSource,"addEventListener/2[org.apache.commons.configuration2.event.EventType<T>,org.apache.commons.configuration2.event.EventListener<? super T>]",eventListeners,1
/home/sandro/workspace/sandro/MLCQCodeSmellSamples/scripts/../dataset/commons-configuration_34357e075d63c3634310878636f9498847badcab/src/main/java/org/apache/commons/configuration2/event/BaseEventSource.java,org.apache.commons.configuration2.event.BaseEventSource,"removeEventListener/2[org.apache.commons.configuration2.event.EventType<T>,org.apache.commons.configuration2.event.EventListener<? super T>]",eventListeners,1
/home/sandro/workspace/sandro/MLCQCodeSmellSamples/scripts/../dataset/commons-configuration_34357e075d63c3634310878636f9498847badcab/src/main/java/org/apache/commons/configuration2/event/BaseEventSource.java,org.apache.commons.configuration2.event.BaseEventSource,"fireEvent/4[org.apache.commons.configuration2.event.EventType<T>,java.lang.String,java.lang.Object,boolean]",eventListeners,1
/home/sandro/workspace/sandro/MLCQCodeSmellSamples/scripts/../dataset/commons-configuration_34357e075d63c3634310878636f9498847badcab/src/main/java/org/apache/commons/configuration2/event/BaseEventSource.java,org.apache.commons.configuration2.event.BaseEventSource,copyEventListeners/1[org.apache.commons.configuration2.event.BaseEventSource],eventListeners,1
/home/sandro/workspace/sandro/MLCQCodeSmellSamples/scripts/../dataset/commons-configuration_34357e075d63c3634310878636f9498847badcab/src/main/java/org/apache/commons/configuration2/event/BaseEventSource.java,org.apache.commons.configuration2.event.BaseEventSource,getEventListeners/1[org.apache.commons.configuration2.event.EventType<T>],eventListeners,1
/home/sandro/workspace/sandro/MLCQCodeSmellSamples/scripts/../dataset/commons-configuration_34357e075d63c3634310878636f9498847badcab/src/main/java/org/apache/commons/configuration2/event/BaseEventSource.java,org.apache.commons.configuration2.event.BaseEventSource,checkDetailEvents/1[int],detailEvents,1
/home/sandro/workspace/sandro/MLCQCodeSmellSamples/scripts/../dataset/commons-configuration_34357e075d63c3634310878636f9498847badcab/src/main/java/org/apache/commons/configuration2/event/BaseEventSource.java,org.apache.commons.configuration2.event.BaseEventSource,checkDetailEvents/1[int],lockDetailEventsCount,1
/home/sandro/workspace/sandro/MLCQCodeSmellSamples/scripts/../dataset/commons-configuration_34357e075d63c3634310878636f9498847badcab/src/main/java/org/apache/commons/configuration2/event/BaseEventSource.java,org.apache.commons.configuration2.event.BaseEventSource,getEventListenerRegistrations/0,eventListeners,1
/home/sandro/workspace/sandro/MLCQCodeSmellSamples/scripts/../dataset/commons-configuration_34357e075d63c3634310878636f9498847badcab/src/main/java/org/apache/commons/configuration2/event/BaseEventSource.java,org.apache.commons.configuration2.event.BaseEventSource,clearEventListeners/0,eventListeners,1
/home/sandro/workspace/sandro/MLCQCodeSmellSamples/scripts/../dataset/commons-configuration_34357e075d63c3634310878636f9498847badcab/src/main/java/org/apache/commons/configuration2/event/BaseEventSource.java,org.apache.commons.configuration2.event.BaseEventSource,setDetailEvents/1[boolean],detailEvents,2
/home/sandro/workspace/sandro/MLCQCodeSmellSamples/scripts/../dataset/commons-configuration_34357e075d63c3634310878636f9498847badcab/src/main/java/org/apache/commons/configuration2/event/BaseEventSource.java,org.apache.commons.configuration2.event.BaseEventSource,setDetailEvents/1[boolean],lockDetailEventsCount,1
/home/sandro/workspace/sandro/MLCQCodeSmellSamples/scripts/../dataset/commons-configuration_34357e075d63c3634310878636f9498847badcab/src/test/java/org/apache/commons/configuration2/io/TestFileLocatorUtils.java,org.apache.commons.configuration2.io.TestFileLocatorUtils,testLocateSuccessWithStrategyDefaultFileSystem/0,sourceURL,2
/home/sandro/workspace/sandro/MLCQCodeSmellSamples/scripts/../dataset/commons-configuration_34357e075d63c3634310878636f9498847badcab/src/test/java/org/apache/commons/configuration2/io/TestFileLocatorUtils.java,org.apache.commons.configuration2.io.TestFileLocatorUtils,testConvertFileToURL/0,FILE_NAME,1
/home/sandro/workspace/sandro/MLCQCodeSmellSamples/scripts/../dataset/commons-configuration_34357e075d63c3634310878636f9498847badcab/src/test/java/org/apache/commons/configuration2/io/TestFileLocatorUtils.java,org.apache.commons.configuration2.io.TestFileLocatorUtils,testObtainFileSystemSetInLocator/0,fileSystem,1
/home/sandro/workspace/sandro/MLCQCodeSmellSamples/scripts/../dataset/commons-configuration_34357e075d63c3634310878636f9498847badcab/src/test/java/org/apache/commons/configuration2/io/TestFileLocatorUtils.java,org.apache.commons.configuration2.io.TestFileLocatorUtils,testFullyInitializedLocatorFileName/0,FILE_NAME,1
/home/sandro/workspace/sandro/MLCQCodeSmellSamples/scripts/../dataset/commons-configuration_34357e075d63c3634310878636f9498847badcab/src/test/java/org/apache/commons/configuration2/io/TestFileLocatorUtils.java,org.apache.commons.configuration2.io.TestFileLocatorUtils,testIsLocationDefinedFalse/0,fileSystem,1
/home/sandro/workspace/sandro/MLCQCodeSmellSamples/scripts/../dataset/commons-configuration_34357e075d63c3634310878636f9498847badcab/src/test/java/org/apache/commons/configuration2/io/TestFileLocatorUtils.java,org.apache.commons.configuration2.io.TestFileLocatorUtils,testIsLocationDefinedFalse/0,ENCODING,1
/home/sandro/workspace/sandro/MLCQCodeSmellSamples/scripts/../dataset/commons-configuration_34357e075d63c3634310878636f9498847badcab/src/test/java/org/apache/commons/configuration2/io/TestFileLocatorUtils.java,org.apache.commons.configuration2.io.TestFileLocatorUtils,testIsLocationDefinedFalse/0,BASE_PATH,1
/home/sandro/workspace/sandro/MLCQCodeSmellSamples/scripts/../dataset/commons-configuration_34357e075d63c3634310878636f9498847badcab/src/test/java/org/apache/commons/configuration2/io/TestFileLocatorUtils.java,org.apache.commons.configuration2.io.TestFileLocatorUtils,testLocateSuccessWithStrategyAndFileSystem/0,sourceURL,2
/home/sandro/workspace/sandro/MLCQCodeSmellSamples/scripts/../dataset/commons-configuration_34357e075d63c3634310878636f9498847badcab/src/test/java/org/apache/commons/configuration2/io/TestFileLocatorUtils.java,org.apache.commons.configuration2.io.TestFileLocatorUtils,testLocateSuccessWithStrategyAndFileSystem/0,fileSystem,1
/home/sandro/workspace/sandro/MLCQCodeSmellSamples/scripts/../dataset/commons-configuration_34357e075d63c3634310878636f9498847badcab/src/test/java/org/apache/commons/configuration2/io/TestFileLocatorUtils.java,org.apache.commons.configuration2.io.TestFileLocatorUtils,testStoreFileLocatorInMap/0,sourceURL,2
/home/sandro/workspace/sandro/MLCQCodeSmellSamples/scripts/../dataset/commons-configuration_34357e075d63c3634310878636f9498847badcab/src/test/java/org/apache/commons/configuration2/io/TestFileLocatorUtils.java,org.apache.commons.configuration2.io.TestFileLocatorUtils,testStoreFileLocatorInMap/0,fileSystem,2
/home/sandro/workspace/sandro/MLCQCodeSmellSamples/scripts/../dataset/commons-configuration_34357e075d63c3634310878636f9498847badcab/src/test/java/org/apache/commons/configuration2/io/TestFileLocatorUtils.java,org.apache.commons.configuration2.io.TestFileLocatorUtils,testStoreFileLocatorInMap/0,ENCODING,1
/home/sandro/workspace/sandro/MLCQCodeSmellSamples/scripts/../dataset/commons-configuration_34357e075d63c3634310878636f9498847badcab/src/test/java/org/apache/commons/configuration2/io/TestFileLocatorUtils.java,org.apache.commons.configuration2.io.TestFileLocatorUtils,testStoreFileLocatorInMap/0,BASE_PATH,1
/home/sandro/workspace/sandro/MLCQCodeSmellSamples/scripts/../dataset/commons-configuration_34357e075d63c3634310878636f9498847badcab/src/test/java/org/apache/commons/configuration2/io/TestFileLocatorUtils.java,org.apache.commons.configuration2.io.TestFileLocatorUtils,testStoreFileLocatorInMap/0,FILE_NAME,1
/home/sandro/workspace/sandro/MLCQCodeSmellSamples/scripts/../dataset/commons-configuration_34357e075d63c3634310878636f9498847badcab/src/test/java/org/apache/commons/configuration2/io/TestFileLocatorUtils.java,org.apache.commons.configuration2.io.TestFileLocatorUtils,testIsLocationDefinedFileName/0,FILE_NAME,1
/home/sandro/workspace/sandro/MLCQCodeSmellSamples/scripts/../dataset/commons-configuration_34357e075d63c3634310878636f9498847badcab/src/test/java/org/apache/commons/configuration2/io/TestFileLocatorUtils.java,org.apache.commons.configuration2.io.TestFileLocatorUtils,testIsFullyInitializedNoBasePath/0,sourceURL,1
/home/sandro/workspace/sandro/MLCQCodeSmellSamples/scripts/../dataset/commons-configuration_34357e075d63c3634310878636f9498847badcab/src/test/java/org/apache/commons/configuration2/io/TestFileLocatorUtils.java,org.apache.commons.configuration2.io.TestFileLocatorUtils,testIsFullyInitializedNoBasePath/0,FILE_NAME,2
/home/sandro/workspace/sandro/MLCQCodeSmellSamples/scripts/../dataset/commons-configuration_34357e075d63c3634310878636f9498847badcab/src/test/java/org/apache/commons/configuration2/io/TestFileLocatorUtils.java,org.apache.commons.configuration2.io.TestFileLocatorUtils,setUpOnce/0,sourceURL,1
/home/sandro/workspace/sandro/MLCQCodeSmellSamples/scripts/../dataset/commons-configuration_34357e075d63c3634310878636f9498847badcab/src/test/java/org/apache/commons/configuration2/io/TestFileLocatorUtils.java,org.apache.commons.configuration2.io.TestFileLocatorUtils,setUpOnce/0,fileSystem,2
/home/sandro/workspace/sandro/MLCQCodeSmellSamples/scripts/../dataset/commons-configuration_34357e075d63c3634310878636f9498847badcab/src/test/java/org/apache/commons/configuration2/io/TestFileLocatorUtils.java,org.apache.commons.configuration2.io.TestFileLocatorUtils,setUpOnce/0,FILE_NAME,1
/home/sandro/workspace/sandro/MLCQCodeSmellSamples/scripts/../dataset/commons-configuration_34357e075d63c3634310878636f9498847badcab/src/test/java/org/apache/commons/configuration2/io/TestFileLocatorUtils.java,org.apache.commons.configuration2.io.TestFileLocatorUtils,testLocateSuccessWithDefaults/0,sourceURL,3
/home/sandro/workspace/sandro/MLCQCodeSmellSamples/scripts/../dataset/commons-configuration_34357e075d63c3634310878636f9498847badcab/src/test/java/org/apache/commons/configuration2/io/TestFileLocatorUtils.java,org.apache.commons.configuration2.io.TestFileLocatorUtils,testIsLocationDefinedURL/0,sourceURL,1
/home/sandro/workspace/sandro/MLCQCodeSmellSamples/scripts/../dataset/commons-configuration_34357e075d63c3634310878636f9498847badcab/src/test/java/org/apache/commons/configuration2/io/TestFileLocatorUtils.java,org.apache.commons.configuration2.io.TestFileLocatorUtils,testIsLocationDefinedURL/0,FILE_NAME,1
/home/sandro/workspace/sandro/MLCQCodeSmellSamples/scripts/../dataset/commons-configuration_34357e075d63c3634310878636f9498847badcab/src/test/java/org/apache/commons/configuration2/io/TestFileLocatorUtils.java,org.apache.commons.configuration2.io.TestFileLocatorUtils,testFullyInitializedLocatorURL/0,sourceURL,2
/home/sandro/workspace/sandro/MLCQCodeSmellSamples/scripts/../dataset/commons-configuration_34357e075d63c3634310878636f9498847badcab/src/test/java/org/apache/commons/configuration2/io/TestFileLocatorUtils.java,org.apache.commons.configuration2.io.TestFileLocatorUtils,testFullyInitializedLocatorAlreadyComplete/0,FILE_NAME,1
/home/sandro/workspace/sandro/MLCQCodeSmellSamples/scripts/../dataset/commons-configuration_34357e075d63c3634310878636f9498847badcab/src/main/java/org/apache/commons/configuration2/builder/fluent/Configurations.java,org.apache.commons.configuration2.builder.fluent.Configurations,getParameters/0,parameters,1
/home/sandro/workspace/sandro/MLCQCodeSmellSamples/scripts/../dataset/commons-configuration_34357e075d63c3634310878636f9498847badcab/src/main/java/org/apache/commons/configuration2/builder/fluent/Configurations.java,org.apache.commons.configuration2.builder.fluent.Configurations,Configurations/1[org.apache.commons.configuration2.builder.fluent.Parameters],parameters,1
/home/sandro/workspace/sandro/MLCQCodeSmellSamples/scripts/../dataset/commons-configuration_34357e075d63c3634310878636f9498847badcab/src/test/java/org/apache/commons/configuration2/TestPropertiesConfigurationLayout.java,org.apache.commons.configuration2.TestPropertiesConfigurationLayout,testSave/0,layout,5
/home/sandro/workspace/sandro/MLCQCodeSmellSamples/scripts/../dataset/commons-configuration_34357e075d63c3634310878636f9498847badcab/src/test/java/org/apache/commons/configuration2/TestPropertiesConfigurationLayout.java,org.apache.commons.configuration2.TestPropertiesConfigurationLayout,testSave/0,TEST_COMMENT,2
/home/sandro/workspace/sandro/MLCQCodeSmellSamples/scripts/../dataset/commons-configuration_34357e075d63c3634310878636f9498847badcab/src/test/java/org/apache/commons/configuration2/TestPropertiesConfigurationLayout.java,org.apache.commons.configuration2.TestPropertiesConfigurationLayout,testSave/0,CRNORM,1
/home/sandro/workspace/sandro/MLCQCodeSmellSamples/scripts/../dataset/commons-configuration_34357e075d63c3634310878636f9498847badcab/src/test/java/org/apache/commons/configuration2/TestPropertiesConfigurationLayout.java,org.apache.commons.configuration2.TestPropertiesConfigurationLayout,testSave/0,TEST_VALUE,4
/home/sandro/workspace/sandro/MLCQCodeSmellSamples/scripts/../dataset/commons-configuration_34357e075d63c3634310878636f9498847badcab/src/test/java/org/apache/commons/configuration2/TestPropertiesConfigurationLayout.java,org.apache.commons.configuration2.TestPropertiesConfigurationLayout,testSave/0,TEST_KEY,5
/home/sandro/workspace/sandro/MLCQCodeSmellSamples/scripts/../dataset/commons-configuration_34357e075d63c3634310878636f9498847badcab/src/test/java/org/apache/commons/configuration2/TestPropertiesConfigurationLayout.java,org.apache.commons.configuration2.TestPropertiesConfigurationLayout,testSave/0,config,4
/home/sandro/workspace/sandro/MLCQCodeSmellSamples/scripts/../dataset/commons-configuration_34357e075d63c3634310878636f9498847badcab/src/test/java/org/apache/commons/configuration2/TestPropertiesConfigurationLayout.java,org.apache.commons.configuration2.TestPropertiesConfigurationLayout,testSave/0,CR,10
/home/sandro/workspace/sandro/MLCQCodeSmellSamples/scripts/../dataset/commons-configuration_34357e075d63c3634310878636f9498847badcab/src/test/java/org/apache/commons/configuration2/TestPropertiesConfigurationLayout.java,org.apache.commons.configuration2.TestPropertiesConfigurationLayout,testSaveCommentForUnexistingProperty/0,layout,1
/home/sandro/workspace/sandro/MLCQCodeSmellSamples/scripts/../dataset/commons-configuration_34357e075d63c3634310878636f9498847badcab/src/test/java/org/apache/commons/configuration2/TestPropertiesConfigurationLayout.java,org.apache.commons.configuration2.TestPropertiesConfigurationLayout,getLayoutString/0,layout,1
/home/sandro/workspace/sandro/MLCQCodeSmellSamples/scripts/../dataset/commons-configuration_34357e075d63c3634310878636f9498847badcab/src/test/java/org/apache/commons/configuration2/TestPropertiesConfigurationLayout.java,org.apache.commons.configuration2.TestPropertiesConfigurationLayout,getLayoutString/0,config,1
/home/sandro/workspace/sandro/MLCQCodeSmellSamples/scripts/../dataset/commons-configuration_34357e075d63c3634310878636f9498847badcab/src/test/java/org/apache/commons/configuration2/TestPropertiesConfigurationLayout.java,org.apache.commons.configuration2.TestPropertiesConfigurationLayout,testCombineComments/0,layout,3
/home/sandro/workspace/sandro/MLCQCodeSmellSamples/scripts/../dataset/commons-configuration_34357e075d63c3634310878636f9498847badcab/src/test/java/org/apache/commons/configuration2/TestPropertiesConfigurationLayout.java,org.apache.commons.configuration2.TestPropertiesConfigurationLayout,testCombineComments/0,TEST_COMMENT,4
/home/sandro/workspace/sandro/MLCQCodeSmellSamples/scripts/../dataset/commons-configuration_34357e075d63c3634310878636f9498847badcab/src/test/java/org/apache/commons/configuration2/TestPropertiesConfigurationLayout.java,org.apache.commons.configuration2.TestPropertiesConfigurationLayout,testCombineComments/0,CRNORM,1
/home/sandro/workspace/sandro/MLCQCodeSmellSamples/scripts/../dataset/commons-configuration_34357e075d63c3634310878636f9498847badcab/src/test/java/org/apache/commons/configuration2/TestPropertiesConfigurationLayout.java,org.apache.commons.configuration2.TestPropertiesConfigurationLayout,testCombineComments/0,builder,6
/home/sandro/workspace/sandro/MLCQCodeSmellSamples/scripts/../dataset/commons-configuration_34357e075d63c3634310878636f9498847badcab/src/test/java/org/apache/commons/configuration2/TestPropertiesConfigurationLayout.java,org.apache.commons.configuration2.TestPropertiesConfigurationLayout,testCombineComments/0,TEST_VALUE,2
/home/sandro/workspace/sandro/MLCQCodeSmellSamples/scripts/../dataset/commons-configuration_34357e075d63c3634310878636f9498847badcab/src/test/java/org/apache/commons/configuration2/TestPropertiesConfigurationLayout.java,org.apache.commons.configuration2.TestPropertiesConfigurationLayout,testCombineComments/0,TEST_KEY,4
/home/sandro/workspace/sandro/MLCQCodeSmellSamples/scripts/../dataset/commons-configuration_34357e075d63c3634310878636f9498847badcab/src/test/java/org/apache/commons/configuration2/TestPropertiesConfigurationLayout.java,org.apache.commons.configuration2.TestPropertiesConfigurationLayout,testCombineComments/0,config,1
/home/sandro/workspace/sandro/MLCQCodeSmellSamples/scripts/../dataset/commons-configuration_34357e075d63c3634310878636f9498847badcab/src/test/java/org/apache/commons/configuration2/TestPropertiesConfigurationLayout.java,org.apache.commons.configuration2.TestPropertiesConfigurationLayout,testEventAddExisting/0,layout,4
/home/sandro/workspace/sandro/MLCQCodeSmellSamples/scripts/../dataset/commons-configuration_34357e075d63c3634310878636f9498847badcab/src/test/java/org/apache/commons/configuration2/TestPropertiesConfigurationLayout.java,org.apache.commons.configuration2.TestPropertiesConfigurationLayout,testEventAddExisting/0,TEST_COMMENT,2
/home/sandro/workspace/sandro/MLCQCodeSmellSamples/scripts/../dataset/commons-configuration_34357e075d63c3634310878636f9498847badcab/src/test/java/org/apache/commons/configuration2/TestPropertiesConfigurationLayout.java,org.apache.commons.configuration2.TestPropertiesConfigurationLayout,testEventAddExisting/0,builder,3
/home/sandro/workspace/sandro/MLCQCodeSmellSamples/scripts/../dataset/commons-configuration_34357e075d63c3634310878636f9498847badcab/src/test/java/org/apache/commons/configuration2/TestPropertiesConfigurationLayout.java,org.apache.commons.configuration2.TestPropertiesConfigurationLayout,testEventAddExisting/0,TEST_VALUE,2
/home/sandro/workspace/sandro/MLCQCodeSmellSamples/scripts/../dataset/commons-configuration_34357e075d63c3634310878636f9498847badcab/src/test/java/org/apache/commons/configuration2/TestPropertiesConfigurationLayout.java,org.apache.commons.configuration2.TestPropertiesConfigurationLayout,testEventAddExisting/0,TEST_KEY,4
/home/sandro/workspace/sandro/MLCQCodeSmellSamples/scripts/../dataset/commons-configuration_34357e075d63c3634310878636f9498847badcab/src/test/java/org/apache/commons/configuration2/TestPropertiesConfigurationLayout.java,org.apache.commons.configuration2.TestPropertiesConfigurationLayout,testEventAddExisting/0,config,1
/home/sandro/workspace/sandro/MLCQCodeSmellSamples/scripts/../dataset/commons-configuration_34357e075d63c3634310878636f9498847badcab/src/test/java/org/apache/commons/configuration2/TestPropertiesConfigurationLayout.java,org.apache.commons.configuration2.TestPropertiesConfigurationLayout,testRecursiveLoadCall/0,layout,4
/home/sandro/workspace/sandro/MLCQCodeSmellSamples/scripts/../dataset/commons-configuration_34357e075d63c3634310878636f9498847badcab/src/test/java/org/apache/commons/configuration2/TestPropertiesConfigurationLayout.java,org.apache.commons.configuration2.TestPropertiesConfigurationLayout,testRecursiveLoadCall/0,TEST_COMMENT,2
/home/sandro/workspace/sandro/MLCQCodeSmellSamples/scripts/../dataset/commons-configuration_34357e075d63c3634310878636f9498847badcab/src/test/java/org/apache/commons/configuration2/TestPropertiesConfigurationLayout.java,org.apache.commons.configuration2.TestPropertiesConfigurationLayout,testRecursiveLoadCall/0,CRNORM,4
/home/sandro/workspace/sandro/MLCQCodeSmellSamples/scripts/../dataset/commons-configuration_34357e075d63c3634310878636f9498847badcab/src/test/java/org/apache/commons/configuration2/TestPropertiesConfigurationLayout.java,org.apache.commons.configuration2.TestPropertiesConfigurationLayout,testRecursiveLoadCall/0,builder,7
/home/sandro/workspace/sandro/MLCQCodeSmellSamples/scripts/../dataset/commons-configuration_34357e075d63c3634310878636f9498847badcab/src/test/java/org/apache/commons/configuration2/TestPropertiesConfigurationLayout.java,org.apache.commons.configuration2.TestPropertiesConfigurationLayout,testRecursiveLoadCall/0,TEST_VALUE,3
/home/sandro/workspace/sandro/MLCQCodeSmellSamples/scripts/../dataset/commons-configuration_34357e075d63c3634310878636f9498847badcab/src/test/java/org/apache/commons/configuration2/TestPropertiesConfigurationLayout.java,org.apache.commons.configuration2.TestPropertiesConfigurationLayout,testRecursiveLoadCall/0,TEST_KEY,4
/home/sandro/workspace/sandro/MLCQCodeSmellSamples/scripts/../dataset/commons-configuration_34357e075d63c3634310878636f9498847badcab/src/test/java/org/apache/commons/configuration2/TestPropertiesConfigurationLayout.java,org.apache.commons.configuration2.TestPropertiesConfigurationLayout,testRecursiveLoadCall/0,config,1
/home/sandro/workspace/sandro/MLCQCodeSmellSamples/scripts/../dataset/commons-configuration_34357e075d63c3634310878636f9498847badcab/src/test/java/org/apache/commons/configuration2/TestPropertiesConfigurationLayout.java,org.apache.commons.configuration2.TestPropertiesConfigurationLayout,testSetNullComment/0,layout,2
/home/sandro/workspace/sandro/MLCQCodeSmellSamples/scripts/../dataset/commons-configuration_34357e075d63c3634310878636f9498847badcab/src/test/java/org/apache/commons/configuration2/TestPropertiesConfigurationLayout.java,org.apache.commons.configuration2.TestPropertiesConfigurationLayout,testSetNullComment/0,TEST_KEY,2
/home/sandro/workspace/sandro/MLCQCodeSmellSamples/scripts/../dataset/commons-configuration_34357e075d63c3634310878636f9498847badcab/src/test/java/org/apache/commons/configuration2/TestPropertiesConfigurationLayout.java,org.apache.commons.configuration2.TestPropertiesConfigurationLayout,testLineWithBlank/0,layout,2
/home/sandro/workspace/sandro/MLCQCodeSmellSamples/scripts/../dataset/commons-configuration_34357e075d63c3634310878636f9498847badcab/src/test/java/org/apache/commons/configuration2/TestPropertiesConfigurationLayout.java,org.apache.commons.configuration2.TestPropertiesConfigurationLayout,testLineWithBlank/0,TEST_COMMENT,2
/home/sandro/workspace/sandro/MLCQCodeSmellSamples/scripts/../dataset/commons-configuration_34357e075d63c3634310878636f9498847badcab/src/test/java/org/apache/commons/configuration2/TestPropertiesConfigurationLayout.java,org.apache.commons.configuration2.TestPropertiesConfigurationLayout,testLineWithBlank/0,CRNORM,1
/home/sandro/workspace/sandro/MLCQCodeSmellSamples/scripts/../dataset/commons-configuration_34357e075d63c3634310878636f9498847badcab/src/test/java/org/apache/commons/configuration2/TestPropertiesConfigurationLayout.java,org.apache.commons.configuration2.TestPropertiesConfigurationLayout,testLineWithBlank/0,builder,4
/home/sandro/workspace/sandro/MLCQCodeSmellSamples/scripts/../dataset/commons-configuration_34357e075d63c3634310878636f9498847badcab/src/test/java/org/apache/commons/configuration2/TestPropertiesConfigurationLayout.java,org.apache.commons.configuration2.TestPropertiesConfigurationLayout,testLineWithBlank/0,TEST_VALUE,1
/home/sandro/workspace/sandro/MLCQCodeSmellSamples/scripts/../dataset/commons-configuration_34357e075d63c3634310878636f9498847badcab/src/test/java/org/apache/commons/configuration2/TestPropertiesConfigurationLayout.java,org.apache.commons.configuration2.TestPropertiesConfigurationLayout,testLineWithBlank/0,TEST_KEY,2
/home/sandro/workspace/sandro/MLCQCodeSmellSamples/scripts/../dataset/commons-configuration_34357e075d63c3634310878636f9498847badcab/src/test/java/org/apache/commons/configuration2/TestPropertiesConfigurationLayout.java,org.apache.commons.configuration2.TestPropertiesConfigurationLayout,testLineWithBlank/0,config,1
/home/sandro/workspace/sandro/MLCQCodeSmellSamples/scripts/../dataset/commons-configuration_34357e075d63c3634310878636f9498847badcab/src/test/java/org/apache/commons/configuration2/TestPropertiesConfigurationLayout.java,org.apache.commons.configuration2.TestPropertiesConfigurationLayout,testEventAddBefore/0,layout,2
/home/sandro/workspace/sandro/MLCQCodeSmellSamples/scripts/../dataset/commons-configuration_34357e075d63c3634310878636f9498847badcab/src/test/java/org/apache/commons/configuration2/TestPropertiesConfigurationLayout.java,org.apache.commons.configuration2.TestPropertiesConfigurationLayout,testEventAddBefore/0,TEST_VALUE,1
/home/sandro/workspace/sandro/MLCQCodeSmellSamples/scripts/../dataset/commons-configuration_34357e075d63c3634310878636f9498847badcab/src/test/java/org/apache/commons/configuration2/TestPropertiesConfigurationLayout.java,org.apache.commons.configuration2.TestPropertiesConfigurationLayout,testEventAddBefore/0,TEST_KEY,2
/home/sandro/workspace/sandro/MLCQCodeSmellSamples/scripts/../dataset/commons-configuration_34357e075d63c3634310878636f9498847badcab/src/test/java/org/apache/commons/configuration2/TestPropertiesConfigurationLayout.java,org.apache.commons.configuration2.TestPropertiesConfigurationLayout,testSetLineSeparator/0,layout,4
/home/sandro/workspace/sandro/MLCQCodeSmellSamples/scripts/../dataset/commons-configuration_34357e075d63c3634310878636f9498847badcab/src/test/java/org/apache/commons/configuration2/TestPropertiesConfigurationLayout.java,org.apache.commons.configuration2.TestPropertiesConfigurationLayout,testSetLineSeparator/0,TEST_COMMENT,2
/home/sandro/workspace/sandro/MLCQCodeSmellSamples/scripts/../dataset/commons-configuration_34357e075d63c3634310878636f9498847badcab/src/test/java/org/apache/commons/configuration2/TestPropertiesConfigurationLayout.java,org.apache.commons.configuration2.TestPropertiesConfigurationLayout,testSetLineSeparator/0,TEST_VALUE,2
/home/sandro/workspace/sandro/MLCQCodeSmellSamples/scripts/../dataset/commons-configuration_34357e075d63c3634310878636f9498847badcab/src/test/java/org/apache/commons/configuration2/TestPropertiesConfigurationLayout.java,org.apache.commons.configuration2.TestPropertiesConfigurationLayout,testSetLineSeparator/0,TEST_KEY,4
/home/sandro/workspace/sandro/MLCQCodeSmellSamples/scripts/../dataset/commons-configuration_34357e075d63c3634310878636f9498847badcab/src/test/java/org/apache/commons/configuration2/TestPropertiesConfigurationLayout.java,org.apache.commons.configuration2.TestPropertiesConfigurationLayout,testSetLineSeparator/0,config,1
/home/sandro/workspace/sandro/MLCQCodeSmellSamples/scripts/../dataset/commons-configuration_34357e075d63c3634310878636f9498847badcab/src/test/java/org/apache/commons/configuration2/TestPropertiesConfigurationLayout.java,org.apache.commons.configuration2.TestPropertiesConfigurationLayout,testSetLineSeparator/0,CR,2
/home/sandro/workspace/sandro/MLCQCodeSmellSamples/scripts/../dataset/commons-configuration_34357e075d63c3634310878636f9498847badcab/src/test/java/org/apache/commons/configuration2/TestPropertiesConfigurationLayout.java,org.apache.commons.configuration2.TestPropertiesConfigurationLayout,testTrimCommentTrainlingCR/0,CR,4
/home/sandro/workspace/sandro/MLCQCodeSmellSamples/scripts/../dataset/commons-configuration_34357e075d63c3634310878636f9498847badcab/src/test/java/org/apache/commons/configuration2/TestPropertiesConfigurationLayout.java,org.apache.commons.configuration2.TestPropertiesConfigurationLayout,testReadSimple/0,layout,7
/home/sandro/workspace/sandro/MLCQCodeSmellSamples/scripts/../dataset/commons-configuration_34357e075d63c3634310878636f9498847badcab/src/test/java/org/apache/commons/configuration2/TestPropertiesConfigurationLayout.java,org.apache.commons.configuration2.TestPropertiesConfigurationLayout,testReadSimple/0,TEST_COMMENT,2
/home/sandro/workspace/sandro/MLCQCodeSmellSamples/scripts/../dataset/commons-configuration_34357e075d63c3634310878636f9498847badcab/src/test/java/org/apache/commons/configuration2/TestPropertiesConfigurationLayout.java,org.apache.commons.configuration2.TestPropertiesConfigurationLayout,testReadSimple/0,builder,3
/home/sandro/workspace/sandro/MLCQCodeSmellSamples/scripts/../dataset/commons-configuration_34357e075d63c3634310878636f9498847badcab/src/test/java/org/apache/commons/configuration2/TestPropertiesConfigurationLayout.java,org.apache.commons.configuration2.TestPropertiesConfigurationLayout,testReadSimple/0,TEST_VALUE,2
/home/sandro/workspace/sandro/MLCQCodeSmellSamples/scripts/../dataset/commons-configuration_34357e075d63c3634310878636f9498847badcab/src/test/java/org/apache/commons/configuration2/TestPropertiesConfigurationLayout.java,org.apache.commons.configuration2.TestPropertiesConfigurationLayout,testReadSimple/0,TEST_KEY,6
/home/sandro/workspace/sandro/MLCQCodeSmellSamples/scripts/../dataset/commons-configuration_34357e075d63c3634310878636f9498847badcab/src/test/java/org/apache/commons/configuration2/TestPropertiesConfigurationLayout.java,org.apache.commons.configuration2.TestPropertiesConfigurationLayout,testReadSimple/0,config,2
/home/sandro/workspace/sandro/MLCQCodeSmellSamples/scripts/../dataset/commons-configuration_34357e075d63c3634310878636f9498847badcab/src/test/java/org/apache/commons/configuration2/TestPropertiesConfigurationLayout.java,org.apache.commons.configuration2.TestPropertiesConfigurationLayout,testTrimCommentFalse/0,CR,6
/home/sandro/workspace/sandro/MLCQCodeSmellSamples/scripts/../dataset/commons-configuration_34357e075d63c3634310878636f9498847badcab/src/test/java/org/apache/commons/configuration2/TestPropertiesConfigurationLayout.java,org.apache.commons.configuration2.TestPropertiesConfigurationLayout,testSetGlobalSeparator/0,layout,2
/home/sandro/workspace/sandro/MLCQCodeSmellSamples/scripts/../dataset/commons-configuration_34357e075d63c3634310878636f9498847badcab/src/test/java/org/apache/commons/configuration2/TestPropertiesConfigurationLayout.java,org.apache.commons.configuration2.TestPropertiesConfigurationLayout,testSetGlobalSeparator/0,TEST_VALUE,2
/home/sandro/workspace/sandro/MLCQCodeSmellSamples/scripts/../dataset/commons-configuration_34357e075d63c3634310878636f9498847badcab/src/test/java/org/apache/commons/configuration2/TestPropertiesConfigurationLayout.java,org.apache.commons.configuration2.TestPropertiesConfigurationLayout,testSetGlobalSeparator/0,TEST_KEY,3
/home/sandro/workspace/sandro/MLCQCodeSmellSamples/scripts/../dataset/commons-configuration_34357e075d63c3634310878636f9498847badcab/src/test/java/org/apache/commons/configuration2/TestPropertiesConfigurationLayout.java,org.apache.commons.configuration2.TestPropertiesConfigurationLayout,testSetGlobalSeparator/0,config,2
/home/sandro/workspace/sandro/MLCQCodeSmellSamples/scripts/../dataset/commons-configuration_34357e075d63c3634310878636f9498847badcab/src/test/java/org/apache/commons/configuration2/TestPropertiesConfigurationLayout.java,org.apache.commons.configuration2.TestPropertiesConfigurationLayout,testSetGlobalSeparator/0,CR,2
/home/sandro/workspace/sandro/MLCQCodeSmellSamples/scripts/../dataset/commons-configuration_34357e075d63c3634310878636f9498847badcab/src/test/java/org/apache/commons/configuration2/TestPropertiesConfigurationLayout.java,org.apache.commons.configuration2.TestPropertiesConfigurationLayout,testHeaderComment/0,layout,3
/home/sandro/workspace/sandro/MLCQCodeSmellSamples/scripts/../dataset/commons-configuration_34357e075d63c3634310878636f9498847badcab/src/test/java/org/apache/commons/configuration2/TestPropertiesConfigurationLayout.java,org.apache.commons.configuration2.TestPropertiesConfigurationLayout,testHeaderComment/0,TEST_COMMENT,2
/home/sandro/workspace/sandro/MLCQCodeSmellSamples/scripts/../dataset/commons-configuration_34357e075d63c3634310878636f9498847badcab/src/test/java/org/apache/commons/configuration2/TestPropertiesConfigurationLayout.java,org.apache.commons.configuration2.TestPropertiesConfigurationLayout,testHeaderComment/0,builder,4
/home/sandro/workspace/sandro/MLCQCodeSmellSamples/scripts/../dataset/commons-configuration_34357e075d63c3634310878636f9498847badcab/src/test/java/org/apache/commons/configuration2/TestPropertiesConfigurationLayout.java,org.apache.commons.configuration2.TestPropertiesConfigurationLayout,testHeaderComment/0,TEST_VALUE,1
/home/sandro/workspace/sandro/MLCQCodeSmellSamples/scripts/../dataset/commons-configuration_34357e075d63c3634310878636f9498847badcab/src/test/java/org/apache/commons/configuration2/TestPropertiesConfigurationLayout.java,org.apache.commons.configuration2.TestPropertiesConfigurationLayout,testHeaderComment/0,TEST_KEY,2
/home/sandro/workspace/sandro/MLCQCodeSmellSamples/scripts/../dataset/commons-configuration_34357e075d63c3634310878636f9498847badcab/src/test/java/org/apache/commons/configuration2/TestPropertiesConfigurationLayout.java,org.apache.commons.configuration2.TestPropertiesConfigurationLayout,testHeaderComment/0,config,1
/home/sandro/workspace/sandro/MLCQCodeSmellSamples/scripts/../dataset/commons-configuration_34357e075d63c3634310878636f9498847badcab/src/test/java/org/apache/commons/configuration2/TestPropertiesConfigurationLayout.java,org.apache.commons.configuration2.TestPropertiesConfigurationLayout,fillLayout/0,layout,1
/home/sandro/workspace/sandro/MLCQCodeSmellSamples/scripts/../dataset/commons-configuration_34357e075d63c3634310878636f9498847badcab/src/test/java/org/apache/commons/configuration2/TestPropertiesConfigurationLayout.java,org.apache.commons.configuration2.TestPropertiesConfigurationLayout,fillLayout/0,TEST_COMMENT,1
/home/sandro/workspace/sandro/MLCQCodeSmellSamples/scripts/../dataset/commons-configuration_34357e075d63c3634310878636f9498847badcab/src/test/java/org/apache/commons/configuration2/TestPropertiesConfigurationLayout.java,org.apache.commons.configuration2.TestPropertiesConfigurationLayout,fillLayout/0,builder,8
/home/sandro/workspace/sandro/MLCQCodeSmellSamples/scripts/../dataset/commons-configuration_34357e075d63c3634310878636f9498847badcab/src/test/java/org/apache/commons/configuration2/TestPropertiesConfigurationLayout.java,org.apache.commons.configuration2.TestPropertiesConfigurationLayout,fillLayout/0,TEST_VALUE,1
/home/sandro/workspace/sandro/MLCQCodeSmellSamples/scripts/../dataset/commons-configuration_34357e075d63c3634310878636f9498847badcab/src/test/java/org/apache/commons/configuration2/TestPropertiesConfigurationLayout.java,org.apache.commons.configuration2.TestPropertiesConfigurationLayout,fillLayout/0,TEST_KEY,1
/home/sandro/workspace/sandro/MLCQCodeSmellSamples/scripts/../dataset/commons-configuration_34357e075d63c3634310878636f9498847badcab/src/test/java/org/apache/commons/configuration2/TestPropertiesConfigurationLayout.java,org.apache.commons.configuration2.TestPropertiesConfigurationLayout,fillLayout/0,config,1
/home/sandro/workspace/sandro/MLCQCodeSmellSamples/scripts/../dataset/commons-configuration_34357e075d63c3634310878636f9498847badcab/src/test/java/org/apache/commons/configuration2/TestPropertiesConfigurationLayout.java,org.apache.commons.configuration2.TestPropertiesConfigurationLayout,testEventAdd/0,layout,5
/home/sandro/workspace/sandro/MLCQCodeSmellSamples/scripts/../dataset/commons-configuration_34357e075d63c3634310878636f9498847badcab/src/test/java/org/apache/commons/configuration2/TestPropertiesConfigurationLayout.java,org.apache.commons.configuration2.TestPropertiesConfigurationLayout,testEventAdd/0,TEST_VALUE,1
/home/sandro/workspace/sandro/MLCQCodeSmellSamples/scripts/../dataset/commons-configuration_34357e075d63c3634310878636f9498847badcab/src/test/java/org/apache/commons/configuration2/TestPropertiesConfigurationLayout.java,org.apache.commons.configuration2.TestPropertiesConfigurationLayout,testEventAdd/0,TEST_KEY,5
/home/sandro/workspace/sandro/MLCQCodeSmellSamples/scripts/../dataset/commons-configuration_34357e075d63c3634310878636f9498847badcab/src/test/java/org/apache/commons/configuration2/TestPropertiesConfigurationLayout.java,org.apache.commons.configuration2.TestPropertiesConfigurationLayout,setUp/0,layout,2
/home/sandro/workspace/sandro/MLCQCodeSmellSamples/scripts/../dataset/commons-configuration_34357e075d63c3634310878636f9498847badcab/src/test/java/org/apache/commons/configuration2/TestPropertiesConfigurationLayout.java,org.apache.commons.configuration2.TestPropertiesConfigurationLayout,setUp/0,builder,1
/home/sandro/workspace/sandro/MLCQCodeSmellSamples/scripts/../dataset/commons-configuration_34357e075d63c3634310878636f9498847badcab/src/test/java/org/apache/commons/configuration2/TestPropertiesConfigurationLayout.java,org.apache.commons.configuration2.TestPropertiesConfigurationLayout,setUp/0,config,3
/home/sandro/workspace/sandro/MLCQCodeSmellSamples/scripts/../dataset/commons-configuration_34357e075d63c3634310878636f9498847badcab/src/test/java/org/apache/commons/configuration2/TestPropertiesConfigurationLayout.java,org.apache.commons.configuration2.TestPropertiesConfigurationLayout,testBlancLines/0,layout,3
/home/sandro/workspace/sandro/MLCQCodeSmellSamples/scripts/../dataset/commons-configuration_34357e075d63c3634310878636f9498847badcab/src/test/java/org/apache/commons/configuration2/TestPropertiesConfigurationLayout.java,org.apache.commons.configuration2.TestPropertiesConfigurationLayout,testBlancLines/0,TEST_COMMENT,2
/home/sandro/workspace/sandro/MLCQCodeSmellSamples/scripts/../dataset/commons-configuration_34357e075d63c3634310878636f9498847badcab/src/test/java/org/apache/commons/configuration2/TestPropertiesConfigurationLayout.java,org.apache.commons.configuration2.TestPropertiesConfigurationLayout,testBlancLines/0,CRNORM,1
/home/sandro/workspace/sandro/MLCQCodeSmellSamples/scripts/../dataset/commons-configuration_34357e075d63c3634310878636f9498847badcab/src/test/java/org/apache/commons/configuration2/TestPropertiesConfigurationLayout.java,org.apache.commons.configuration2.TestPropertiesConfigurationLayout,testBlancLines/0,builder,7
/home/sandro/workspace/sandro/MLCQCodeSmellSamples/scripts/../dataset/commons-configuration_34357e075d63c3634310878636f9498847badcab/src/test/java/org/apache/commons/configuration2/TestPropertiesConfigurationLayout.java,org.apache.commons.configuration2.TestPropertiesConfigurationLayout,testBlancLines/0,TEST_VALUE,2
/home/sandro/workspace/sandro/MLCQCodeSmellSamples/scripts/../dataset/commons-configuration_34357e075d63c3634310878636f9498847badcab/src/test/java/org/apache/commons/configuration2/TestPropertiesConfigurationLayout.java,org.apache.commons.configuration2.TestPropertiesConfigurationLayout,testBlancLines/0,TEST_KEY,4
/home/sandro/workspace/sandro/MLCQCodeSmellSamples/scripts/../dataset/commons-configuration_34357e075d63c3634310878636f9498847badcab/src/test/java/org/apache/commons/configuration2/TestPropertiesConfigurationLayout.java,org.apache.commons.configuration2.TestPropertiesConfigurationLayout,testBlancLines/0,config,2
/home/sandro/workspace/sandro/MLCQCodeSmellSamples/scripts/../dataset/commons-configuration_34357e075d63c3634310878636f9498847badcab/src/test/java/org/apache/commons/configuration2/TestPropertiesConfigurationLayout.java,org.apache.commons.configuration2.TestPropertiesConfigurationLayout,testEventDelete/0,layout,3
/home/sandro/workspace/sandro/MLCQCodeSmellSamples/scripts/../dataset/commons-configuration_34357e075d63c3634310878636f9498847badcab/src/test/java/org/apache/commons/configuration2/TestPropertiesConfigurationLayout.java,org.apache.commons.configuration2.TestPropertiesConfigurationLayout,testEventDelete/0,TEST_VALUE,1
/home/sandro/workspace/sandro/MLCQCodeSmellSamples/scripts/../dataset/commons-configuration_34357e075d63c3634310878636f9498847badcab/src/test/java/org/apache/commons/configuration2/TestPropertiesConfigurationLayout.java,org.apache.commons.configuration2.TestPropertiesConfigurationLayout,testEventDelete/0,TEST_KEY,3
/home/sandro/workspace/sandro/MLCQCodeSmellSamples/scripts/../dataset/commons-configuration_34357e075d63c3634310878636f9498847badcab/src/test/java/org/apache/commons/configuration2/TestPropertiesConfigurationLayout.java,org.apache.commons.configuration2.TestPropertiesConfigurationLayout,testInitCopy/0,layout,5
/home/sandro/workspace/sandro/MLCQCodeSmellSamples/scripts/../dataset/commons-configuration_34357e075d63c3634310878636f9498847badcab/src/test/java/org/apache/commons/configuration2/TestPropertiesConfigurationLayout.java,org.apache.commons.configuration2.TestPropertiesConfigurationLayout,testReadAndWrite/0,layout,1
/home/sandro/workspace/sandro/MLCQCodeSmellSamples/scripts/../dataset/commons-configuration_34357e075d63c3634310878636f9498847badcab/src/test/java/org/apache/commons/configuration2/TestPropertiesConfigurationLayout.java,org.apache.commons.configuration2.TestPropertiesConfigurationLayout,testReadAndWrite/0,TEST_COMMENT,2
/home/sandro/workspace/sandro/MLCQCodeSmellSamples/scripts/../dataset/commons-configuration_34357e075d63c3634310878636f9498847badcab/src/test/java/org/apache/commons/configuration2/TestPropertiesConfigurationLayout.java,org.apache.commons.configuration2.TestPropertiesConfigurationLayout,testReadAndWrite/0,builder,11
/home/sandro/workspace/sandro/MLCQCodeSmellSamples/scripts/../dataset/commons-configuration_34357e075d63c3634310878636f9498847badcab/src/test/java/org/apache/commons/configuration2/TestPropertiesConfigurationLayout.java,org.apache.commons.configuration2.TestPropertiesConfigurationLayout,testReadAndWrite/0,TEST_KEY,1
/home/sandro/workspace/sandro/MLCQCodeSmellSamples/scripts/../dataset/commons-configuration_34357e075d63c3634310878636f9498847badcab/src/test/java/org/apache/commons/configuration2/TestPropertiesConfigurationLayout.java,org.apache.commons.configuration2.TestPropertiesConfigurationLayout,testReadAndWrite/0,config,1
/home/sandro/workspace/sandro/MLCQCodeSmellSamples/scripts/../dataset/commons-configuration_34357e075d63c3634310878636f9498847badcab/src/test/java/org/apache/commons/configuration2/TestPropertiesConfigurationLayout.java,org.apache.commons.configuration2.TestPropertiesConfigurationLayout,testEventAddMultiple/0,layout,3
/home/sandro/workspace/sandro/MLCQCodeSmellSamples/scripts/../dataset/commons-configuration_34357e075d63c3634310878636f9498847badcab/src/test/java/org/apache/commons/configuration2/TestPropertiesConfigurationLayout.java,org.apache.commons.configuration2.TestPropertiesConfigurationLayout,testEventAddMultiple/0,TEST_VALUE,1
/home/sandro/workspace/sandro/MLCQCodeSmellSamples/scripts/../dataset/commons-configuration_34357e075d63c3634310878636f9498847badcab/src/test/java/org/apache/commons/configuration2/TestPropertiesConfigurationLayout.java,org.apache.commons.configuration2.TestPropertiesConfigurationLayout,testEventAddMultiple/0,TEST_KEY,2
/home/sandro/workspace/sandro/MLCQCodeSmellSamples/scripts/../dataset/commons-configuration_34357e075d63c3634310878636f9498847badcab/src/test/java/org/apache/commons/configuration2/TestPropertiesConfigurationLayout.java,org.apache.commons.configuration2.TestPropertiesConfigurationLayout,testSetSeparator/0,layout,1
/home/sandro/workspace/sandro/MLCQCodeSmellSamples/scripts/../dataset/commons-configuration_34357e075d63c3634310878636f9498847badcab/src/test/java/org/apache/commons/configuration2/TestPropertiesConfigurationLayout.java,org.apache.commons.configuration2.TestPropertiesConfigurationLayout,testSetSeparator/0,TEST_VALUE,2
/home/sandro/workspace/sandro/MLCQCodeSmellSamples/scripts/../dataset/commons-configuration_34357e075d63c3634310878636f9498847badcab/src/test/java/org/apache/commons/configuration2/TestPropertiesConfigurationLayout.java,org.apache.commons.configuration2.TestPropertiesConfigurationLayout,testSetSeparator/0,TEST_KEY,3
/home/sandro/workspace/sandro/MLCQCodeSmellSamples/scripts/../dataset/commons-configuration_34357e075d63c3634310878636f9498847badcab/src/test/java/org/apache/commons/configuration2/TestPropertiesConfigurationLayout.java,org.apache.commons.configuration2.TestPropertiesConfigurationLayout,testSetSeparator/0,config,1
/home/sandro/workspace/sandro/MLCQCodeSmellSamples/scripts/../dataset/commons-configuration_34357e075d63c3634310878636f9498847badcab/src/test/java/org/apache/commons/configuration2/TestPropertiesConfigurationLayout.java,org.apache.commons.configuration2.TestPropertiesConfigurationLayout,testSetSeparator/0,CR,1
/home/sandro/workspace/sandro/MLCQCodeSmellSamples/scripts/../dataset/commons-configuration_34357e075d63c3634310878636f9498847badcab/src/test/java/org/apache/commons/configuration2/TestPropertiesConfigurationLayout.java,org.apache.commons.configuration2.TestPropertiesConfigurationLayout,testHeaderCommentWithBlancs/0,layout,3
/home/sandro/workspace/sandro/MLCQCodeSmellSamples/scripts/../dataset/commons-configuration_34357e075d63c3634310878636f9498847badcab/src/test/java/org/apache/commons/configuration2/TestPropertiesConfigurationLayout.java,org.apache.commons.configuration2.TestPropertiesConfigurationLayout,testHeaderCommentWithBlancs/0,TEST_COMMENT,4
/home/sandro/workspace/sandro/MLCQCodeSmellSamples/scripts/../dataset/commons-configuration_34357e075d63c3634310878636f9498847badcab/src/test/java/org/apache/commons/configuration2/TestPropertiesConfigurationLayout.java,org.apache.commons.configuration2.TestPropertiesConfigurationLayout,testHeaderCommentWithBlancs/0,CRNORM,2
/home/sandro/workspace/sandro/MLCQCodeSmellSamples/scripts/../dataset/commons-configuration_34357e075d63c3634310878636f9498847badcab/src/test/java/org/apache/commons/configuration2/TestPropertiesConfigurationLayout.java,org.apache.commons.configuration2.TestPropertiesConfigurationLayout,testHeaderCommentWithBlancs/0,builder,6
/home/sandro/workspace/sandro/MLCQCodeSmellSamples/scripts/../dataset/commons-configuration_34357e075d63c3634310878636f9498847badcab/src/test/java/org/apache/commons/configuration2/TestPropertiesConfigurationLayout.java,org.apache.commons.configuration2.TestPropertiesConfigurationLayout,testHeaderCommentWithBlancs/0,TEST_VALUE,1
/home/sandro/workspace/sandro/MLCQCodeSmellSamples/scripts/../dataset/commons-configuration_34357e075d63c3634310878636f9498847badcab/src/test/java/org/apache/commons/configuration2/TestPropertiesConfigurationLayout.java,org.apache.commons.configuration2.TestPropertiesConfigurationLayout,testHeaderCommentWithBlancs/0,TEST_KEY,2
/home/sandro/workspace/sandro/MLCQCodeSmellSamples/scripts/../dataset/commons-configuration_34357e075d63c3634310878636f9498847badcab/src/test/java/org/apache/commons/configuration2/TestPropertiesConfigurationLayout.java,org.apache.commons.configuration2.TestPropertiesConfigurationLayout,testHeaderCommentWithBlancs/0,config,1
/home/sandro/workspace/sandro/MLCQCodeSmellSamples/scripts/../dataset/commons-configuration_34357e075d63c3634310878636f9498847badcab/src/test/java/org/apache/commons/configuration2/TestPropertiesConfigurationLayout.java,org.apache.commons.configuration2.TestPropertiesConfigurationLayout,testHeaderCommentNull/0,layout,2
/home/sandro/workspace/sandro/MLCQCodeSmellSamples/scripts/../dataset/commons-configuration_34357e075d63c3634310878636f9498847badcab/src/test/java/org/apache/commons/configuration2/TestPropertiesConfigurationLayout.java,org.apache.commons.configuration2.TestPropertiesConfigurationLayout,testEventSetNonExisting/0,layout,2
/home/sandro/workspace/sandro/MLCQCodeSmellSamples/scripts/../dataset/commons-configuration_34357e075d63c3634310878636f9498847badcab/src/test/java/org/apache/commons/configuration2/TestPropertiesConfigurationLayout.java,org.apache.commons.configuration2.TestPropertiesConfigurationLayout,testEventSetNonExisting/0,TEST_VALUE,1
/home/sandro/workspace/sandro/MLCQCodeSmellSamples/scripts/../dataset/commons-configuration_34357e075d63c3634310878636f9498847badcab/src/test/java/org/apache/commons/configuration2/TestPropertiesConfigurationLayout.java,org.apache.commons.configuration2.TestPropertiesConfigurationLayout,testEventSetNonExisting/0,TEST_KEY,2
/home/sandro/workspace/sandro/MLCQCodeSmellSamples/scripts/../dataset/commons-configuration_34357e075d63c3634310878636f9498847badcab/src/test/java/org/apache/commons/configuration2/TestPropertiesConfigurationLayout.java,org.apache.commons.configuration2.TestPropertiesConfigurationLayout,testInit/0,layout,5
/home/sandro/workspace/sandro/MLCQCodeSmellSamples/scripts/../dataset/commons-configuration_34357e075d63c3634310878636f9498847badcab/src/test/java/org/apache/commons/configuration2/TestPropertiesConfigurationLayout.java,org.apache.commons.configuration2.TestPropertiesConfigurationLayout,testInit/0,config,1
/home/sandro/workspace/sandro/MLCQCodeSmellSamples/scripts/../dataset/commons-configuration_34357e075d63c3634310878636f9498847badcab/src/test/java/org/apache/commons/configuration2/TestPropertiesConfigurationLayout.java,org.apache.commons.configuration2.TestPropertiesConfigurationLayout,testTrimComment/0,CR,6
/home/sandro/workspace/sandro/MLCQCodeSmellSamples/scripts/../dataset/commons-configuration_34357e075d63c3634310878636f9498847badcab/src/test/java/org/apache/commons/configuration2/TestPropertiesConfigurationLayout.java,org.apache.commons.configuration2.TestPropertiesConfigurationLayout,testSetLineSeparatorInComments/0,layout,3
/home/sandro/workspace/sandro/MLCQCodeSmellSamples/scripts/../dataset/commons-configuration_34357e075d63c3634310878636f9498847badcab/src/test/java/org/apache/commons/configuration2/TestPropertiesConfigurationLayout.java,org.apache.commons.configuration2.TestPropertiesConfigurationLayout,testSetLineSeparatorInComments/0,TEST_COMMENT,2
/home/sandro/workspace/sandro/MLCQCodeSmellSamples/scripts/../dataset/commons-configuration_34357e075d63c3634310878636f9498847badcab/src/test/java/org/apache/commons/configuration2/TestPropertiesConfigurationLayout.java,org.apache.commons.configuration2.TestPropertiesConfigurationLayout,testSetLineSeparatorInComments/0,TEST_VALUE,2
/home/sandro/workspace/sandro/MLCQCodeSmellSamples/scripts/../dataset/commons-configuration_34357e075d63c3634310878636f9498847badcab/src/test/java/org/apache/commons/configuration2/TestPropertiesConfigurationLayout.java,org.apache.commons.configuration2.TestPropertiesConfigurationLayout,testSetLineSeparatorInComments/0,TEST_KEY,3
/home/sandro/workspace/sandro/MLCQCodeSmellSamples/scripts/../dataset/commons-configuration_34357e075d63c3634310878636f9498847badcab/src/test/java/org/apache/commons/configuration2/TestPropertiesConfigurationLayout.java,org.apache.commons.configuration2.TestPropertiesConfigurationLayout,testSetLineSeparatorInComments/0,config,1
/home/sandro/workspace/sandro/MLCQCodeSmellSamples/scripts/../dataset/commons-configuration_34357e075d63c3634310878636f9498847badcab/src/test/java/org/apache/commons/configuration2/TestPropertiesConfigurationLayout.java,org.apache.commons.configuration2.TestPropertiesConfigurationLayout,testSaveForceSingleLine/0,layout,2
/home/sandro/workspace/sandro/MLCQCodeSmellSamples/scripts/../dataset/commons-configuration_34357e075d63c3634310878636f9498847badcab/src/test/java/org/apache/commons/configuration2/TestPropertiesConfigurationLayout.java,org.apache.commons.configuration2.TestPropertiesConfigurationLayout,testSaveForceSingleLine/0,TEST_COMMENT,2
/home/sandro/workspace/sandro/MLCQCodeSmellSamples/scripts/../dataset/commons-configuration_34357e075d63c3634310878636f9498847badcab/src/test/java/org/apache/commons/configuration2/TestPropertiesConfigurationLayout.java,org.apache.commons.configuration2.TestPropertiesConfigurationLayout,testSaveForceSingleLine/0,TEST_VALUE,4
/home/sandro/workspace/sandro/MLCQCodeSmellSamples/scripts/../dataset/commons-configuration_34357e075d63c3634310878636f9498847badcab/src/test/java/org/apache/commons/configuration2/TestPropertiesConfigurationLayout.java,org.apache.commons.configuration2.TestPropertiesConfigurationLayout,testSaveForceSingleLine/0,TEST_KEY,4
/home/sandro/workspace/sandro/MLCQCodeSmellSamples/scripts/../dataset/commons-configuration_34357e075d63c3634310878636f9498847badcab/src/test/java/org/apache/commons/configuration2/TestPropertiesConfigurationLayout.java,org.apache.commons.configuration2.TestPropertiesConfigurationLayout,testSaveForceSingleLine/0,config,4
/home/sandro/workspace/sandro/MLCQCodeSmellSamples/scripts/../dataset/commons-configuration_34357e075d63c3634310878636f9498847badcab/src/test/java/org/apache/commons/configuration2/TestPropertiesConfigurationLayout.java,org.apache.commons.configuration2.TestPropertiesConfigurationLayout,testSaveForceSingleLine/0,CR,3
/home/sandro/workspace/sandro/MLCQCodeSmellSamples/scripts/../dataset/commons-configuration_34357e075d63c3634310878636f9498847badcab/src/test/java/org/apache/commons/configuration2/TestPropertiesConfigurationLayout.java,org.apache.commons.configuration2.TestPropertiesConfigurationLayout,testHeaderCommentWithBlancsAndPropComment/0,layout,3
/home/sandro/workspace/sandro/MLCQCodeSmellSamples/scripts/../dataset/commons-configuration_34357e075d63c3634310878636f9498847badcab/src/test/java/org/apache/commons/configuration2/TestPropertiesConfigurationLayout.java,org.apache.commons.configuration2.TestPropertiesConfigurationLayout,testHeaderCommentWithBlancsAndPropComment/0,TEST_COMMENT,6
/home/sandro/workspace/sandro/MLCQCodeSmellSamples/scripts/../dataset/commons-configuration_34357e075d63c3634310878636f9498847badcab/src/test/java/org/apache/commons/configuration2/TestPropertiesConfigurationLayout.java,org.apache.commons.configuration2.TestPropertiesConfigurationLayout,testHeaderCommentWithBlancsAndPropComment/0,CRNORM,2
/home/sandro/workspace/sandro/MLCQCodeSmellSamples/scripts/../dataset/commons-configuration_34357e075d63c3634310878636f9498847badcab/src/test/java/org/apache/commons/configuration2/TestPropertiesConfigurationLayout.java,org.apache.commons.configuration2.TestPropertiesConfigurationLayout,testHeaderCommentWithBlancsAndPropComment/0,builder,7
/home/sandro/workspace/sandro/MLCQCodeSmellSamples/scripts/../dataset/commons-configuration_34357e075d63c3634310878636f9498847badcab/src/test/java/org/apache/commons/configuration2/TestPropertiesConfigurationLayout.java,org.apache.commons.configuration2.TestPropertiesConfigurationLayout,testHeaderCommentWithBlancsAndPropComment/0,TEST_VALUE,1
/home/sandro/workspace/sandro/MLCQCodeSmellSamples/scripts/../dataset/commons-configuration_34357e075d63c3634310878636f9498847badcab/src/test/java/org/apache/commons/configuration2/TestPropertiesConfigurationLayout.java,org.apache.commons.configuration2.TestPropertiesConfigurationLayout,testHeaderCommentWithBlancsAndPropComment/0,TEST_KEY,2
/home/sandro/workspace/sandro/MLCQCodeSmellSamples/scripts/../dataset/commons-configuration_34357e075d63c3634310878636f9498847badcab/src/test/java/org/apache/commons/configuration2/TestPropertiesConfigurationLayout.java,org.apache.commons.configuration2.TestPropertiesConfigurationLayout,testHeaderCommentWithBlancsAndPropComment/0,config,1
/home/sandro/workspace/sandro/MLCQCodeSmellSamples/scripts/../dataset/commons-configuration_34357e075d63c3634310878636f9498847badcab/src/test/java/org/apache/commons/configuration2/TestPropertiesConfigurationLayout.java,org.apache.commons.configuration2.TestPropertiesConfigurationLayout,testInitNull/0,layout,2
/home/sandro/workspace/sandro/MLCQCodeSmellSamples/scripts/../dataset/commons-configuration_34357e075d63c3634310878636f9498847badcab/src/test/java/org/apache/commons/configuration2/TestPropertiesConfigurationLayout.java,org.apache.commons.configuration2.TestPropertiesConfigurationLayout,testInitCopyModify/0,layout,4
/home/sandro/workspace/sandro/MLCQCodeSmellSamples/scripts/../dataset/commons-configuration_34357e075d63c3634310878636f9498847badcab/src/test/java/org/apache/commons/configuration2/TestPropertiesConfigurationLayout.java,org.apache.commons.configuration2.TestPropertiesConfigurationLayout,testInitCopyModify/0,TEST_COMMENT,1
/home/sandro/workspace/sandro/MLCQCodeSmellSamples/scripts/../dataset/commons-configuration_34357e075d63c3634310878636f9498847badcab/src/test/java/org/apache/commons/configuration2/TestPropertiesConfigurationLayout.java,org.apache.commons.configuration2.TestPropertiesConfigurationLayout,testInitCopyModify/0,TEST_KEY,8
/home/sandro/workspace/sandro/MLCQCodeSmellSamples/scripts/../dataset/commons-configuration_34357e075d63c3634310878636f9498847badcab/src/test/java/org/apache/commons/configuration2/TestPropertiesConfigurationLayout.java,org.apache.commons.configuration2.TestPropertiesConfigurationLayout,testGetNullLayouttData/0,layout,1
/home/sandro/workspace/sandro/MLCQCodeSmellSamples/scripts/../dataset/commons-configuration_34357e075d63c3634310878636f9498847badcab/src/test/java/org/apache/commons/configuration2/TestPropertiesConfigurationLayout.java,org.apache.commons.configuration2.TestPropertiesConfigurationLayout,testGetNullLayouttData/0,TEST_COMMENT,1
/home/sandro/workspace/sandro/MLCQCodeSmellSamples/scripts/../dataset/commons-configuration_34357e075d63c3634310878636f9498847badcab/src/test/java/org/apache/commons/configuration2/TestPropertiesConfigurationLayout.java,org.apache.commons.configuration2.TestPropertiesConfigurationLayout,testIsSingleLineMulti/0,layout,2
/home/sandro/workspace/sandro/MLCQCodeSmellSamples/scripts/../dataset/commons-configuration_34357e075d63c3634310878636f9498847badcab/src/test/java/org/apache/commons/configuration2/TestPropertiesConfigurationLayout.java,org.apache.commons.configuration2.TestPropertiesConfigurationLayout,testIsSingleLineMulti/0,builder,4
/home/sandro/workspace/sandro/MLCQCodeSmellSamples/scripts/../dataset/commons-configuration_34357e075d63c3634310878636f9498847badcab/src/test/java/org/apache/commons/configuration2/TestPropertiesConfigurationLayout.java,org.apache.commons.configuration2.TestPropertiesConfigurationLayout,testIsSingleLineMulti/0,TEST_VALUE,2
/home/sandro/workspace/sandro/MLCQCodeSmellSamples/scripts/../dataset/commons-configuration_34357e075d63c3634310878636f9498847badcab/src/test/java/org/apache/commons/configuration2/TestPropertiesConfigurationLayout.java,org.apache.commons.configuration2.TestPropertiesConfigurationLayout,testIsSingleLineMulti/0,TEST_KEY,4
/home/sandro/workspace/sandro/MLCQCodeSmellSamples/scripts/../dataset/commons-configuration_34357e075d63c3634310878636f9498847badcab/src/test/java/org/apache/commons/configuration2/TestPropertiesConfigurationLayout.java,org.apache.commons.configuration2.TestPropertiesConfigurationLayout,testIsSingleLineMulti/0,config,2
/home/sandro/workspace/sandro/MLCQCodeSmellSamples/scripts/../dataset/commons-configuration_34357e075d63c3634310878636f9498847badcab/src/test/java/org/apache/commons/configuration2/TestPropertiesConfigurationLayout.java,org.apache.commons.configuration2.TestPropertiesConfigurationLayout,testIsSingleLine/0,layout,2
/home/sandro/workspace/sandro/MLCQCodeSmellSamples/scripts/../dataset/commons-configuration_34357e075d63c3634310878636f9498847badcab/src/test/java/org/apache/commons/configuration2/TestPropertiesConfigurationLayout.java,org.apache.commons.configuration2.TestPropertiesConfigurationLayout,testIsSingleLine/0,builder,2
/home/sandro/workspace/sandro/MLCQCodeSmellSamples/scripts/../dataset/commons-configuration_34357e075d63c3634310878636f9498847badcab/src/test/java/org/apache/commons/configuration2/TestPropertiesConfigurationLayout.java,org.apache.commons.configuration2.TestPropertiesConfigurationLayout,testIsSingleLine/0,TEST_VALUE,2
/home/sandro/workspace/sandro/MLCQCodeSmellSamples/scripts/../dataset/commons-configuration_34357e075d63c3634310878636f9498847badcab/src/test/java/org/apache/commons/configuration2/TestPropertiesConfigurationLayout.java,org.apache.commons.configuration2.TestPropertiesConfigurationLayout,testIsSingleLine/0,TEST_KEY,3
/home/sandro/workspace/sandro/MLCQCodeSmellSamples/scripts/../dataset/commons-configuration_34357e075d63c3634310878636f9498847badcab/src/test/java/org/apache/commons/configuration2/TestPropertiesConfigurationLayout.java,org.apache.commons.configuration2.TestPropertiesConfigurationLayout,testIsSingleLine/0,config,2
/home/sandro/workspace/sandro/MLCQCodeSmellSamples/scripts/../dataset/commons-configuration_34357e075d63c3634310878636f9498847badcab/src/test/java/org/apache/commons/configuration2/TestPropertiesConfigurationLayout.java,org.apache.commons.configuration2.TestPropertiesConfigurationLayout,testEventClearConfig/0,layout,3
/home/sandro/workspace/sandro/MLCQCodeSmellSamples/scripts/../dataset/commons-configuration_34357e075d63c3634310878636f9498847badcab/src/test/java/org/apache/commons/configuration2/TestPropertiesConfigurationLayout.java,org.apache.commons.configuration2.TestPropertiesConfigurationLayout,testGetNonExistingLayouData/0,layout,3
/home/sandro/workspace/sandro/MLCQCodeSmellSamples/scripts/../dataset/commons-configuration_34357e075d63c3634310878636f9498847badcab/src/test/java/org/apache/commons/configuration2/TestPropertiesConfigurationLayout.java,org.apache.commons.configuration2.TestPropertiesConfigurationLayout,testHeaderCommentWithBlancsAndPresetHeaderComment/0,layout,4
/home/sandro/workspace/sandro/MLCQCodeSmellSamples/scripts/../dataset/commons-configuration_34357e075d63c3634310878636f9498847badcab/src/test/java/org/apache/commons/configuration2/TestPropertiesConfigurationLayout.java,org.apache.commons.configuration2.TestPropertiesConfigurationLayout,testHeaderCommentWithBlancsAndPresetHeaderComment/0,TEST_COMMENT,4
/home/sandro/workspace/sandro/MLCQCodeSmellSamples/scripts/../dataset/commons-configuration_34357e075d63c3634310878636f9498847badcab/src/test/java/org/apache/commons/configuration2/TestPropertiesConfigurationLayout.java,org.apache.commons.configuration2.TestPropertiesConfigurationLayout,testHeaderCommentWithBlancsAndPresetHeaderComment/0,CRNORM,2
/home/sandro/workspace/sandro/MLCQCodeSmellSamples/scripts/../dataset/commons-configuration_34357e075d63c3634310878636f9498847badcab/src/test/java/org/apache/commons/configuration2/TestPropertiesConfigurationLayout.java,org.apache.commons.configuration2.TestPropertiesConfigurationLayout,testHeaderCommentWithBlancsAndPresetHeaderComment/0,builder,6
/home/sandro/workspace/sandro/MLCQCodeSmellSamples/scripts/../dataset/commons-configuration_34357e075d63c3634310878636f9498847badcab/src/test/java/org/apache/commons/configuration2/TestPropertiesConfigurationLayout.java,org.apache.commons.configuration2.TestPropertiesConfigurationLayout,testHeaderCommentWithBlancsAndPresetHeaderComment/0,TEST_VALUE,1
/home/sandro/workspace/sandro/MLCQCodeSmellSamples/scripts/../dataset/commons-configuration_34357e075d63c3634310878636f9498847badcab/src/test/java/org/apache/commons/configuration2/TestPropertiesConfigurationLayout.java,org.apache.commons.configuration2.TestPropertiesConfigurationLayout,testHeaderCommentWithBlancsAndPresetHeaderComment/0,TEST_KEY,2
/home/sandro/workspace/sandro/MLCQCodeSmellSamples/scripts/../dataset/commons-configuration_34357e075d63c3634310878636f9498847badcab/src/test/java/org/apache/commons/configuration2/TestPropertiesConfigurationLayout.java,org.apache.commons.configuration2.TestPropertiesConfigurationLayout,testHeaderCommentWithBlancsAndPresetHeaderComment/0,config,1
/home/sandro/workspace/sandro/MLCQCodeSmellSamples/scripts/../dataset/commons-configuration_34357e075d63c3634310878636f9498847badcab/src/test/java/org/apache/commons/configuration2/builder/combined/TestMultiWrapDynaBean.java,org.apache.commons.configuration2.builder.combined.TestMultiWrapDynaBean$WrappedBeanTestImpl,getIndexedProperty/1[int],indexedValues,1
/home/sandro/workspace/sandro/MLCQCodeSmellSamples/scripts/../dataset/commons-configuration_34357e075d63c3634310878636f9498847badcab/src/test/java/org/apache/commons/configuration2/builder/combined/TestMultiWrapDynaBean.java,org.apache.commons.configuration2.builder.combined.TestMultiWrapDynaBean$WrappedBeanTestImpl,"setMapProperty/2[java.lang.String,java.lang.String]",mapProperties,1
/home/sandro/workspace/sandro/MLCQCodeSmellSamples/scripts/../dataset/commons-configuration_34357e075d63c3634310878636f9498847badcab/src/test/java/org/apache/commons/configuration2/builder/combined/TestMultiWrapDynaBean.java,org.apache.commons.configuration2.builder.combined.TestMultiWrapDynaBean$WrappedBeanTestImpl,getMapProperty/1[java.lang.String],mapProperties,1
/home/sandro/workspace/sandro/MLCQCodeSmellSamples/scripts/../dataset/commons-configuration_34357e075d63c3634310878636f9498847badcab/src/test/java/org/apache/commons/configuration2/builder/combined/TestMultiWrapDynaBean.java,org.apache.commons.configuration2.builder.combined.TestMultiWrapDynaBean$WrappedBeanTestImpl,getText/0,text,1
/home/sandro/workspace/sandro/MLCQCodeSmellSamples/scripts/../dataset/commons-configuration_34357e075d63c3634310878636f9498847badcab/src/test/java/org/apache/commons/configuration2/builder/combined/TestMultiWrapDynaBean.java,org.apache.commons.configuration2.builder.combined.TestMultiWrapDynaBean$WrappedBeanTestImpl,setText/1[java.lang.String],text,3
/home/sandro/workspace/sandro/MLCQCodeSmellSamples/scripts/../dataset/commons-configuration_34357e075d63c3634310878636f9498847badcab/src/test/java/org/apache/commons/configuration2/builder/combined/TestMultiWrapDynaBean.java,org.apache.commons.configuration2.builder.combined.TestMultiWrapDynaBean$WrappedBeanTestImpl,"setIndexedProperty/2[int,int]",indexedValues,1
/home/sandro/workspace/sandro/MLCQCodeSmellSamples/scripts/../dataset/commons-configuration_34357e075d63c3634310878636f9498847badcab/src/main/java/org/apache/commons/configuration2/io/ConfigurationLogger.java,org.apache.commons.configuration2.io.ConfigurationLogger,getLog/0,log,1
/home/sandro/workspace/sandro/MLCQCodeSmellSamples/scripts/../dataset/commons-configuration_34357e075d63c3634310878636f9498847badcab/src/main/java/org/apache/commons/configuration2/io/ConfigurationLogger.java,org.apache.commons.configuration2.io.ConfigurationLogger,ConfigurationLogger/1[org.apache.commons.configuration2.io.Log],log,1
/home/sandro/workspace/sandro/MLCQCodeSmellSamples/scripts/../dataset/commons-configuration_34357e075d63c3634310878636f9498847badcab/src/main/java/org/apache/commons/configuration2/io/DefaultFileSystem.java,org.apache.commons.configuration2.io.DefaultFileSystem$HttpOutputStream,"write/3[byte[],int,int]",stream,1
/home/sandro/workspace/sandro/MLCQCodeSmellSamples/scripts/../dataset/commons-configuration_34357e075d63c3634310878636f9498847badcab/src/main/java/org/apache/commons/configuration2/io/DefaultFileSystem.java,org.apache.commons.configuration2.io.DefaultFileSystem$HttpOutputStream,close/0,stream,1
/home/sandro/workspace/sandro/MLCQCodeSmellSamples/scripts/../dataset/commons-configuration_34357e075d63c3634310878636f9498847badcab/src/main/java/org/apache/commons/configuration2/io/DefaultFileSystem.java,org.apache.commons.configuration2.io.DefaultFileSystem$HttpOutputStream,write/1[int],stream,1
/home/sandro/workspace/sandro/MLCQCodeSmellSamples/scripts/../dataset/commons-configuration_34357e075d63c3634310878636f9498847badcab/src/main/java/org/apache/commons/configuration2/io/DefaultFileSystem.java,org.apache.commons.configuration2.io.DefaultFileSystem$HttpOutputStream,"HttpOutputStream/2[java.io.OutputStream,java.net.HttpURLConnection]",stream,3
/home/sandro/workspace/sandro/MLCQCodeSmellSamples/scripts/../dataset/commons-configuration_34357e075d63c3634310878636f9498847badcab/src/main/java/org/apache/commons/configuration2/io/DefaultFileSystem.java,org.apache.commons.configuration2.io.DefaultFileSystem$HttpOutputStream,"HttpOutputStream/2[java.io.OutputStream,java.net.HttpURLConnection]",connection,3
/home/sandro/workspace/sandro/MLCQCodeSmellSamples/scripts/../dataset/commons-configuration_34357e075d63c3634310878636f9498847badcab/src/main/java/org/apache/commons/configuration2/io/DefaultFileSystem.java,org.apache.commons.configuration2.io.DefaultFileSystem$HttpOutputStream,flush/0,stream,1
/home/sandro/workspace/sandro/MLCQCodeSmellSamples/scripts/../dataset/commons-configuration_34357e075d63c3634310878636f9498847badcab/src/main/java/org/apache/commons/configuration2/io/DefaultFileSystem.java,org.apache.commons.configuration2.io.DefaultFileSystem$HttpOutputStream,toString/0,stream,1
/home/sandro/workspace/sandro/MLCQCodeSmellSamples/scripts/../dataset/commons-configuration_34357e075d63c3634310878636f9498847badcab/src/main/java/org/apache/commons/configuration2/io/DefaultFileSystem.java,org.apache.commons.configuration2.io.DefaultFileSystem$HttpOutputStream,verify/0,connection,3
/home/sandro/workspace/sandro/MLCQCodeSmellSamples/scripts/../dataset/commons-configuration_34357e075d63c3634310878636f9498847badcab/src/main/java/org/apache/commons/configuration2/io/DefaultFileSystem.java,org.apache.commons.configuration2.io.DefaultFileSystem$HttpOutputStream,write/1[byte[]],stream,1
/home/sandro/workspace/sandro/MLCQCodeSmellSamples/scripts/../dataset/commons-configuration_34357e075d63c3634310878636f9498847badcab/src/main/java/org/apache/commons/configuration2/io/FileLocatorUtils.java,org.apache.commons.configuration2.io.FileLocatorUtils,"put/2[org.apache.commons.configuration2.io.FileLocator,java.util.Map<java.lang.String,java.lang.Object>]",PROP_BASE_PATH,1
/home/sandro/workspace/sandro/MLCQCodeSmellSamples/scripts/../dataset/commons-configuration_34357e075d63c3634310878636f9498847badcab/src/main/java/org/apache/commons/configuration2/io/FileLocatorUtils.java,org.apache.commons.configuration2.io.FileLocatorUtils,"put/2[org.apache.commons.configuration2.io.FileLocator,java.util.Map<java.lang.String,java.lang.Object>]",PROP_STRATEGY,1
/home/sandro/workspace/sandro/MLCQCodeSmellSamples/scripts/../dataset/commons-configuration_34357e075d63c3634310878636f9498847badcab/src/main/java/org/apache/commons/configuration2/io/FileLocatorUtils.java,org.apache.commons.configuration2.io.FileLocatorUtils,"put/2[org.apache.commons.configuration2.io.FileLocator,java.util.Map<java.lang.String,java.lang.Object>]",PROP_ENCODING,1
/home/sandro/workspace/sandro/MLCQCodeSmellSamples/scripts/../dataset/commons-configuration_34357e075d63c3634310878636f9498847badcab/src/main/java/org/apache/commons/configuration2/io/FileLocatorUtils.java,org.apache.commons.configuration2.io.FileLocatorUtils,"put/2[org.apache.commons.configuration2.io.FileLocator,java.util.Map<java.lang.String,java.lang.Object>]",PROP_FILE_NAME,1
/home/sandro/workspace/sandro/MLCQCodeSmellSamples/scripts/../dataset/commons-configuration_34357e075d63c3634310878636f9498847badcab/src/main/java/org/apache/commons/configuration2/io/FileLocatorUtils.java,org.apache.commons.configuration2.io.FileLocatorUtils,"put/2[org.apache.commons.configuration2.io.FileLocator,java.util.Map<java.lang.String,java.lang.Object>]",PROP_SOURCE_URL,1
/home/sandro/workspace/sandro/MLCQCodeSmellSamples/scripts/../dataset/commons-configuration_34357e075d63c3634310878636f9498847badcab/src/main/java/org/apache/commons/configuration2/io/FileLocatorUtils.java,org.apache.commons.configuration2.io.FileLocatorUtils,"put/2[org.apache.commons.configuration2.io.FileLocator,java.util.Map<java.lang.String,java.lang.Object>]",PROP_FILE_SYSTEM,1
/home/sandro/workspace/sandro/MLCQCodeSmellSamples/scripts/../dataset/commons-configuration_34357e075d63c3634310878636f9498847badcab/src/main/java/org/apache/commons/configuration2/io/FileLocatorUtils.java,org.apache.commons.configuration2.io.FileLocatorUtils,obtainLocationStrategy/1[org.apache.commons.configuration2.io.FileLocator],DEFAULT_LOCATION_STRATEGY,2
/home/sandro/workspace/sandro/MLCQCodeSmellSamples/scripts/../dataset/commons-configuration_34357e075d63c3634310878636f9498847badcab/src/main/java/org/apache/commons/configuration2/io/FileLocatorUtils.java,org.apache.commons.configuration2.io.FileLocatorUtils,obtainFileSystem/1[org.apache.commons.configuration2.io.FileLocator],DEFAULT_FILE_SYSTEM,2
/home/sandro/workspace/sandro/MLCQCodeSmellSamples/scripts/../dataset/commons-configuration_34357e075d63c3634310878636f9498847badcab/src/main/java/org/apache/commons/configuration2/io/FileLocatorUtils.java,org.apache.commons.configuration2.io.FileLocatorUtils,initDefaultLocationStrategy/0,DEFAULT_LOCATION_STRATEGY,1
/home/sandro/workspace/sandro/MLCQCodeSmellSamples/scripts/../dataset/commons-configuration_34357e075d63c3634310878636f9498847badcab/src/main/java/org/apache/commons/configuration2/io/FileLocatorUtils.java,org.apache.commons.configuration2.io.FileLocatorUtils,"fromMap/1[java.util.Map<java.lang.String,?>]",PROP_BASE_PATH,1
/home/sandro/workspace/sandro/MLCQCodeSmellSamples/scripts/../dataset/commons-configuration_34357e075d63c3634310878636f9498847badcab/src/main/java/org/apache/commons/configuration2/io/FileLocatorUtils.java,org.apache.commons.configuration2.io.FileLocatorUtils,"fromMap/1[java.util.Map<java.lang.String,?>]",PROP_STRATEGY,1
/home/sandro/workspace/sandro/MLCQCodeSmellSamples/scripts/../dataset/commons-configuration_34357e075d63c3634310878636f9498847badcab/src/main/java/org/apache/commons/configuration2/io/FileLocatorUtils.java,org.apache.commons.configuration2.io.FileLocatorUtils,"fromMap/1[java.util.Map<java.lang.String,?>]",PROP_ENCODING,1
/home/sandro/workspace/sandro/MLCQCodeSmellSamples/scripts/../dataset/commons-configuration_34357e075d63c3634310878636f9498847badcab/src/main/java/org/apache/commons/configuration2/io/FileLocatorUtils.java,org.apache.commons.configuration2.io.FileLocatorUtils,"fromMap/1[java.util.Map<java.lang.String,?>]",PROP_FILE_NAME,1
/home/sandro/workspace/sandro/MLCQCodeSmellSamples/scripts/../dataset/commons-configuration_34357e075d63c3634310878636f9498847badcab/src/main/java/org/apache/commons/configuration2/io/FileLocatorUtils.java,org.apache.commons.configuration2.io.FileLocatorUtils,"fromMap/1[java.util.Map<java.lang.String,?>]",PROP_SOURCE_URL,1
/home/sandro/workspace/sandro/MLCQCodeSmellSamples/scripts/../dataset/commons-configuration_34357e075d63c3634310878636f9498847badcab/src/main/java/org/apache/commons/configuration2/io/FileLocatorUtils.java,org.apache.commons.configuration2.io.FileLocatorUtils,"fromMap/1[java.util.Map<java.lang.String,?>]",PROP_FILE_SYSTEM,1
/home/sandro/workspace/sandro/MLCQCodeSmellSamples/scripts/../dataset/commons-configuration_34357e075d63c3634310878636f9498847badcab/src/main/java/org/apache/commons/configuration2/io/FileLocatorUtils.java,org.apache.commons.configuration2.io.FileLocatorUtils,locate/1[org.apache.commons.configuration2.io.FileLocator],DEFAULT_LOCATION_STRATEGY,1
/home/sandro/workspace/sandro/MLCQCodeSmellSamples/scripts/../dataset/commons-configuration_34357e075d63c3634310878636f9498847badcab/src/main/java/org/apache/commons/configuration2/io/FileLocatorUtils.java,org.apache.commons.configuration2.io.FileLocatorUtils,getBasePath/1[java.net.URL],FILE_SCHEME,2
/home/sandro/workspace/sandro/MLCQCodeSmellSamples/scripts/../dataset/commons-configuration_34357e075d63c3634310878636f9498847badcab/src/main/java/org/apache/commons/configuration2/io/FileLocatorUtils.java,org.apache.commons.configuration2.io.FileLocatorUtils,locateFromClasspath/1[java.lang.String],LOG,2
/home/sandro/workspace/sandro/MLCQCodeSmellSamples/scripts/../dataset/commons-configuration_34357e075d63c3634310878636f9498847badcab/src/main/java/org/apache/commons/configuration2/AbstractConfiguration.java,org.apache.commons.configuration2.AbstractConfiguration,initLogger/1[org.apache.commons.configuration2.io.ConfigurationLogger],log,5
/home/sandro/workspace/sandro/MLCQCodeSmellSamples/scripts/../dataset/commons-configuration_34357e075d63c3634310878636f9498847badcab/src/main/java/org/apache/commons/configuration2/AbstractConfiguration.java,org.apache.commons.configuration2.AbstractConfiguration,getConversionHandler/0,conversionHandler,1
/home/sandro/workspace/sandro/MLCQCodeSmellSamples/scripts/../dataset/commons-configuration_34357e075d63c3634310878636f9498847badcab/src/main/java/org/apache/commons/configuration2/AbstractConfiguration.java,org.apache.commons.configuration2.AbstractConfiguration,setListDelimiterHandler/1[org.apache.commons.configuration2.convert.ListDelimiterHandler],listDelimiterHandler,5
/home/sandro/workspace/sandro/MLCQCodeSmellSamples/scripts/../dataset/commons-configuration_34357e075d63c3634310878636f9498847badcab/src/main/java/org/apache/commons/configuration2/AbstractConfiguration.java,org.apache.commons.configuration2.AbstractConfiguration,getConfigurationDecoder/0,configurationDecoder,1
/home/sandro/workspace/sandro/MLCQCodeSmellSamples/scripts/../dataset/commons-configuration_34357e075d63c3634310878636f9498847badcab/src/main/java/org/apache/commons/configuration2/AbstractConfiguration.java,org.apache.commons.configuration2.AbstractConfiguration,"setPrefixLookups/1[java.util.Map<java.lang.String,? extends org.apache.commons.configuration2.interpol.Lookup>]",interpolator,1
/home/sandro/workspace/sandro/MLCQCodeSmellSamples/scripts/../dataset/commons-configuration_34357e075d63c3634310878636f9498847badcab/src/main/java/org/apache/commons/configuration2/AbstractConfiguration.java,org.apache.commons.configuration2.AbstractConfiguration,setThrowExceptionOnMissing/1[boolean],throwExceptionOnMissing,4
/home/sandro/workspace/sandro/MLCQCodeSmellSamples/scripts/../dataset/commons-configuration_34357e075d63c3634310878636f9498847badcab/src/main/java/org/apache/commons/configuration2/AbstractConfiguration.java,org.apache.commons.configuration2.AbstractConfiguration,setConversionHandler/1[org.apache.commons.configuration2.convert.ConversionHandler],conversionHandler,5
/home/sandro/workspace/sandro/MLCQCodeSmellSamples/scripts/../dataset/commons-configuration_34357e075d63c3634310878636f9498847badcab/src/main/java/org/apache/commons/configuration2/AbstractConfiguration.java,org.apache.commons.configuration2.AbstractConfiguration,setDefaultLookups/1[java.util.Collection<? extends org.apache.commons.configuration2.interpol.Lookup>],interpolator,1
/home/sandro/workspace/sandro/MLCQCodeSmellSamples/scripts/../dataset/commons-configuration_34357e075d63c3634310878636f9498847badcab/src/main/java/org/apache/commons/configuration2/AbstractConfiguration.java,org.apache.commons.configuration2.AbstractConfiguration,AbstractConfiguration/0,interpolator,1
/home/sandro/workspace/sandro/MLCQCodeSmellSamples/scripts/../dataset/commons-configuration_34357e075d63c3634310878636f9498847badcab/src/main/java/org/apache/commons/configuration2/AbstractConfiguration.java,org.apache.commons.configuration2.AbstractConfiguration,AbstractConfiguration/0,listDelimiterHandler,1
/home/sandro/workspace/sandro/MLCQCodeSmellSamples/scripts/../dataset/commons-configuration_34357e075d63c3634310878636f9498847badcab/src/main/java/org/apache/commons/configuration2/AbstractConfiguration.java,org.apache.commons.configuration2.AbstractConfiguration,AbstractConfiguration/0,conversionHandler,1
/home/sandro/workspace/sandro/MLCQCodeSmellSamples/scripts/../dataset/commons-configuration_34357e075d63c3634310878636f9498847badcab/src/main/java/org/apache/commons/configuration2/AbstractConfiguration.java,org.apache.commons.configuration2.AbstractConfiguration,isThrowExceptionOnMissing/0,throwExceptionOnMissing,1
/home/sandro/workspace/sandro/MLCQCodeSmellSamples/scripts/../dataset/commons-configuration_34357e075d63c3634310878636f9498847badcab/src/main/java/org/apache/commons/configuration2/AbstractConfiguration.java,org.apache.commons.configuration2.AbstractConfiguration,setParentInterpolator/1[org.apache.commons.configuration2.interpol.ConfigurationInterpolator],interpolator,1
/home/sandro/workspace/sandro/MLCQCodeSmellSamples/scripts/../dataset/commons-configuration_34357e075d63c3634310878636f9498847badcab/src/main/java/org/apache/commons/configuration2/AbstractConfiguration.java,org.apache.commons.configuration2.AbstractConfiguration,getListDelimiterHandler/0,listDelimiterHandler,1
/home/sandro/workspace/sandro/MLCQCodeSmellSamples/scripts/../dataset/commons-configuration_34357e075d63c3634310878636f9498847badcab/src/main/java/org/apache/commons/configuration2/AbstractConfiguration.java,org.apache.commons.configuration2.AbstractConfiguration,getLogger/0,log,1
/home/sandro/workspace/sandro/MLCQCodeSmellSamples/scripts/../dataset/commons-configuration_34357e075d63c3634310878636f9498847badcab/src/main/java/org/apache/commons/configuration2/AbstractConfiguration.java,org.apache.commons.configuration2.AbstractConfiguration,getSynchronizer/0,synchronizer,1
/home/sandro/workspace/sandro/MLCQCodeSmellSamples/scripts/../dataset/commons-configuration_34357e075d63c3634310878636f9498847badcab/src/main/java/org/apache/commons/configuration2/AbstractConfiguration.java,org.apache.commons.configuration2.AbstractConfiguration,setConfigurationDecoder/1[org.apache.commons.configuration2.ConfigurationDecoder],configurationDecoder,4
/home/sandro/workspace/sandro/MLCQCodeSmellSamples/scripts/../dataset/commons-configuration_34357e075d63c3634310878636f9498847badcab/src/main/java/org/apache/commons/configuration2/AbstractConfiguration.java,org.apache.commons.configuration2.AbstractConfiguration,cloneInterpolator/1[org.apache.commons.configuration2.AbstractConfiguration],interpolator,1
/home/sandro/workspace/sandro/MLCQCodeSmellSamples/scripts/../dataset/commons-configuration_34357e075d63c3634310878636f9498847badcab/src/main/java/org/apache/commons/configuration2/AbstractConfiguration.java,org.apache.commons.configuration2.AbstractConfiguration,getInterpolator/0,interpolator,1
/home/sandro/workspace/sandro/MLCQCodeSmellSamples/scripts/../dataset/commons-configuration_34357e075d63c3634310878636f9498847badcab/src/main/java/org/apache/commons/configuration2/AbstractConfiguration.java,org.apache.commons.configuration2.AbstractConfiguration,setLogger/1[org.apache.commons.configuration2.io.ConfigurationLogger],log,3
/home/sandro/workspace/sandro/MLCQCodeSmellSamples/scripts/../dataset/commons-configuration_34357e075d63c3634310878636f9498847badcab/src/main/java/org/apache/commons/configuration2/AbstractConfiguration.java,org.apache.commons.configuration2.AbstractConfiguration,setInterpolator/1[org.apache.commons.configuration2.interpol.ConfigurationInterpolator],interpolator,1
/home/sandro/workspace/sandro/MLCQCodeSmellSamples/scripts/../dataset/commons-configuration_34357e075d63c3634310878636f9498847badcab/src/main/java/org/apache/commons/configuration2/AbstractConfiguration.java,org.apache.commons.configuration2.AbstractConfiguration,setSynchronizer/1[org.apache.commons.configuration2.sync.Synchronizer],synchronizer,4
/home/sandro/workspace/sandro/MLCQCodeSmellSamples/scripts/../dataset/commons-configuration_34357e075d63c3634310878636f9498847badcab/src/main/java/org/apache/commons/configuration2/tree/ModelTransaction.java,org.apache.commons.configuration2.tree.ModelTransaction$ChangeNodeValueOperation,ChangeNodeValueOperation/1[java.lang.Object],newValue,1
/home/sandro/workspace/sandro/MLCQCodeSmellSamples/scripts/../dataset/commons-configuration_34357e075d63c3634310878636f9498847badcab/src/main/java/org/apache/commons/configuration2/tree/ModelTransaction.java,org.apache.commons.configuration2.tree.ModelTransaction$ChangeNodeValueOperation,"apply/2[org.apache.commons.configuration2.tree.ImmutableNode,org.apache.commons.configuration2.tree.ModelTransaction.Operations]",newValue,1
/home/sandro/workspace/sandro/MLCQCodeSmellSamples/scripts/../dataset/commons-configuration_34357e075d63c3634310878636f9498847badcab/src/main/java/org/apache/commons/configuration2/resolver/CatalogResolver.java,org.apache.commons.configuration2.resolver.CatalogResolver$CatalogManager,getInterpolator/0,interpolator,1
/home/sandro/workspace/sandro/MLCQCodeSmellSamples/scripts/../dataset/commons-configuration_34357e075d63c3634310878636f9498847badcab/src/main/java/org/apache/commons/configuration2/resolver/CatalogResolver.java,org.apache.commons.configuration2.resolver.CatalogResolver$CatalogManager,getPrivateCatalog/0,staticCatalog,2
/home/sandro/workspace/sandro/MLCQCodeSmellSamples/scripts/../dataset/commons-configuration_34357e075d63c3634310878636f9498847badcab/src/main/java/org/apache/commons/configuration2/resolver/CatalogResolver.java,org.apache.commons.configuration2.resolver.CatalogResolver$CatalogManager,setFileSystem/1[org.apache.commons.configuration2.io.FileSystem],fs,1
/home/sandro/workspace/sandro/MLCQCodeSmellSamples/scripts/../dataset/commons-configuration_34357e075d63c3634310878636f9498847badcab/src/main/java/org/apache/commons/configuration2/resolver/CatalogResolver.java,org.apache.commons.configuration2.resolver.CatalogResolver$CatalogManager,setInterpolator/1[org.apache.commons.configuration2.interpol.ConfigurationInterpolator],interpolator,1
/home/sandro/workspace/sandro/MLCQCodeSmellSamples/scripts/../dataset/commons-configuration_34357e075d63c3634310878636f9498847badcab/src/main/java/org/apache/commons/configuration2/resolver/CatalogResolver.java,org.apache.commons.configuration2.resolver.CatalogResolver$CatalogManager,getFileSystem/0,fs,1
/home/sandro/workspace/sandro/MLCQCodeSmellSamples/scripts/../dataset/commons-configuration_34357e075d63c3634310878636f9498847badcab/src/main/java/org/apache/commons/configuration2/resolver/CatalogResolver.java,org.apache.commons.configuration2.resolver.CatalogResolver$CatalogManager,setBaseDir/1[java.lang.String],baseDir,5
/home/sandro/workspace/sandro/MLCQCodeSmellSamples/scripts/../dataset/commons-configuration_34357e075d63c3634310878636f9498847badcab/src/main/java/org/apache/commons/configuration2/resolver/CatalogResolver.java,org.apache.commons.configuration2.resolver.CatalogResolver$CatalogManager,getBaseDir/0,baseDir,1
/home/sandro/workspace/sandro/MLCQCodeSmellSamples/scripts/../dataset/commons-configuration_34357e075d63c3634310878636f9498847badcab/src/main/java/org/apache/commons/configuration2/builder/ConfigurationBuilderResultCreatedEvent.java,org.apache.commons.configuration2.builder.ConfigurationBuilderResultCreatedEvent,"ConfigurationBuilderResultCreatedEvent/3[org.apache.commons.configuration2.builder.ConfigurationBuilder<?>,org.apache.commons.configuration2.event.EventType<? extends org.apache.commons.configuration2.builder.ConfigurationBuilderResultCreatedEvent>,org.apache.commons.configuration2.ImmutableConfiguration]",configuration,1
/home/sandro/workspace/sandro/MLCQCodeSmellSamples/scripts/../dataset/commons-configuration_34357e075d63c3634310878636f9498847badcab/src/main/java/org/apache/commons/configuration2/builder/ConfigurationBuilderResultCreatedEvent.java,org.apache.commons.configuration2.builder.ConfigurationBuilderResultCreatedEvent,getConfiguration/0,configuration,1
/home/sandro/workspace/sandro/MLCQCodeSmellSamples/scripts/../dataset/commons-configuration_34357e075d63c3634310878636f9498847badcab/src/test/java/org/apache/commons/configuration2/io/TestHomeDirectoryLocationStrategy.java,org.apache.commons.configuration2.io.TestHomeDirectoryLocationStrategy,testLocateSuccessIgnoreBasePath/0,fileSystem,1
/home/sandro/workspace/sandro/MLCQCodeSmellSamples/scripts/../dataset/commons-configuration_34357e075d63c3634310878636f9498847badcab/src/test/java/org/apache/commons/configuration2/io/TestHomeDirectoryLocationStrategy.java,org.apache.commons.configuration2.io.TestHomeDirectoryLocationStrategy,testLocateSuccessIgnoreBasePath/0,folder,1
/home/sandro/workspace/sandro/MLCQCodeSmellSamples/scripts/../dataset/commons-configuration_34357e075d63c3634310878636f9498847badcab/src/test/java/org/apache/commons/configuration2/io/TestHomeDirectoryLocationStrategy.java,org.apache.commons.configuration2.io.TestHomeDirectoryLocationStrategy,testLocateSuccessIgnoreBasePath/0,BASE_PATH,1
/home/sandro/workspace/sandro/MLCQCodeSmellSamples/scripts/../dataset/commons-configuration_34357e075d63c3634310878636f9498847badcab/src/test/java/org/apache/commons/configuration2/io/TestHomeDirectoryLocationStrategy.java,org.apache.commons.configuration2.io.TestHomeDirectoryLocationStrategy,testLocateSuccessIgnoreBasePath/0,FILE_NAME,2
/home/sandro/workspace/sandro/MLCQCodeSmellSamples/scripts/../dataset/commons-configuration_34357e075d63c3634310878636f9498847badcab/src/test/java/org/apache/commons/configuration2/io/TestHomeDirectoryLocationStrategy.java,org.apache.commons.configuration2.io.TestHomeDirectoryLocationStrategy,testNoFileName/0,fileSystem,1
/home/sandro/workspace/sandro/MLCQCodeSmellSamples/scripts/../dataset/commons-configuration_34357e075d63c3634310878636f9498847badcab/src/test/java/org/apache/commons/configuration2/io/TestHomeDirectoryLocationStrategy.java,org.apache.commons.configuration2.io.TestHomeDirectoryLocationStrategy,testNoFileName/0,BASE_PATH,1
/home/sandro/workspace/sandro/MLCQCodeSmellSamples/scripts/../dataset/commons-configuration_34357e075d63c3634310878636f9498847badcab/src/test/java/org/apache/commons/configuration2/io/TestHomeDirectoryLocationStrategy.java,org.apache.commons.configuration2.io.TestHomeDirectoryLocationStrategy,testLocateSuccessInSubFolder/0,fileSystem,1
/home/sandro/workspace/sandro/MLCQCodeSmellSamples/scripts/../dataset/commons-configuration_34357e075d63c3634310878636f9498847badcab/src/test/java/org/apache/commons/configuration2/io/TestHomeDirectoryLocationStrategy.java,org.apache.commons.configuration2.io.TestHomeDirectoryLocationStrategy,testLocateSuccessInSubFolder/0,folder,1
/home/sandro/workspace/sandro/MLCQCodeSmellSamples/scripts/../dataset/commons-configuration_34357e075d63c3634310878636f9498847badcab/src/test/java/org/apache/commons/configuration2/io/TestHomeDirectoryLocationStrategy.java,org.apache.commons.configuration2.io.TestHomeDirectoryLocationStrategy,testLocateSuccessInSubFolder/0,BASE_PATH,2
/home/sandro/workspace/sandro/MLCQCodeSmellSamples/scripts/../dataset/commons-configuration_34357e075d63c3634310878636f9498847badcab/src/test/java/org/apache/commons/configuration2/io/TestHomeDirectoryLocationStrategy.java,org.apache.commons.configuration2.io.TestHomeDirectoryLocationStrategy,testLocateSuccessInSubFolder/0,FILE_NAME,2
/home/sandro/workspace/sandro/MLCQCodeSmellSamples/scripts/../dataset/commons-configuration_34357e075d63c3634310878636f9498847badcab/src/test/java/org/apache/commons/configuration2/io/TestHomeDirectoryLocationStrategy.java,org.apache.commons.configuration2.io.TestHomeDirectoryLocationStrategy,setUpStrategy/1[boolean],folder,1
/home/sandro/workspace/sandro/MLCQCodeSmellSamples/scripts/../dataset/commons-configuration_34357e075d63c3634310878636f9498847badcab/src/test/java/org/apache/commons/configuration2/io/TestHomeDirectoryLocationStrategy.java,org.apache.commons.configuration2.io.TestHomeDirectoryLocationStrategy,testLocateSuccessNoBasePath/0,fileSystem,1
/home/sandro/workspace/sandro/MLCQCodeSmellSamples/scripts/../dataset/commons-configuration_34357e075d63c3634310878636f9498847badcab/src/test/java/org/apache/commons/configuration2/io/TestHomeDirectoryLocationStrategy.java,org.apache.commons.configuration2.io.TestHomeDirectoryLocationStrategy,testLocateSuccessNoBasePath/0,folder,1
/home/sandro/workspace/sandro/MLCQCodeSmellSamples/scripts/../dataset/commons-configuration_34357e075d63c3634310878636f9498847badcab/src/test/java/org/apache/commons/configuration2/io/TestHomeDirectoryLocationStrategy.java,org.apache.commons.configuration2.io.TestHomeDirectoryLocationStrategy,testLocateSuccessNoBasePath/0,FILE_NAME,2
/home/sandro/workspace/sandro/MLCQCodeSmellSamples/scripts/../dataset/commons-configuration_34357e075d63c3634310878636f9498847badcab/src/test/java/org/apache/commons/configuration2/io/TestHomeDirectoryLocationStrategy.java,org.apache.commons.configuration2.io.TestHomeDirectoryLocationStrategy,setUp/0,fileSystem,2
/home/sandro/workspace/sandro/MLCQCodeSmellSamples/scripts/../dataset/commons-configuration_34357e075d63c3634310878636f9498847badcab/src/test/java/org/apache/commons/configuration2/io/TestHomeDirectoryLocationStrategy.java,org.apache.commons.configuration2.io.TestHomeDirectoryLocationStrategy,testLocateFailedWithBasePath/0,fileSystem,1
/home/sandro/workspace/sandro/MLCQCodeSmellSamples/scripts/../dataset/commons-configuration_34357e075d63c3634310878636f9498847badcab/src/test/java/org/apache/commons/configuration2/io/TestHomeDirectoryLocationStrategy.java,org.apache.commons.configuration2.io.TestHomeDirectoryLocationStrategy,testLocateFailedWithBasePath/0,folder,1
/home/sandro/workspace/sandro/MLCQCodeSmellSamples/scripts/../dataset/commons-configuration_34357e075d63c3634310878636f9498847badcab/src/test/java/org/apache/commons/configuration2/io/TestHomeDirectoryLocationStrategy.java,org.apache.commons.configuration2.io.TestHomeDirectoryLocationStrategy,testLocateFailedWithBasePath/0,BASE_PATH,1
/home/sandro/workspace/sandro/MLCQCodeSmellSamples/scripts/../dataset/commons-configuration_34357e075d63c3634310878636f9498847badcab/src/test/java/org/apache/commons/configuration2/io/TestHomeDirectoryLocationStrategy.java,org.apache.commons.configuration2.io.TestHomeDirectoryLocationStrategy,testLocateFailedWithBasePath/0,FILE_NAME,2
/home/sandro/workspace/sandro/MLCQCodeSmellSamples/scripts/../dataset/commons-configuration_34357e075d63c3634310878636f9498847badcab/src/main/java/org/apache/commons/configuration2/event/ConfigurationErrorEvent.java,org.apache.commons.configuration2.event.ConfigurationErrorEvent,getErrorOperationType/0,errorOperationType,1
/home/sandro/workspace/sandro/MLCQCodeSmellSamples/scripts/../dataset/commons-configuration_34357e075d63c3634310878636f9498847badcab/src/main/java/org/apache/commons/configuration2/event/ConfigurationErrorEvent.java,org.apache.commons.configuration2.event.ConfigurationErrorEvent,getPropertyName/0,propertyName,1
/home/sandro/workspace/sandro/MLCQCodeSmellSamples/scripts/../dataset/commons-configuration_34357e075d63c3634310878636f9498847badcab/src/main/java/org/apache/commons/configuration2/event/ConfigurationErrorEvent.java,org.apache.commons.configuration2.event.ConfigurationErrorEvent,getCause/0,cause,1
/home/sandro/workspace/sandro/MLCQCodeSmellSamples/scripts/../dataset/commons-configuration_34357e075d63c3634310878636f9498847badcab/src/main/java/org/apache/commons/configuration2/event/ConfigurationErrorEvent.java,org.apache.commons.configuration2.event.ConfigurationErrorEvent,getPropertyValue/0,propertyValue,1
/home/sandro/workspace/sandro/MLCQCodeSmellSamples/scripts/../dataset/commons-configuration_34357e075d63c3634310878636f9498847badcab/src/main/java/org/apache/commons/configuration2/event/ConfigurationErrorEvent.java,org.apache.commons.configuration2.event.ConfigurationErrorEvent,"ConfigurationErrorEvent/6[java.lang.Object,org.apache.commons.configuration2.event.EventType<? extends org.apache.commons.configuration2.event.ConfigurationErrorEvent>,org.apache.commons.configuration2.event.EventType<?>,java.lang.String,java.lang.Object,java.lang.Throwable]",errorOperationType,1
/home/sandro/workspace/sandro/MLCQCodeSmellSamples/scripts/../dataset/commons-configuration_34357e075d63c3634310878636f9498847badcab/src/main/java/org/apache/commons/configuration2/event/ConfigurationErrorEvent.java,org.apache.commons.configuration2.event.ConfigurationErrorEvent,"ConfigurationErrorEvent/6[java.lang.Object,org.apache.commons.configuration2.event.EventType<? extends org.apache.commons.configuration2.event.ConfigurationErrorEvent>,org.apache.commons.configuration2.event.EventType<?>,java.lang.String,java.lang.Object,java.lang.Throwable]",propertyName,1
/home/sandro/workspace/sandro/MLCQCodeSmellSamples/scripts/../dataset/commons-configuration_34357e075d63c3634310878636f9498847badcab/src/main/java/org/apache/commons/configuration2/event/ConfigurationErrorEvent.java,org.apache.commons.configuration2.event.ConfigurationErrorEvent,"ConfigurationErrorEvent/6[java.lang.Object,org.apache.commons.configuration2.event.EventType<? extends org.apache.commons.configuration2.event.ConfigurationErrorEvent>,org.apache.commons.configuration2.event.EventType<?>,java.lang.String,java.lang.Object,java.lang.Throwable]",cause,4
/home/sandro/workspace/sandro/MLCQCodeSmellSamples/scripts/../dataset/commons-configuration_34357e075d63c3634310878636f9498847badcab/src/main/java/org/apache/commons/configuration2/event/ConfigurationErrorEvent.java,org.apache.commons.configuration2.event.ConfigurationErrorEvent,"ConfigurationErrorEvent/6[java.lang.Object,org.apache.commons.configuration2.event.EventType<? extends org.apache.commons.configuration2.event.ConfigurationErrorEvent>,org.apache.commons.configuration2.event.EventType<?>,java.lang.String,java.lang.Object,java.lang.Throwable]",propertyValue,1
/home/sandro/workspace/sandro/MLCQCodeSmellSamples/scripts/../dataset/commons-configuration_34357e075d63c3634310878636f9498847badcab/src/main/java/org/apache/commons/configuration2/builder/BuilderConfigurationWrapperFactory.java,org.apache.commons.configuration2.builder.BuilderConfigurationWrapperFactory,BuilderConfigurationWrapperFactory/1[org.apache.commons.configuration2.builder.BuilderConfigurationWrapperFactory.EventSourceSupport],eventSourceSupport,1
/home/sandro/workspace/sandro/MLCQCodeSmellSamples/scripts/../dataset/commons-configuration_34357e075d63c3634310878636f9498847badcab/src/main/java/org/apache/commons/configuration2/builder/BuilderConfigurationWrapperFactory.java,org.apache.commons.configuration2.builder.BuilderConfigurationWrapperFactory,getEventSourceSupport/0,eventSourceSupport,1
/home/sandro/workspace/sandro/MLCQCodeSmellSamples/scripts/../dataset/commons-configuration_34357e075d63c3634310878636f9498847badcab/src/main/java/org/apache/commons/configuration2/event/Event.java,org.apache.commons.configuration2.event.Event,toString/0,BUF_SIZE,1
/home/sandro/workspace/sandro/MLCQCodeSmellSamples/scripts/../dataset/commons-configuration_34357e075d63c3634310878636f9498847badcab/src/main/java/org/apache/commons/configuration2/event/Event.java,org.apache.commons.configuration2.event.Event,"Event/2[java.lang.Object,org.apache.commons.configuration2.event.EventType<? extends org.apache.commons.configuration2.event.Event>]",eventType,1
/home/sandro/workspace/sandro/MLCQCodeSmellSamples/scripts/../dataset/commons-configuration_34357e075d63c3634310878636f9498847badcab/src/main/java/org/apache/commons/configuration2/event/Event.java,org.apache.commons.configuration2.event.Event,"appendPropertyRepresentation/3[java.lang.StringBuilder,java.lang.String,java.lang.Object]",FMT_PROPERTY,1
/home/sandro/workspace/sandro/MLCQCodeSmellSamples/scripts/../dataset/commons-configuration_34357e075d63c3634310878636f9498847badcab/src/main/java/org/apache/commons/configuration2/event/Event.java,org.apache.commons.configuration2.event.Event,getEventType/0,eventType,1
/home/sandro/workspace/sandro/MLCQCodeSmellSamples/scripts/../dataset/commons-configuration_34357e075d63c3634310878636f9498847badcab/src/test/java/org/apache/commons/configuration2/io/TestProvidedURLLocationStrategy.java,org.apache.commons.configuration2.io.TestProvidedURLLocationStrategy,testLocateSuccess/0,strategy,1
/home/sandro/workspace/sandro/MLCQCodeSmellSamples/scripts/../dataset/commons-configuration_34357e075d63c3634310878636f9498847badcab/src/test/java/org/apache/commons/configuration2/io/TestProvidedURLLocationStrategy.java,org.apache.commons.configuration2.io.TestProvidedURLLocationStrategy,setUp/0,strategy,1
/home/sandro/workspace/sandro/MLCQCodeSmellSamples/scripts/../dataset/commons-configuration_34357e075d63c3634310878636f9498847badcab/src/test/java/org/apache/commons/configuration2/io/TestProvidedURLLocationStrategy.java,org.apache.commons.configuration2.io.TestProvidedURLLocationStrategy,testLocateFail/0,strategy,1
/home/sandro/workspace/sandro/MLCQCodeSmellSamples/scripts/../dataset/commons-configuration_34357e075d63c3634310878636f9498847badcab/src/main/java/org/apache/commons/configuration2/plist/XMLPropertyListConfiguration.java,org.apache.commons.configuration2.plist.XMLPropertyListConfiguration,"printNode/3[java.io.PrintWriter,int,org.apache.commons.configuration2.tree.ImmutableNode]",INDENT_SIZE,1
/home/sandro/workspace/sandro/MLCQCodeSmellSamples/scripts/../dataset/commons-configuration_34357e075d63c3634310878636f9498847badcab/src/main/java/org/apache/commons/configuration2/plist/XMLPropertyListConfiguration.java,org.apache.commons.configuration2.plist.XMLPropertyListConfiguration,"printValue/3[java.io.PrintWriter,int,java.lang.Object]",INDENT_SIZE,1
/home/sandro/workspace/sandro/MLCQCodeSmellSamples/scripts/../dataset/commons-configuration_34357e075d63c3634310878636f9498847badcab/src/main/java/org/apache/commons/configuration2/plist/XMLPropertyListConfiguration.java,org.apache.commons.configuration2.plist.XMLPropertyListConfiguration,"printValue/3[java.io.PrintWriter,int,java.lang.Object]",DATA_ENCODING,1
/home/sandro/workspace/sandro/MLCQCodeSmellSamples/scripts/../dataset/commons-configuration_34357e075d63c3634310878636f9498847badcab/src/main/java/org/apache/commons/configuration2/plist/XMLPropertyListConfiguration.java,org.apache.commons.configuration2.plist.XMLPropertyListConfiguration,initFileLocator/1[org.apache.commons.configuration2.io.FileLocator],locator,4
/home/sandro/workspace/sandro/MLCQCodeSmellSamples/scripts/../dataset/commons-configuration_34357e075d63c3634310878636f9498847badcab/src/main/java/org/apache/commons/configuration2/plist/XMLPropertyListConfiguration.java,org.apache.commons.configuration2.plist.XMLPropertyListConfiguration,write/1[java.io.Writer],locator,3
/home/sandro/workspace/sandro/MLCQCodeSmellSamples/scripts/../dataset/commons-configuration_34357e075d63c3634310878636f9498847badcab/src/main/java/org/apache/commons/configuration2/event/EventListenerList.java,org.apache.commons.configuration2.event.EventListenerList$EventListenerIterator,initNextElement/0,underlyingIterator,2
/home/sandro/workspace/sandro/MLCQCodeSmellSamples/scripts/../dataset/commons-configuration_34357e075d63c3634310878636f9498847badcab/src/main/java/org/apache/commons/configuration2/event/EventListenerList.java,org.apache.commons.configuration2.event.EventListenerList$EventListenerIterator,initNextElement/0,acceptedTypes,1
/home/sandro/workspace/sandro/MLCQCodeSmellSamples/scripts/../dataset/commons-configuration_34357e075d63c3634310878636f9498847badcab/src/main/java/org/apache/commons/configuration2/event/EventListenerList.java,org.apache.commons.configuration2.event.EventListenerList$EventListenerIterator,initNextElement/0,nextElement,3
/home/sandro/workspace/sandro/MLCQCodeSmellSamples/scripts/../dataset/commons-configuration_34357e075d63c3634310878636f9498847badcab/src/main/java/org/apache/commons/configuration2/event/EventListenerList.java,org.apache.commons.configuration2.event.EventListenerList$EventListenerIterator,next/0,nextElement,2
/home/sandro/workspace/sandro/MLCQCodeSmellSamples/scripts/../dataset/commons-configuration_34357e075d63c3634310878636f9498847badcab/src/main/java/org/apache/commons/configuration2/event/EventListenerList.java,org.apache.commons.configuration2.event.EventListenerList$EventListenerIterator,validateEvent/1[org.apache.commons.configuration2.event.Event],baseEventType,1
/home/sandro/workspace/sandro/MLCQCodeSmellSamples/scripts/../dataset/commons-configuration_34357e075d63c3634310878636f9498847badcab/src/main/java/org/apache/commons/configuration2/event/EventListenerList.java,org.apache.commons.configuration2.event.EventListenerList$EventListenerIterator,hasNext/0,nextElement,1
/home/sandro/workspace/sandro/MLCQCodeSmellSamples/scripts/../dataset/commons-configuration_34357e075d63c3634310878636f9498847badcab/src/main/java/org/apache/commons/configuration2/event/EventListenerList.java,org.apache.commons.configuration2.event.EventListenerList$EventListenerIterator,"EventListenerIterator/2[java.util.Iterator<org.apache.commons.configuration2.event.EventListenerRegistrationData<?>>,org.apache.commons.configuration2.event.EventType<T>]",underlyingIterator,1
/home/sandro/workspace/sandro/MLCQCodeSmellSamples/scripts/../dataset/commons-configuration_34357e075d63c3634310878636f9498847badcab/src/main/java/org/apache/commons/configuration2/event/EventListenerList.java,org.apache.commons.configuration2.event.EventListenerList$EventListenerIterator,"EventListenerIterator/2[java.util.Iterator<org.apache.commons.configuration2.event.EventListenerRegistrationData<?>>,org.apache.commons.configuration2.event.EventType<T>]",baseEventType,1
/home/sandro/workspace/sandro/MLCQCodeSmellSamples/scripts/../dataset/commons-configuration_34357e075d63c3634310878636f9498847badcab/src/main/java/org/apache/commons/configuration2/event/EventListenerList.java,org.apache.commons.configuration2.event.EventListenerList$EventListenerIterator,"EventListenerIterator/2[java.util.Iterator<org.apache.commons.configuration2.event.EventListenerRegistrationData<?>>,org.apache.commons.configuration2.event.EventType<T>]",acceptedTypes,1
/home/sandro/workspace/sandro/MLCQCodeSmellSamples/scripts/../dataset/commons-configuration_34357e075d63c3634310878636f9498847badcab/src/test/java/org/apache/commons/configuration2/beanutils/TestDefaultBeanFactory.java,org.apache.commons.configuration2.beanutils.TestDefaultBeanFactory,testCreateBeanConstructorNestedBean/0,factory,1
/home/sandro/workspace/sandro/MLCQCodeSmellSamples/scripts/../dataset/commons-configuration_34357e075d63c3634310878636f9498847badcab/src/test/java/org/apache/commons/configuration2/beanutils/TestDefaultBeanFactory.java,org.apache.commons.configuration2.beanutils.TestDefaultBeanFactory,setUpBeanDeclaration/0,TEST_INT,1
/home/sandro/workspace/sandro/MLCQCodeSmellSamples/scripts/../dataset/commons-configuration_34357e075d63c3634310878636f9498847badcab/src/test/java/org/apache/commons/configuration2/beanutils/TestDefaultBeanFactory.java,org.apache.commons.configuration2.beanutils.TestDefaultBeanFactory,setUpBeanDeclaration/0,TEST_STRING,1
/home/sandro/workspace/sandro/MLCQCodeSmellSamples/scripts/../dataset/commons-configuration_34357e075d63c3634310878636f9498847badcab/src/test/java/org/apache/commons/configuration2/beanutils/TestDefaultBeanFactory.java,org.apache.commons.configuration2.beanutils.TestDefaultBeanFactory,testFindMatchingConstructorAmbiguous/0,TEST_STRING,1
/home/sandro/workspace/sandro/MLCQCodeSmellSamples/scripts/../dataset/commons-configuration_34357e075d63c3634310878636f9498847badcab/src/test/java/org/apache/commons/configuration2/beanutils/TestDefaultBeanFactory.java,org.apache.commons.configuration2.beanutils.TestDefaultBeanFactory,setUp/0,factory,1
/home/sandro/workspace/sandro/MLCQCodeSmellSamples/scripts/../dataset/commons-configuration_34357e075d63c3634310878636f9498847badcab/src/test/java/org/apache/commons/configuration2/beanutils/TestDefaultBeanFactory.java,org.apache.commons.configuration2.beanutils.TestDefaultBeanFactory,testDefaultConversionHandler/0,factory,1
/home/sandro/workspace/sandro/MLCQCodeSmellSamples/scripts/../dataset/commons-configuration_34357e075d63c3634310878636f9498847badcab/src/test/java/org/apache/commons/configuration2/beanutils/TestDefaultBeanFactory.java,org.apache.commons.configuration2.beanutils.TestDefaultBeanFactory,testFindMatchingConstructorNoMatch/0,TEST_STRING,2
/home/sandro/workspace/sandro/MLCQCodeSmellSamples/scripts/../dataset/commons-configuration_34357e075d63c3634310878636f9498847badcab/src/test/java/org/apache/commons/configuration2/beanutils/TestDefaultBeanFactory.java,org.apache.commons.configuration2.beanutils.TestDefaultBeanFactory,testCreateBean/0,factory,1
/home/sandro/workspace/sandro/MLCQCodeSmellSamples/scripts/../dataset/commons-configuration_34357e075d63c3634310878636f9498847badcab/src/test/java/org/apache/commons/configuration2/beanutils/TestDefaultBeanFactory.java,org.apache.commons.configuration2.beanutils.TestDefaultBeanFactory,testCreateBeanConstructor/0,factory,1
/home/sandro/workspace/sandro/MLCQCodeSmellSamples/scripts/../dataset/commons-configuration_34357e075d63c3634310878636f9498847badcab/src/test/java/org/apache/commons/configuration2/beanutils/TestDefaultBeanFactory.java,org.apache.commons.configuration2.beanutils.TestDefaultBeanFactory,testInitWithConversionHandler/0,factory,2
/home/sandro/workspace/sandro/MLCQCodeSmellSamples/scripts/../dataset/commons-configuration_34357e075d63c3634310878636f9498847badcab/src/test/java/org/apache/commons/configuration2/beanutils/TestDefaultBeanFactory.java,org.apache.commons.configuration2.beanutils.TestDefaultBeanFactory,testGetDefaultBeanClass/0,factory,1
/home/sandro/workspace/sandro/MLCQCodeSmellSamples/scripts/../dataset/commons-configuration_34357e075d63c3634310878636f9498847badcab/src/test/java/org/apache/commons/configuration2/beanutils/TestDefaultBeanFactory.java,org.apache.commons.configuration2.beanutils.TestDefaultBeanFactory,testFindMatchingConstructorArgCount/0,TEST_INT,1
/home/sandro/workspace/sandro/MLCQCodeSmellSamples/scripts/../dataset/commons-configuration_34357e075d63c3634310878636f9498847badcab/src/test/java/org/apache/commons/configuration2/beanutils/TestDefaultBeanFactory.java,org.apache.commons.configuration2.beanutils.TestDefaultBeanFactory,testFindMatchingConstructorArgCount/0,TEST_STRING,1
/home/sandro/workspace/sandro/MLCQCodeSmellSamples/scripts/../dataset/commons-configuration_34357e075d63c3634310878636f9498847badcab/src/main/java/org/apache/commons/configuration2/tree/ImmutableNode.java,org.apache.commons.configuration2.tree.ImmutableNode$Builder,createAttributes/0,directAttributes,2
/home/sandro/workspace/sandro/MLCQCodeSmellSamples/scripts/../dataset/commons-configuration_34357e075d63c3634310878636f9498847badcab/src/main/java/org/apache/commons/configuration2/tree/ImmutableNode.java,org.apache.commons.configuration2.tree.ImmutableNode$Builder,createAttributes/0,attributes,2
/home/sandro/workspace/sandro/MLCQCodeSmellSamples/scripts/../dataset/commons-configuration_34357e075d63c3634310878636f9498847badcab/src/main/java/org/apache/commons/configuration2/tree/ImmutableNode.java,org.apache.commons.configuration2.tree.ImmutableNode$Builder,ensureChildrenExist/0,children,2
/home/sandro/workspace/sandro/MLCQCodeSmellSamples/scripts/../dataset/commons-configuration_34357e075d63c3634310878636f9498847badcab/src/main/java/org/apache/commons/configuration2/tree/ImmutableNode.java,org.apache.commons.configuration2.tree.ImmutableNode$Builder,name/1[java.lang.String],name,2
/home/sandro/workspace/sandro/MLCQCodeSmellSamples/scripts/../dataset/commons-configuration_34357e075d63c3634310878636f9498847badcab/src/main/java/org/apache/commons/configuration2/tree/ImmutableNode.java,org.apache.commons.configuration2.tree.ImmutableNode$Builder,ensureAttributesExist/0,attributes,2
/home/sandro/workspace/sandro/MLCQCodeSmellSamples/scripts/../dataset/commons-configuration_34357e075d63c3634310878636f9498847badcab/src/main/java/org/apache/commons/configuration2/tree/ImmutableNode.java,org.apache.commons.configuration2.tree.ImmutableNode$Builder,addChildren/1[java.util.Collection<? extends org.apache.commons.configuration2.tree.ImmutableNode>],children,5
/home/sandro/workspace/sandro/MLCQCodeSmellSamples/scripts/../dataset/commons-configuration_34357e075d63c3634310878636f9498847badcab/src/main/java/org/apache/commons/configuration2/tree/ImmutableNode.java,org.apache.commons.configuration2.tree.ImmutableNode$Builder,createChildren/0,children,2
/home/sandro/workspace/sandro/MLCQCodeSmellSamples/scripts/../dataset/commons-configuration_34357e075d63c3634310878636f9498847badcab/src/main/java/org/apache/commons/configuration2/tree/ImmutableNode.java,org.apache.commons.configuration2.tree.ImmutableNode$Builder,createChildren/0,directChildren,2
/home/sandro/workspace/sandro/MLCQCodeSmellSamples/scripts/../dataset/commons-configuration_34357e075d63c3634310878636f9498847badcab/src/main/java/org/apache/commons/configuration2/tree/ImmutableNode.java,org.apache.commons.configuration2.tree.ImmutableNode$Builder,initChildrenCollection/1[int],children,1
/home/sandro/workspace/sandro/MLCQCodeSmellSamples/scripts/../dataset/commons-configuration_34357e075d63c3634310878636f9498847badcab/src/main/java/org/apache/commons/configuration2/tree/ImmutableNode.java,org.apache.commons.configuration2.tree.ImmutableNode$Builder,"addAttributes/1[java.util.Map<java.lang.String,?>]",attributes,1
/home/sandro/workspace/sandro/MLCQCodeSmellSamples/scripts/../dataset/commons-configuration_34357e075d63c3634310878636f9498847badcab/src/main/java/org/apache/commons/configuration2/tree/ImmutableNode.java,org.apache.commons.configuration2.tree.ImmutableNode$Builder,"Builder/2[java.util.List<org.apache.commons.configuration2.tree.ImmutableNode>,java.util.Map<java.lang.String,java.lang.Object>]",directAttributes,1
/home/sandro/workspace/sandro/MLCQCodeSmellSamples/scripts/../dataset/commons-configuration_34357e075d63c3634310878636f9498847badcab/src/main/java/org/apache/commons/configuration2/tree/ImmutableNode.java,org.apache.commons.configuration2.tree.ImmutableNode$Builder,"Builder/2[java.util.List<org.apache.commons.configuration2.tree.ImmutableNode>,java.util.Map<java.lang.String,java.lang.Object>]",directChildren,1
/home/sandro/workspace/sandro/MLCQCodeSmellSamples/scripts/../dataset/commons-configuration_34357e075d63c3634310878636f9498847badcab/src/main/java/org/apache/commons/configuration2/tree/ImmutableNode.java,org.apache.commons.configuration2.tree.ImmutableNode$Builder,filterNull/1[java.util.Collection<? extends org.apache.commons.configuration2.tree.ImmutableNode>],children,4
/home/sandro/workspace/sandro/MLCQCodeSmellSamples/scripts/../dataset/commons-configuration_34357e075d63c3634310878636f9498847badcab/src/main/java/org/apache/commons/configuration2/tree/ImmutableNode.java,org.apache.commons.configuration2.tree.ImmutableNode$Builder,create/0,children,1
/home/sandro/workspace/sandro/MLCQCodeSmellSamples/scripts/../dataset/commons-configuration_34357e075d63c3634310878636f9498847badcab/src/main/java/org/apache/commons/configuration2/tree/ImmutableNode.java,org.apache.commons.configuration2.tree.ImmutableNode$Builder,create/0,attributes,1
/home/sandro/workspace/sandro/MLCQCodeSmellSamples/scripts/../dataset/commons-configuration_34357e075d63c3634310878636f9498847badcab/src/main/java/org/apache/commons/configuration2/tree/ImmutableNode.java,org.apache.commons.configuration2.tree.ImmutableNode$Builder,value/1[java.lang.Object],value,2
/home/sandro/workspace/sandro/MLCQCodeSmellSamples/scripts/../dataset/commons-configuration_34357e075d63c3634310878636f9498847badcab/src/main/java/org/apache/commons/configuration2/tree/ImmutableNode.java,org.apache.commons.configuration2.tree.ImmutableNode$Builder,addChild/1[org.apache.commons.configuration2.tree.ImmutableNode],children,1
/home/sandro/workspace/sandro/MLCQCodeSmellSamples/scripts/../dataset/commons-configuration_34357e075d63c3634310878636f9498847badcab/src/main/java/org/apache/commons/configuration2/tree/ImmutableNode.java,org.apache.commons.configuration2.tree.ImmutableNode$Builder,"addAttribute/2[java.lang.String,java.lang.Object]",name,3
/home/sandro/workspace/sandro/MLCQCodeSmellSamples/scripts/../dataset/commons-configuration_34357e075d63c3634310878636f9498847badcab/src/main/java/org/apache/commons/configuration2/tree/ImmutableNode.java,org.apache.commons.configuration2.tree.ImmutableNode$Builder,"addAttribute/2[java.lang.String,java.lang.Object]",attributes,1
/home/sandro/workspace/sandro/MLCQCodeSmellSamples/scripts/../dataset/commons-configuration_34357e075d63c3634310878636f9498847badcab/src/main/java/org/apache/commons/configuration2/tree/ImmutableNode.java,org.apache.commons.configuration2.tree.ImmutableNode$Builder,"addAttribute/2[java.lang.String,java.lang.Object]",value,3
/home/sandro/workspace/sandro/MLCQCodeSmellSamples/scripts/../dataset/commons-configuration_34357e075d63c3634310878636f9498847badcab/src/test/java/org/apache/commons/configuration2/builder/combined/TestCombinedConfigurationBuilder.java,org.apache.commons.configuration2.builder.combined.TestCombinedConfigurationBuilder,testResetBuilder/0,BUILDER_NAME,2
/home/sandro/workspace/sandro/MLCQCodeSmellSamples/scripts/../dataset/commons-configuration_34357e075d63c3634310878636f9498847badcab/src/test/java/org/apache/commons/configuration2/builder/combined/TestCombinedConfigurationBuilder.java,org.apache.commons.configuration2.builder.combined.TestCombinedConfigurationBuilder,testResetBuilder/0,builder,4
/home/sandro/workspace/sandro/MLCQCodeSmellSamples/scripts/../dataset/commons-configuration_34357e075d63c3634310878636f9498847badcab/src/test/java/org/apache/commons/configuration2/builder/combined/TestCombinedConfigurationBuilder.java,org.apache.commons.configuration2.builder.combined.TestCombinedConfigurationBuilder,testConfigurationBuilderProviderInheritEventListeners/0,builder,4
/home/sandro/workspace/sandro/MLCQCodeSmellSamples/scripts/../dataset/commons-configuration_34357e075d63c3634310878636f9498847badcab/src/test/java/org/apache/commons/configuration2/builder/combined/TestCombinedConfigurationBuilder.java,org.apache.commons.configuration2.builder.combined.TestCombinedConfigurationBuilder,testChildBuildersAreInitializedOnlyOnce/0,TEST_FILE,1
/home/sandro/workspace/sandro/MLCQCodeSmellSamples/scripts/../dataset/commons-configuration_34357e075d63c3634310878636f9498847badcab/src/test/java/org/apache/commons/configuration2/builder/combined/TestCombinedConfigurationBuilder.java,org.apache.commons.configuration2.builder.combined.TestCombinedConfigurationBuilder,testChildBuildersAreInitializedOnlyOnce/0,builder,5
/home/sandro/workspace/sandro/MLCQCodeSmellSamples/scripts/../dataset/commons-configuration_34357e075d63c3634310878636f9498847badcab/src/test/java/org/apache/commons/configuration2/builder/combined/TestCombinedConfigurationBuilder.java,org.apache.commons.configuration2.builder.combined.TestCombinedConfigurationBuilder,testLoadAdditional/0,builder,2
/home/sandro/workspace/sandro/MLCQCodeSmellSamples/scripts/../dataset/commons-configuration_34357e075d63c3634310878636f9498847badcab/src/test/java/org/apache/commons/configuration2/builder/combined/TestCombinedConfigurationBuilder.java,org.apache.commons.configuration2.builder.combined.TestCombinedConfigurationBuilder,testLoadOptional/0,builder,2
/home/sandro/workspace/sandro/MLCQCodeSmellSamples/scripts/../dataset/commons-configuration_34357e075d63c3634310878636f9498847badcab/src/test/java/org/apache/commons/configuration2/builder/combined/TestCombinedConfigurationBuilder.java,org.apache.commons.configuration2.builder.combined.TestCombinedConfigurationBuilder,testLoadOptionalForceCreate/0,builder,2
/home/sandro/workspace/sandro/MLCQCodeSmellSamples/scripts/../dataset/commons-configuration_34357e075d63c3634310878636f9498847badcab/src/test/java/org/apache/commons/configuration2/builder/combined/TestCombinedConfigurationBuilder.java,org.apache.commons.configuration2.builder.combined.TestCombinedConfigurationBuilder,testDefaultBasePathInParameters/0,builder,3
/home/sandro/workspace/sandro/MLCQCodeSmellSamples/scripts/../dataset/commons-configuration_34357e075d63c3634310878636f9498847badcab/src/test/java/org/apache/commons/configuration2/builder/combined/TestCombinedConfigurationBuilder.java,org.apache.commons.configuration2.builder.combined.TestCombinedConfigurationBuilder,testCustomLookup/0,builder,2
/home/sandro/workspace/sandro/MLCQCodeSmellSamples/scripts/../dataset/commons-configuration_34357e075d63c3634310878636f9498847badcab/src/test/java/org/apache/commons/configuration2/builder/combined/TestCombinedConfigurationBuilder.java,org.apache.commons.configuration2.builder.combined.TestCombinedConfigurationBuilder,testNoDefinitionBuilder/0,builder,1
/home/sandro/workspace/sandro/MLCQCodeSmellSamples/scripts/../dataset/commons-configuration_34357e075d63c3634310878636f9498847badcab/src/test/java/org/apache/commons/configuration2/builder/combined/TestCombinedConfigurationBuilder.java,org.apache.commons.configuration2.builder.combined.TestCombinedConfigurationBuilder,testGetNamedBuilder/0,TEST_FILE,1
/home/sandro/workspace/sandro/MLCQCodeSmellSamples/scripts/../dataset/commons-configuration_34357e075d63c3634310878636f9498847badcab/src/test/java/org/apache/commons/configuration2/builder/combined/TestCombinedConfigurationBuilder.java,org.apache.commons.configuration2.builder.combined.TestCombinedConfigurationBuilder,testGetNamedBuilder/0,builder,3
/home/sandro/workspace/sandro/MLCQCodeSmellSamples/scripts/../dataset/commons-configuration_34357e075d63c3634310878636f9498847badcab/src/test/java/org/apache/commons/configuration2/builder/combined/TestCombinedConfigurationBuilder.java,org.apache.commons.configuration2.builder.combined.TestCombinedConfigurationBuilder,testConcurrentReadAccessWithoutSynchronizer/0,TEST_FILE,1
/home/sandro/workspace/sandro/MLCQCodeSmellSamples/scripts/../dataset/commons-configuration_34357e075d63c3634310878636f9498847badcab/src/test/java/org/apache/commons/configuration2/builder/combined/TestCombinedConfigurationBuilder.java,org.apache.commons.configuration2.builder.combined.TestCombinedConfigurationBuilder,testConcurrentReadAccessWithoutSynchronizer/0,builder,2
/home/sandro/workspace/sandro/MLCQCodeSmellSamples/scripts/../dataset/commons-configuration_34357e075d63c3634310878636f9498847badcab/src/test/java/org/apache/commons/configuration2/builder/combined/TestCombinedConfigurationBuilder.java,org.apache.commons.configuration2.builder.combined.TestCombinedConfigurationBuilder,testGetNamedBuilderUnknown/0,TEST_FILE,1
/home/sandro/workspace/sandro/MLCQCodeSmellSamples/scripts/../dataset/commons-configuration_34357e075d63c3634310878636f9498847badcab/src/test/java/org/apache/commons/configuration2/builder/combined/TestCombinedConfigurationBuilder.java,org.apache.commons.configuration2.builder.combined.TestCombinedConfigurationBuilder,testGetNamedBuilderUnknown/0,builder,3
/home/sandro/workspace/sandro/MLCQCodeSmellSamples/scripts/../dataset/commons-configuration_34357e075d63c3634310878636f9498847badcab/src/test/java/org/apache/commons/configuration2/builder/combined/TestCombinedConfigurationBuilder.java,org.apache.commons.configuration2.builder.combined.TestCombinedConfigurationBuilder,prepareParamsForInheritanceTest/1[org.apache.commons.configuration2.builder.fluent.Parameters],TEST_FILE,1
/home/sandro/workspace/sandro/MLCQCodeSmellSamples/scripts/../dataset/commons-configuration_34357e075d63c3634310878636f9498847badcab/src/test/java/org/apache/commons/configuration2/builder/combined/TestCombinedConfigurationBuilder.java,org.apache.commons.configuration2.builder.combined.TestCombinedConfigurationBuilder,testSuppressChildBuilderPropertyInheritance/0,builder,2
/home/sandro/workspace/sandro/MLCQCodeSmellSamples/scripts/../dataset/commons-configuration_34357e075d63c3634310878636f9498847badcab/src/test/java/org/apache/commons/configuration2/builder/combined/TestCombinedConfigurationBuilder.java,org.apache.commons.configuration2.builder.combined.TestCombinedConfigurationBuilder,testCombinedConfigurationAttributes/0,builder,2
/home/sandro/workspace/sandro/MLCQCodeSmellSamples/scripts/../dataset/commons-configuration_34357e075d63c3634310878636f9498847badcab/src/test/java/org/apache/commons/configuration2/builder/combined/TestCombinedConfigurationBuilder.java,org.apache.commons.configuration2.builder.combined.TestCombinedConfigurationBuilder,testJndiConfiguration/0,builder,2
/home/sandro/workspace/sandro/MLCQCodeSmellSamples/scripts/../dataset/commons-configuration_34357e075d63c3634310878636f9498847badcab/src/test/java/org/apache/commons/configuration2/builder/combined/TestCombinedConfigurationBuilder.java,org.apache.commons.configuration2.builder.combined.TestCombinedConfigurationBuilder,testINIConfiguration/0,builder,2
/home/sandro/workspace/sandro/MLCQCodeSmellSamples/scripts/../dataset/commons-configuration_34357e075d63c3634310878636f9498847badcab/src/test/java/org/apache/commons/configuration2/builder/combined/TestCombinedConfigurationBuilder.java,org.apache.commons.configuration2.builder.combined.TestCombinedConfigurationBuilder,testCustomBuilderProvider/0,BUILDER_NAME,2
/home/sandro/workspace/sandro/MLCQCodeSmellSamples/scripts/../dataset/commons-configuration_34357e075d63c3634310878636f9498847badcab/src/test/java/org/apache/commons/configuration2/builder/combined/TestCombinedConfigurationBuilder.java,org.apache.commons.configuration2.builder.combined.TestCombinedConfigurationBuilder,testCustomBuilderProvider/0,builder,2
/home/sandro/workspace/sandro/MLCQCodeSmellSamples/scripts/../dataset/commons-configuration_34357e075d63c3634310878636f9498847badcab/src/test/java/org/apache/commons/configuration2/builder/combined/TestCombinedConfigurationBuilder.java,org.apache.commons.configuration2.builder.combined.TestCombinedConfigurationBuilder,"prepareSubBuilderTest/1[java.util.Map<java.lang.String,java.lang.Object>]",BUILDER_NAME,1
/home/sandro/workspace/sandro/MLCQCodeSmellSamples/scripts/../dataset/commons-configuration_34357e075d63c3634310878636f9498847badcab/src/test/java/org/apache/commons/configuration2/builder/combined/TestCombinedConfigurationBuilder.java,org.apache.commons.configuration2.builder.combined.TestCombinedConfigurationBuilder,"prepareSubBuilderTest/1[java.util.Map<java.lang.String,java.lang.Object>]",builder,1
/home/sandro/workspace/sandro/MLCQCodeSmellSamples/scripts/../dataset/commons-configuration_34357e075d63c3634310878636f9498847badcab/src/test/java/org/apache/commons/configuration2/builder/combined/TestCombinedConfigurationBuilder.java,org.apache.commons.configuration2.builder.combined.TestCombinedConfigurationBuilder,"prepareSubBuilderTest/1[java.util.Map<java.lang.String,java.lang.Object>]",TEST_SUB_XML,1
/home/sandro/workspace/sandro/MLCQCodeSmellSamples/scripts/../dataset/commons-configuration_34357e075d63c3634310878636f9498847badcab/src/test/java/org/apache/commons/configuration2/builder/combined/TestCombinedConfigurationBuilder.java,org.apache.commons.configuration2.builder.combined.TestCombinedConfigurationBuilder,testReactOnSubBuilderChange/0,BUILDER_NAME,1
/home/sandro/workspace/sandro/MLCQCodeSmellSamples/scripts/../dataset/commons-configuration_34357e075d63c3634310878636f9498847badcab/src/test/java/org/apache/commons/configuration2/builder/combined/TestCombinedConfigurationBuilder.java,org.apache.commons.configuration2.builder.combined.TestCombinedConfigurationBuilder,testReactOnSubBuilderChange/0,builder,3
/home/sandro/workspace/sandro/MLCQCodeSmellSamples/scripts/../dataset/commons-configuration_34357e075d63c3634310878636f9498847badcab/src/test/java/org/apache/commons/configuration2/builder/combined/TestCombinedConfigurationBuilder.java,org.apache.commons.configuration2.builder.combined.TestCombinedConfigurationBuilder,testRemoveSubBuilderListener/0,BUILDER_NAME,2
/home/sandro/workspace/sandro/MLCQCodeSmellSamples/scripts/../dataset/commons-configuration_34357e075d63c3634310878636f9498847badcab/src/test/java/org/apache/commons/configuration2/builder/combined/TestCombinedConfigurationBuilder.java,org.apache.commons.configuration2.builder.combined.TestCombinedConfigurationBuilder,testRemoveSubBuilderListener/0,builder,6
/home/sandro/workspace/sandro/MLCQCodeSmellSamples/scripts/../dataset/commons-configuration_34357e075d63c3634310878636f9498847badcab/src/test/java/org/apache/commons/configuration2/builder/combined/TestCombinedConfigurationBuilder.java,org.apache.commons.configuration2.builder.combined.TestCombinedConfigurationBuilder,testBuilderNames/0,TEST_FILE,1
/home/sandro/workspace/sandro/MLCQCodeSmellSamples/scripts/../dataset/commons-configuration_34357e075d63c3634310878636f9498847badcab/src/test/java/org/apache/commons/configuration2/builder/combined/TestCombinedConfigurationBuilder.java,org.apache.commons.configuration2.builder.combined.TestCombinedConfigurationBuilder,testBuilderNames/0,builder,3
/home/sandro/workspace/sandro/MLCQCodeSmellSamples/scripts/../dataset/commons-configuration_34357e075d63c3634310878636f9498847badcab/src/test/java/org/apache/commons/configuration2/builder/combined/TestCombinedConfigurationBuilder.java,org.apache.commons.configuration2.builder.combined.TestCombinedConfigurationBuilder,testCustomResultConfiguration/0,builder,2
/home/sandro/workspace/sandro/MLCQCodeSmellSamples/scripts/../dataset/commons-configuration_34357e075d63c3634310878636f9498847badcab/src/test/java/org/apache/commons/configuration2/builder/combined/TestCombinedConfigurationBuilder.java,org.apache.commons.configuration2.builder.combined.TestCombinedConfigurationBuilder,tearDown/0,MULTI_FILE_PROPERTY,1
/home/sandro/workspace/sandro/MLCQCodeSmellSamples/scripts/../dataset/commons-configuration_34357e075d63c3634310878636f9498847badcab/src/test/java/org/apache/commons/configuration2/builder/combined/TestCombinedConfigurationBuilder.java,org.apache.commons.configuration2.builder.combined.TestCombinedConfigurationBuilder,testReloadingBuilder/0,BUILDER_NAME,1
/home/sandro/workspace/sandro/MLCQCodeSmellSamples/scripts/../dataset/commons-configuration_34357e075d63c3634310878636f9498847badcab/src/test/java/org/apache/commons/configuration2/builder/combined/TestCombinedConfigurationBuilder.java,org.apache.commons.configuration2.builder.combined.TestCombinedConfigurationBuilder,testReloadingBuilder/0,builder,2
/home/sandro/workspace/sandro/MLCQCodeSmellSamples/scripts/../dataset/commons-configuration_34357e075d63c3634310878636f9498847badcab/src/test/java/org/apache/commons/configuration2/builder/combined/TestCombinedConfigurationBuilder.java,org.apache.commons.configuration2.builder.combined.TestCombinedConfigurationBuilder,checkFileSystem/1[java.io.File],builder,3
/home/sandro/workspace/sandro/MLCQCodeSmellSamples/scripts/../dataset/commons-configuration_34357e075d63c3634310878636f9498847badcab/src/test/java/org/apache/commons/configuration2/builder/combined/TestCombinedConfigurationBuilder.java,org.apache.commons.configuration2.builder.combined.TestCombinedConfigurationBuilder,testDefaultBasePathFromDefinitionBuilder/0,builder,3
/home/sandro/workspace/sandro/MLCQCodeSmellSamples/scripts/../dataset/commons-configuration_34357e075d63c3634310878636f9498847badcab/src/test/java/org/apache/commons/configuration2/builder/combined/TestCombinedConfigurationBuilder.java,org.apache.commons.configuration2.builder.combined.TestCombinedConfigurationBuilder,testInitChildBuilderParametersDefaultChildProperties/0,TEST_FILE,1
/home/sandro/workspace/sandro/MLCQCodeSmellSamples/scripts/../dataset/commons-configuration_34357e075d63c3634310878636f9498847badcab/src/test/java/org/apache/commons/configuration2/builder/combined/TestCombinedConfigurationBuilder.java,org.apache.commons.configuration2.builder.combined.TestCombinedConfigurationBuilder,testInitChildBuilderParametersDefaultChildProperties/0,builder,4
/home/sandro/workspace/sandro/MLCQCodeSmellSamples/scripts/../dataset/commons-configuration_34357e075d63c3634310878636f9498847badcab/src/test/java/org/apache/commons/configuration2/builder/combined/TestCombinedConfigurationBuilder.java,org.apache.commons.configuration2.builder.combined.TestCombinedConfigurationBuilder,testInitChildBuilderParametersDefaultChildProperties/0,parameters,2
/home/sandro/workspace/sandro/MLCQCodeSmellSamples/scripts/../dataset/commons-configuration_34357e075d63c3634310878636f9498847badcab/src/test/java/org/apache/commons/configuration2/builder/combined/TestCombinedConfigurationBuilder.java,org.apache.commons.configuration2.builder.combined.TestCombinedConfigurationBuilder,checkConfiguration/0,builder,1
/home/sandro/workspace/sandro/MLCQCodeSmellSamples/scripts/../dataset/commons-configuration_34357e075d63c3634310878636f9498847badcab/src/test/java/org/apache/commons/configuration2/builder/combined/TestCombinedConfigurationBuilder.java,org.apache.commons.configuration2.builder.combined.TestCombinedConfigurationBuilder,switchToMultiFile/1[java.lang.String],MULTI_FILE_PROPERTY,1
/home/sandro/workspace/sandro/MLCQCodeSmellSamples/scripts/../dataset/commons-configuration_34357e075d63c3634310878636f9498847badcab/src/test/java/org/apache/commons/configuration2/builder/combined/TestCombinedConfigurationBuilder.java,org.apache.commons.configuration2.builder.combined.TestCombinedConfigurationBuilder,testConfigurationBuilderProviderInheritBasePath/0,builder,3
/home/sandro/workspace/sandro/MLCQCodeSmellSamples/scripts/../dataset/commons-configuration_34357e075d63c3634310878636f9498847badcab/src/test/java/org/apache/commons/configuration2/builder/combined/TestCombinedConfigurationBuilder.java,org.apache.commons.configuration2.builder.combined.TestCombinedConfigurationBuilder,testConfigurationBuilderProviderInheritBasicProperties/0,builder,2
/home/sandro/workspace/sandro/MLCQCodeSmellSamples/scripts/../dataset/commons-configuration_34357e075d63c3634310878636f9498847badcab/src/test/java/org/apache/commons/configuration2/builder/combined/TestCombinedConfigurationBuilder.java,org.apache.commons.configuration2.builder.combined.TestCombinedConfigurationBuilder,createMultiFileConfig/1[java.lang.String],builder,2
/home/sandro/workspace/sandro/MLCQCodeSmellSamples/scripts/../dataset/commons-configuration_34357e075d63c3634310878636f9498847badcab/src/test/java/org/apache/commons/configuration2/builder/combined/TestCombinedConfigurationBuilder.java,org.apache.commons.configuration2.builder.combined.TestCombinedConfigurationBuilder,testMultiTenentConfigurationReloading/0,builder,2
/home/sandro/workspace/sandro/MLCQCodeSmellSamples/scripts/../dataset/commons-configuration_34357e075d63c3634310878636f9498847badcab/src/test/java/org/apache/commons/configuration2/builder/combined/TestCombinedConfigurationBuilder.java,org.apache.commons.configuration2.builder.combined.TestCombinedConfigurationBuilder,testConfigureResult/0,TEST_FILE,1
/home/sandro/workspace/sandro/MLCQCodeSmellSamples/scripts/../dataset/commons-configuration_34357e075d63c3634310878636f9498847badcab/src/test/java/org/apache/commons/configuration2/builder/combined/TestCombinedConfigurationBuilder.java,org.apache.commons.configuration2.builder.combined.TestCombinedConfigurationBuilder,testConfigureResult/0,builder,2
/home/sandro/workspace/sandro/MLCQCodeSmellSamples/scripts/../dataset/commons-configuration_34357e075d63c3634310878636f9498847badcab/src/test/java/org/apache/commons/configuration2/builder/combined/TestCombinedConfigurationBuilder.java,org.apache.commons.configuration2.builder.combined.TestCombinedConfigurationBuilder,testCombinedConfigurationListNodes/0,builder,2
/home/sandro/workspace/sandro/MLCQCodeSmellSamples/scripts/../dataset/commons-configuration_34357e075d63c3634310878636f9498847badcab/src/test/java/org/apache/commons/configuration2/builder/combined/TestCombinedConfigurationBuilder.java,org.apache.commons.configuration2.builder.combined.TestCombinedConfigurationBuilder,testGetChildBuilders/0,TEST_FILE,1
/home/sandro/workspace/sandro/MLCQCodeSmellSamples/scripts/../dataset/commons-configuration_34357e075d63c3634310878636f9498847badcab/src/test/java/org/apache/commons/configuration2/builder/combined/TestCombinedConfigurationBuilder.java,org.apache.commons.configuration2.builder.combined.TestCombinedConfigurationBuilder,testGetChildBuilders/0,builder,3
/home/sandro/workspace/sandro/MLCQCodeSmellSamples/scripts/../dataset/commons-configuration_34357e075d63c3634310878636f9498847badcab/src/test/java/org/apache/commons/configuration2/builder/combined/TestCombinedConfigurationBuilder.java,org.apache.commons.configuration2.builder.combined.TestCombinedConfigurationBuilder,testConfigurationBuilderProviderInheritCustomProviders/0,builder,3
/home/sandro/workspace/sandro/MLCQCodeSmellSamples/scripts/../dataset/commons-configuration_34357e075d63c3634310878636f9498847badcab/src/test/java/org/apache/commons/configuration2/builder/combined/TestCombinedConfigurationBuilder.java,org.apache.commons.configuration2.builder.combined.TestCombinedConfigurationBuilder,testBasePathForChildConfigurations/0,builder,2
/home/sandro/workspace/sandro/MLCQCodeSmellSamples/scripts/../dataset/commons-configuration_34357e075d63c3634310878636f9498847badcab/src/test/java/org/apache/commons/configuration2/builder/combined/TestCombinedConfigurationBuilder.java,org.apache.commons.configuration2.builder.combined.TestCombinedConfigurationBuilder,testInheritProperties/0,builder,2
/home/sandro/workspace/sandro/MLCQCodeSmellSamples/scripts/../dataset/commons-configuration_34357e075d63c3634310878636f9498847badcab/src/test/java/org/apache/commons/configuration2/builder/combined/TestCombinedConfigurationBuilder.java,org.apache.commons.configuration2.builder.combined.TestCombinedConfigurationBuilder,testLoadOptionalWithException/0,builder,2
/home/sandro/workspace/sandro/MLCQCodeSmellSamples/scripts/../dataset/commons-configuration_34357e075d63c3634310878636f9498847badcab/src/test/java/org/apache/commons/configuration2/builder/combined/TestCombinedConfigurationBuilder.java,org.apache.commons.configuration2.builder.combined.TestCombinedConfigurationBuilder,testRootNodeInitializedAfterCreation/0,TEST_FILE,1
/home/sandro/workspace/sandro/MLCQCodeSmellSamples/scripts/../dataset/commons-configuration_34357e075d63c3634310878636f9498847badcab/src/test/java/org/apache/commons/configuration2/builder/combined/TestCombinedConfigurationBuilder.java,org.apache.commons.configuration2.builder.combined.TestCombinedConfigurationBuilder,testRootNodeInitializedAfterCreation/0,builder,2
/home/sandro/workspace/sandro/MLCQCodeSmellSamples/scripts/../dataset/commons-configuration_34357e075d63c3634310878636f9498847badcab/src/test/java/org/apache/commons/configuration2/builder/combined/TestCombinedConfigurationBuilder.java,org.apache.commons.configuration2.builder.combined.TestCombinedConfigurationBuilder,testCustomEntityResolver/0,builder,2
/home/sandro/workspace/sandro/MLCQCodeSmellSamples/scripts/../dataset/commons-configuration_34357e075d63c3634310878636f9498847badcab/src/test/java/org/apache/commons/configuration2/builder/combined/TestCombinedConfigurationBuilder.java,org.apache.commons.configuration2.builder.combined.TestCombinedConfigurationBuilder,setUp/0,builder,1
/home/sandro/workspace/sandro/MLCQCodeSmellSamples/scripts/../dataset/commons-configuration_34357e075d63c3634310878636f9498847badcab/src/test/java/org/apache/commons/configuration2/builder/combined/TestCombinedConfigurationBuilder.java,org.apache.commons.configuration2.builder.combined.TestCombinedConfigurationBuilder,setUp/0,TEST_SUB_XML,1
/home/sandro/workspace/sandro/MLCQCodeSmellSamples/scripts/../dataset/commons-configuration_34357e075d63c3634310878636f9498847badcab/src/test/java/org/apache/commons/configuration2/builder/combined/TestCombinedConfigurationBuilder.java,org.apache.commons.configuration2.builder.combined.TestCombinedConfigurationBuilder,setUp/0,parameters,1
/home/sandro/workspace/sandro/MLCQCodeSmellSamples/scripts/../dataset/commons-configuration_34357e075d63c3634310878636f9498847badcab/src/test/java/org/apache/commons/configuration2/builder/combined/TestCombinedConfigurationBuilder.java,org.apache.commons.configuration2.builder.combined.TestCombinedConfigurationBuilder,testConfigurationBuilderProvider/0,TEST_FILE,1
/home/sandro/workspace/sandro/MLCQCodeSmellSamples/scripts/../dataset/commons-configuration_34357e075d63c3634310878636f9498847badcab/src/test/java/org/apache/commons/configuration2/builder/combined/TestCombinedConfigurationBuilder.java,org.apache.commons.configuration2.builder.combined.TestCombinedConfigurationBuilder,testConfigurationBuilderProvider/0,builder,2
/home/sandro/workspace/sandro/MLCQCodeSmellSamples/scripts/../dataset/commons-configuration_34357e075d63c3634310878636f9498847badcab/src/test/java/org/apache/commons/configuration2/builder/combined/TestCombinedConfigurationBuilder.java,org.apache.commons.configuration2.builder.combined.TestCombinedConfigurationBuilder,testLoadConfiguration/0,TEST_FILE,1
/home/sandro/workspace/sandro/MLCQCodeSmellSamples/scripts/../dataset/commons-configuration_34357e075d63c3634310878636f9498847badcab/src/test/java/org/apache/commons/configuration2/builder/combined/TestCombinedConfigurationBuilder.java,org.apache.commons.configuration2.builder.combined.TestCombinedConfigurationBuilder,testLoadConfiguration/0,builder,1
/home/sandro/workspace/sandro/MLCQCodeSmellSamples/scripts/../dataset/commons-configuration_34357e075d63c3634310878636f9498847badcab/src/test/java/org/apache/commons/configuration2/builder/combined/TestCombinedConfigurationBuilder.java,org.apache.commons.configuration2.builder.combined.TestCombinedConfigurationBuilder,testGetNamedBuilderBeforeConfigurationAccess/0,TEST_FILE,1
/home/sandro/workspace/sandro/MLCQCodeSmellSamples/scripts/../dataset/commons-configuration_34357e075d63c3634310878636f9498847badcab/src/test/java/org/apache/commons/configuration2/builder/combined/TestCombinedConfigurationBuilder.java,org.apache.commons.configuration2.builder.combined.TestCombinedConfigurationBuilder,testGetNamedBuilderBeforeConfigurationAccess/0,builder,2
/home/sandro/workspace/sandro/MLCQCodeSmellSamples/scripts/../dataset/commons-configuration_34357e075d63c3634310878636f9498847badcab/src/test/java/org/apache/commons/configuration2/builder/combined/TestCombinedConfigurationBuilder.java,org.apache.commons.configuration2.builder.combined.TestCombinedConfigurationBuilder,testProviderInDefinitionConfig/0,builder,2
/home/sandro/workspace/sandro/MLCQCodeSmellSamples/scripts/../dataset/commons-configuration_34357e075d63c3634310878636f9498847badcab/src/test/java/org/apache/commons/configuration2/builder/combined/TestCombinedConfigurationBuilder.java,org.apache.commons.configuration2.builder.combined.TestCombinedConfigurationBuilder,createParameters/0,parameters,1
/home/sandro/workspace/sandro/MLCQCodeSmellSamples/scripts/../dataset/commons-configuration_34357e075d63c3634310878636f9498847badcab/src/test/java/org/apache/commons/configuration2/builder/combined/TestCombinedConfigurationBuilder.java,org.apache.commons.configuration2.builder.combined.TestCombinedConfigurationBuilder,testBuilderNamesManipulate/0,TEST_FILE,1
/home/sandro/workspace/sandro/MLCQCodeSmellSamples/scripts/../dataset/commons-configuration_34357e075d63c3634310878636f9498847badcab/src/test/java/org/apache/commons/configuration2/builder/combined/TestCombinedConfigurationBuilder.java,org.apache.commons.configuration2.builder.combined.TestCombinedConfigurationBuilder,testBuilderNamesManipulate/0,BUILDER_NAME,1
/home/sandro/workspace/sandro/MLCQCodeSmellSamples/scripts/../dataset/commons-configuration_34357e075d63c3634310878636f9498847badcab/src/test/java/org/apache/commons/configuration2/builder/combined/TestCombinedConfigurationBuilder.java,org.apache.commons.configuration2.builder.combined.TestCombinedConfigurationBuilder,testBuilderNamesManipulate/0,builder,3
/home/sandro/workspace/sandro/MLCQCodeSmellSamples/scripts/../dataset/commons-configuration_34357e075d63c3634310878636f9498847badcab/src/test/java/org/apache/commons/configuration2/builder/combined/TestCombinedConfigurationBuilder.java,org.apache.commons.configuration2.builder.combined.TestCombinedConfigurationBuilder,testEnvironmentProperties/0,builder,2
/home/sandro/workspace/sandro/MLCQCodeSmellSamples/scripts/../dataset/commons-configuration_34357e075d63c3634310878636f9498847badcab/src/test/java/org/apache/commons/configuration2/builder/combined/TestCombinedConfigurationBuilder.java,org.apache.commons.configuration2.builder.combined.TestCombinedConfigurationBuilder,testInterpolationOverMultipleSources/0,builder,2
/home/sandro/workspace/sandro/MLCQCodeSmellSamples/scripts/../dataset/commons-configuration_34357e075d63c3634310878636f9498847badcab/src/test/java/org/apache/commons/configuration2/builder/combined/TestCombinedConfigurationBuilder.java,org.apache.commons.configuration2.builder.combined.TestCombinedConfigurationBuilder,testSystemProperties/0,builder,2
/home/sandro/workspace/sandro/MLCQCodeSmellSamples/scripts/../dataset/commons-configuration_34357e075d63c3634310878636f9498847badcab/src/test/java/org/apache/commons/configuration2/builder/combined/TestCombinedConfigurationBuilder.java,org.apache.commons.configuration2.builder.combined.TestCombinedConfigurationBuilder,testCombinedConfigurationNoAdditional/0,TEST_FILE,1
/home/sandro/workspace/sandro/MLCQCodeSmellSamples/scripts/../dataset/commons-configuration_34357e075d63c3634310878636f9498847badcab/src/test/java/org/apache/commons/configuration2/builder/combined/TestCombinedConfigurationBuilder.java,org.apache.commons.configuration2.builder.combined.TestCombinedConfigurationBuilder,testCombinedConfigurationNoAdditional/0,builder,2
/home/sandro/workspace/sandro/MLCQCodeSmellSamples/scripts/../dataset/commons-configuration_34357e075d63c3634310878636f9498847badcab/src/test/java/org/apache/commons/configuration2/builder/combined/TestCombinedConfigurationBuilder.java,org.apache.commons.configuration2.builder.combined.TestCombinedConfigurationBuilder,testConfigureEntityResolverWithProperties/0,builder,1
/home/sandro/workspace/sandro/MLCQCodeSmellSamples/scripts/../dataset/commons-configuration_34357e075d63c3634310878636f9498847badcab/src/test/java/org/apache/commons/configuration2/builder/combined/TestCombinedConfigurationBuilder.java,org.apache.commons.configuration2.builder.combined.TestCombinedConfigurationBuilder,testBuilderNamesBeforeConfigurationAccess/0,TEST_FILE,1
/home/sandro/workspace/sandro/MLCQCodeSmellSamples/scripts/../dataset/commons-configuration_34357e075d63c3634310878636f9498847badcab/src/test/java/org/apache/commons/configuration2/builder/combined/TestCombinedConfigurationBuilder.java,org.apache.commons.configuration2.builder.combined.TestCombinedConfigurationBuilder,testBuilderNamesBeforeConfigurationAccess/0,builder,3
/home/sandro/workspace/sandro/MLCQCodeSmellSamples/scripts/../dataset/commons-configuration_34357e075d63c3634310878636f9498847badcab/src/test/java/org/apache/commons/configuration2/tree/TestNodeTreeWalker.java,org.apache.commons.configuration2.tree.TestNodeTreeWalker$TestVisitor,getVisitedNodes/0,visitedNodes,1
/home/sandro/workspace/sandro/MLCQCodeSmellSamples/scripts/../dataset/commons-configuration_34357e075d63c3634310878636f9498847badcab/src/test/java/org/apache/commons/configuration2/tree/TestNodeTreeWalker.java,org.apache.commons.configuration2.tree.TestNodeTreeWalker$TestVisitor,"visitAfterChildren/2[org.apache.commons.configuration2.tree.ImmutableNode,org.apache.commons.configuration2.tree.NodeHandler<org.apache.commons.configuration2.tree.ImmutableNode>]",visitedNodes,1
/home/sandro/workspace/sandro/MLCQCodeSmellSamples/scripts/../dataset/commons-configuration_34357e075d63c3634310878636f9498847badcab/src/test/java/org/apache/commons/configuration2/tree/TestNodeTreeWalker.java,org.apache.commons.configuration2.tree.TestNodeTreeWalker$TestVisitor,getMaxNodeCount/0,maxNodeCount,1
/home/sandro/workspace/sandro/MLCQCodeSmellSamples/scripts/../dataset/commons-configuration_34357e075d63c3634310878636f9498847badcab/src/test/java/org/apache/commons/configuration2/tree/TestNodeTreeWalker.java,org.apache.commons.configuration2.tree.TestNodeTreeWalker$TestVisitor,terminate/0,visitedNodes,1
/home/sandro/workspace/sandro/MLCQCodeSmellSamples/scripts/../dataset/commons-configuration_34357e075d63c3634310878636f9498847badcab/src/test/java/org/apache/commons/configuration2/tree/TestNodeTreeWalker.java,org.apache.commons.configuration2.tree.TestNodeTreeWalker$TestVisitor,setMaxNodeCount/1[int],maxNodeCount,4
/home/sandro/workspace/sandro/MLCQCodeSmellSamples/scripts/../dataset/commons-configuration_34357e075d63c3634310878636f9498847badcab/src/test/java/org/apache/commons/configuration2/tree/TestNodeTreeWalker.java,org.apache.commons.configuration2.tree.TestNodeTreeWalker$TestVisitor,"visitBeforeChildren/2[org.apache.commons.configuration2.tree.ImmutableNode,org.apache.commons.configuration2.tree.NodeHandler<org.apache.commons.configuration2.tree.ImmutableNode>]",visitedNodes,1
/home/sandro/workspace/sandro/MLCQCodeSmellSamples/scripts/../dataset/commons-configuration_34357e075d63c3634310878636f9498847badcab/src/test/java/org/apache/commons/configuration2/web/TestServletFilterConfiguration.java,org.apache.commons.configuration2.web.TestServletFilterConfiguration$MockFilterConfig,getInitParameterNames/0,parameters,1
/home/sandro/workspace/sandro/MLCQCodeSmellSamples/scripts/../dataset/commons-configuration_34357e075d63c3634310878636f9498847badcab/src/test/java/org/apache/commons/configuration2/web/TestServletFilterConfiguration.java,org.apache.commons.configuration2.web.TestServletFilterConfiguration$MockFilterConfig,getInitParameter/1[java.lang.String],parameters,1
/home/sandro/workspace/sandro/MLCQCodeSmellSamples/scripts/../dataset/commons-configuration_34357e075d63c3634310878636f9498847badcab/src/test/java/org/apache/commons/configuration2/web/TestServletFilterConfiguration.java,org.apache.commons.configuration2.web.TestServletFilterConfiguration$MockFilterConfig,"setInitParameter/2[java.lang.String,java.lang.String]",parameters,1
/home/sandro/workspace/sandro/MLCQCodeSmellSamples/scripts/../dataset/commons-configuration_34357e075d63c3634310878636f9498847badcab/src/test/java/org/apache/commons/configuration2/builder/combined/TestReloadingCombinedConfigurationBuilder.java,org.apache.commons.configuration2.builder.combined.TestReloadingCombinedConfigurationBuilder,testReloadableDefinitionBuilder/0,builder,5
/home/sandro/workspace/sandro/MLCQCodeSmellSamples/scripts/../dataset/commons-configuration_34357e075d63c3634310878636f9498847badcab/src/test/java/org/apache/commons/configuration2/builder/combined/TestReloadingCombinedConfigurationBuilder.java,org.apache.commons.configuration2.builder.combined.TestReloadingCombinedConfigurationBuilder,setUp/0,builder,1
/home/sandro/workspace/sandro/MLCQCodeSmellSamples/scripts/../dataset/commons-configuration_34357e075d63c3634310878636f9498847badcab/src/test/java/org/apache/commons/configuration2/builder/combined/TestReloadingCombinedConfigurationBuilder.java,org.apache.commons.configuration2.builder.combined.TestReloadingCombinedConfigurationBuilder,testNestedReloadableSources/0,builder,4
/home/sandro/workspace/sandro/MLCQCodeSmellSamples/scripts/../dataset/commons-configuration_34357e075d63c3634310878636f9498847badcab/src/test/java/org/apache/commons/configuration2/builder/combined/TestReloadingCombinedConfigurationBuilder.java,org.apache.commons.configuration2.builder.combined.TestReloadingCombinedConfigurationBuilder,testNoReloadableSources/0,builder,3
/home/sandro/workspace/sandro/MLCQCodeSmellSamples/scripts/../dataset/commons-configuration_34357e075d63c3634310878636f9498847badcab/src/test/java/org/apache/commons/configuration2/builder/combined/TestReloadingCombinedConfigurationBuilder.java,org.apache.commons.configuration2.builder.combined.TestReloadingCombinedConfigurationBuilder,testInitWithParameters/0,builder,2
/home/sandro/workspace/sandro/MLCQCodeSmellSamples/scripts/../dataset/commons-configuration_34357e075d63c3634310878636f9498847badcab/src/test/java/org/apache/commons/configuration2/builder/combined/TestReloadingCombinedConfigurationBuilder.java,org.apache.commons.configuration2.builder.combined.TestReloadingCombinedConfigurationBuilder,testInitWithFailOnInitFlag/0,builder,2
/home/sandro/workspace/sandro/MLCQCodeSmellSamples/scripts/../dataset/commons-configuration_34357e075d63c3634310878636f9498847badcab/src/main/java/org/apache/commons/configuration2/beanutils/ConfigurationDynaBean.java,org.apache.commons.configuration2.beanutils.ConfigurationDynaBean,ConfigurationDynaBean/1[org.apache.commons.configuration2.Configuration],LOG,2
/home/sandro/workspace/sandro/MLCQCodeSmellSamples/scripts/../dataset/commons-configuration_34357e075d63c3634310878636f9498847badcab/src/main/java/org/apache/commons/configuration2/beanutils/ConfigurationDynaBean.java,org.apache.commons.configuration2.beanutils.ConfigurationDynaBean,get/1[java.lang.String],LOG,4
/home/sandro/workspace/sandro/MLCQCodeSmellSamples/scripts/../dataset/commons-configuration_34357e075d63c3634310878636f9498847badcab/src/main/java/org/apache/commons/configuration2/beanutils/ConfigurationDynaBean.java,org.apache.commons.configuration2.beanutils.ConfigurationDynaBean,get/1[java.lang.String],PROPERTY_DELIMITER,1
/home/sandro/workspace/sandro/MLCQCodeSmellSamples/scripts/../dataset/commons-configuration_34357e075d63c3634310878636f9498847badcab/src/main/java/org/apache/commons/configuration2/beanutils/ConfigurationDynaBean.java,org.apache.commons.configuration2.beanutils.ConfigurationDynaBean,"set/2[java.lang.String,java.lang.Object]",LOG,2
/home/sandro/workspace/sandro/MLCQCodeSmellSamples/scripts/../dataset/commons-configuration_34357e075d63c3634310878636f9498847badcab/src/main/java/org/apache/commons/configuration2/beanutils/ConfigurationDynaBean.java,org.apache.commons.configuration2.beanutils.ConfigurationDynaBean,"remove/2[java.lang.String,java.lang.String]",PROPERTY_DELIMITER,1
/home/sandro/workspace/sandro/MLCQCodeSmellSamples/scripts/../dataset/commons-configuration_34357e075d63c3634310878636f9498847badcab/src/main/java/org/apache/commons/configuration2/tree/xpath/ConfigurationNodePointerFactory.java,org.apache.commons.configuration2.tree.xpath.ConfigurationNodePointerFactory,getOrder/0,CONFIGURATION_NODE_POINTER_FACTORY_ORDER,1
/home/sandro/workspace/sandro/MLCQCodeSmellSamples/scripts/../dataset/commons-configuration_34357e075d63c3634310878636f9498847badcab/src/main/java/org/apache/commons/configuration2/tree/xpath/ConfigurationNodePointerFactory.java,org.apache.commons.configuration2.tree.xpath.ConfigurationNodePointerFactory$NodeWrapper,getNodeHandler/0,nodeHandler,1
/home/sandro/workspace/sandro/MLCQCodeSmellSamples/scripts/../dataset/commons-configuration_34357e075d63c3634310878636f9498847badcab/src/main/java/org/apache/commons/configuration2/tree/xpath/ConfigurationNodePointerFactory.java,org.apache.commons.configuration2.tree.xpath.ConfigurationNodePointerFactory$NodeWrapper,getNode/0,node,1
/home/sandro/workspace/sandro/MLCQCodeSmellSamples/scripts/../dataset/commons-configuration_34357e075d63c3634310878636f9498847badcab/src/main/java/org/apache/commons/configuration2/tree/xpath/ConfigurationNodePointerFactory.java,org.apache.commons.configuration2.tree.xpath.ConfigurationNodePointerFactory$NodeWrapper,"NodeWrapper/2[T,org.apache.commons.configuration2.tree.NodeHandler<T>]",node,1
/home/sandro/workspace/sandro/MLCQCodeSmellSamples/scripts/../dataset/commons-configuration_34357e075d63c3634310878636f9498847badcab/src/main/java/org/apache/commons/configuration2/tree/xpath/ConfigurationNodePointerFactory.java,org.apache.commons.configuration2.tree.xpath.ConfigurationNodePointerFactory$NodeWrapper,"NodeWrapper/2[T,org.apache.commons.configuration2.tree.NodeHandler<T>]",nodeHandler,1
/home/sandro/workspace/sandro/MLCQCodeSmellSamples/scripts/../dataset/commons-configuration_34357e075d63c3634310878636f9498847badcab/src/main/java/org/apache/commons/configuration2/SubnodeConfiguration.java,org.apache.commons.configuration2.SubnodeConfiguration,getParent/0,parent,1
/home/sandro/workspace/sandro/MLCQCodeSmellSamples/scripts/../dataset/commons-configuration_34357e075d63c3634310878636f9498847badcab/src/main/java/org/apache/commons/configuration2/SubnodeConfiguration.java,org.apache.commons.configuration2.SubnodeConfiguration,getRootSelector/0,rootSelector,1
/home/sandro/workspace/sandro/MLCQCodeSmellSamples/scripts/../dataset/commons-configuration_34357e075d63c3634310878636f9498847badcab/src/main/java/org/apache/commons/configuration2/SubnodeConfiguration.java,org.apache.commons.configuration2.SubnodeConfiguration,"SubnodeConfiguration/2[org.apache.commons.configuration2.BaseHierarchicalConfiguration,org.apache.commons.configuration2.tree.TrackedNodeModel]",parent,5
/home/sandro/workspace/sandro/MLCQCodeSmellSamples/scripts/../dataset/commons-configuration_34357e075d63c3634310878636f9498847badcab/src/main/java/org/apache/commons/configuration2/SubnodeConfiguration.java,org.apache.commons.configuration2.SubnodeConfiguration,"SubnodeConfiguration/2[org.apache.commons.configuration2.BaseHierarchicalConfiguration,org.apache.commons.configuration2.tree.TrackedNodeModel]",rootSelector,1
/home/sandro/workspace/sandro/MLCQCodeSmellSamples/scripts/../dataset/commons-configuration_34357e075d63c3634310878636f9498847badcab/src/main/java/org/apache/commons/configuration2/reloading/FileHandlerReloadingDetector.java,org.apache.commons.configuration2.reloading.FileHandlerReloadingDetector,getRefreshDelay/0,refreshDelay,1
/home/sandro/workspace/sandro/MLCQCodeSmellSamples/scripts/../dataset/commons-configuration_34357e075d63c3634310878636f9498847badcab/src/main/java/org/apache/commons/configuration2/reloading/FileHandlerReloadingDetector.java,org.apache.commons.configuration2.reloading.FileHandlerReloadingDetector,updateLastModified/1[long],lastModified,1
/home/sandro/workspace/sandro/MLCQCodeSmellSamples/scripts/../dataset/commons-configuration_34357e075d63c3634310878636f9498847badcab/src/main/java/org/apache/commons/configuration2/reloading/FileHandlerReloadingDetector.java,org.apache.commons.configuration2.reloading.FileHandlerReloadingDetector,getLastModificationDate/0,lastModified,1
/home/sandro/workspace/sandro/MLCQCodeSmellSamples/scripts/../dataset/commons-configuration_34357e075d63c3634310878636f9498847badcab/src/main/java/org/apache/commons/configuration2/reloading/FileHandlerReloadingDetector.java,org.apache.commons.configuration2.reloading.FileHandlerReloadingDetector,isReloadingRequired/0,lastModified,2
/home/sandro/workspace/sandro/MLCQCodeSmellSamples/scripts/../dataset/commons-configuration_34357e075d63c3634310878636f9498847badcab/src/main/java/org/apache/commons/configuration2/reloading/FileHandlerReloadingDetector.java,org.apache.commons.configuration2.reloading.FileHandlerReloadingDetector,isReloadingRequired/0,lastChecked,2
/home/sandro/workspace/sandro/MLCQCodeSmellSamples/scripts/../dataset/commons-configuration_34357e075d63c3634310878636f9498847badcab/src/main/java/org/apache/commons/configuration2/reloading/FileHandlerReloadingDetector.java,org.apache.commons.configuration2.reloading.FileHandlerReloadingDetector,FileHandlerReloadingDetector/1[org.apache.commons.configuration2.io.FileHandler],DEFAULT_REFRESH_DELAY,1
/home/sandro/workspace/sandro/MLCQCodeSmellSamples/scripts/../dataset/commons-configuration_34357e075d63c3634310878636f9498847badcab/src/main/java/org/apache/commons/configuration2/reloading/FileHandlerReloadingDetector.java,org.apache.commons.configuration2.reloading.FileHandlerReloadingDetector,getFileHandler/0,fileHandler,1
/home/sandro/workspace/sandro/MLCQCodeSmellSamples/scripts/../dataset/commons-configuration_34357e075d63c3634310878636f9498847badcab/src/main/java/org/apache/commons/configuration2/reloading/FileHandlerReloadingDetector.java,org.apache.commons.configuration2.reloading.FileHandlerReloadingDetector,fileFromURL/1[java.net.URL],JAR_PROTOCOL,1
/home/sandro/workspace/sandro/MLCQCodeSmellSamples/scripts/../dataset/commons-configuration_34357e075d63c3634310878636f9498847badcab/src/main/java/org/apache/commons/configuration2/reloading/FileHandlerReloadingDetector.java,org.apache.commons.configuration2.reloading.FileHandlerReloadingDetector,"FileHandlerReloadingDetector/2[org.apache.commons.configuration2.io.FileHandler,long]",refreshDelay,4
/home/sandro/workspace/sandro/MLCQCodeSmellSamples/scripts/../dataset/commons-configuration_34357e075d63c3634310878636f9498847badcab/src/main/java/org/apache/commons/configuration2/reloading/FileHandlerReloadingDetector.java,org.apache.commons.configuration2.reloading.FileHandlerReloadingDetector,"FileHandlerReloadingDetector/2[org.apache.commons.configuration2.io.FileHandler,long]",fileHandler,1
/home/sandro/workspace/sandro/MLCQCodeSmellSamples/scripts/../dataset/commons-configuration_34357e075d63c3634310878636f9498847badcab/src/test/java/org/apache/commons/configuration2/tree/TestDefaultConfigurationKey.java,org.apache.commons.configuration2.tree.TestDefaultConfigurationKey,testConstructAttributeKeyWithoutEndMarkers/0,expressionEngine,3
/home/sandro/workspace/sandro/MLCQCodeSmellSamples/scripts/../dataset/commons-configuration_34357e075d63c3634310878636f9498847badcab/src/test/java/org/apache/commons/configuration2/tree/TestDefaultConfigurationKey.java,org.apache.commons.configuration2.tree.TestDefaultConfigurationKey,testConstructAttributeKeyWithoutEndMarkers/0,key,3
/home/sandro/workspace/sandro/MLCQCodeSmellSamples/scripts/../dataset/commons-configuration_34357e075d63c3634310878636f9498847badcab/src/test/java/org/apache/commons/configuration2/tree/TestDefaultConfigurationKey.java,org.apache.commons.configuration2.tree.TestDefaultConfigurationKey,symbols/0,expressionEngine,1
/home/sandro/workspace/sandro/MLCQCodeSmellSamples/scripts/../dataset/commons-configuration_34357e075d63c3634310878636f9498847badcab/src/test/java/org/apache/commons/configuration2/tree/TestDefaultConfigurationKey.java,org.apache.commons.configuration2.tree.TestDefaultConfigurationKey,testEquals/0,key,2
/home/sandro/workspace/sandro/MLCQCodeSmellSamples/scripts/../dataset/commons-configuration_34357e075d63c3634310878636f9498847badcab/src/test/java/org/apache/commons/configuration2/tree/TestDefaultConfigurationKey.java,org.apache.commons.configuration2.tree.TestDefaultConfigurationKey,testEquals/0,TESTKEY,3
/home/sandro/workspace/sandro/MLCQCodeSmellSamples/scripts/../dataset/commons-configuration_34357e075d63c3634310878636f9498847badcab/src/test/java/org/apache/commons/configuration2/tree/TestDefaultConfigurationKey.java,org.apache.commons.configuration2.tree.TestDefaultConfigurationKey,testLength/0,TESTPROPS,5
/home/sandro/workspace/sandro/MLCQCodeSmellSamples/scripts/../dataset/commons-configuration_34357e075d63c3634310878636f9498847badcab/src/test/java/org/apache/commons/configuration2/tree/TestDefaultConfigurationKey.java,org.apache.commons.configuration2.tree.TestDefaultConfigurationKey,testLength/0,key,7
/home/sandro/workspace/sandro/MLCQCodeSmellSamples/scripts/../dataset/commons-configuration_34357e075d63c3634310878636f9498847badcab/src/test/java/org/apache/commons/configuration2/tree/TestDefaultConfigurationKey.java,org.apache.commons.configuration2.tree.TestDefaultConfigurationKey,testLength/0,TESTKEY,1
/home/sandro/workspace/sandro/MLCQCodeSmellSamples/scripts/../dataset/commons-configuration_34357e075d63c3634310878636f9498847badcab/src/test/java/org/apache/commons/configuration2/tree/TestDefaultConfigurationKey.java,org.apache.commons.configuration2.tree.TestDefaultConfigurationKey,testAppendDelimitersWithoutEscaping/0,expressionEngine,2
/home/sandro/workspace/sandro/MLCQCodeSmellSamples/scripts/../dataset/commons-configuration_34357e075d63c3634310878636f9498847badcab/src/test/java/org/apache/commons/configuration2/tree/TestDefaultConfigurationKey.java,org.apache.commons.configuration2.tree.TestDefaultConfigurationKey,testAppendDelimitersWithoutEscaping/0,key,4
/home/sandro/workspace/sandro/MLCQCodeSmellSamples/scripts/../dataset/commons-configuration_34357e075d63c3634310878636f9498847badcab/src/test/java/org/apache/commons/configuration2/tree/TestDefaultConfigurationKey.java,org.apache.commons.configuration2.tree.TestDefaultConfigurationKey,testIterateAttributeEqualsPropertyDelimiter/0,expressionEngine,2
/home/sandro/workspace/sandro/MLCQCodeSmellSamples/scripts/../dataset/commons-configuration_34357e075d63c3634310878636f9498847badcab/src/test/java/org/apache/commons/configuration2/tree/TestDefaultConfigurationKey.java,org.apache.commons.configuration2.tree.TestDefaultConfigurationKey,testIterateAttributeEqualsPropertyDelimiter/0,key,3
/home/sandro/workspace/sandro/MLCQCodeSmellSamples/scripts/../dataset/commons-configuration_34357e075d63c3634310878636f9498847badcab/src/test/java/org/apache/commons/configuration2/tree/TestDefaultConfigurationKey.java,org.apache.commons.configuration2.tree.TestDefaultConfigurationKey,testConstructAttributeKey/0,TESTATTR,3
/home/sandro/workspace/sandro/MLCQCodeSmellSamples/scripts/../dataset/commons-configuration_34357e075d63c3634310878636f9498847badcab/src/test/java/org/apache/commons/configuration2/tree/TestDefaultConfigurationKey.java,org.apache.commons.configuration2.tree.TestDefaultConfigurationKey,testConstructAttributeKey/0,key,3
/home/sandro/workspace/sandro/MLCQCodeSmellSamples/scripts/../dataset/commons-configuration_34357e075d63c3634310878636f9498847badcab/src/test/java/org/apache/commons/configuration2/tree/TestDefaultConfigurationKey.java,org.apache.commons.configuration2.tree.TestDefaultConfigurationKey,testAppendComplexKey/0,key,4
/home/sandro/workspace/sandro/MLCQCodeSmellSamples/scripts/../dataset/commons-configuration_34357e075d63c3634310878636f9498847badcab/src/test/java/org/apache/commons/configuration2/tree/TestDefaultConfigurationKey.java,org.apache.commons.configuration2.tree.TestDefaultConfigurationKey,testAppendComplexKey/0,TESTKEY,1
/home/sandro/workspace/sandro/MLCQCodeSmellSamples/scripts/../dataset/commons-configuration_34357e075d63c3634310878636f9498847badcab/src/test/java/org/apache/commons/configuration2/tree/TestDefaultConfigurationKey.java,org.apache.commons.configuration2.tree.TestDefaultConfigurationKey,testCommonKeyNull/0,key,1
/home/sandro/workspace/sandro/MLCQCodeSmellSamples/scripts/../dataset/commons-configuration_34357e075d63c3634310878636f9498847badcab/src/test/java/org/apache/commons/configuration2/tree/TestDefaultConfigurationKey.java,org.apache.commons.configuration2.tree.TestDefaultConfigurationKey,testAttributeKeyWithIndex/0,TESTATTR,3
/home/sandro/workspace/sandro/MLCQCodeSmellSamples/scripts/../dataset/commons-configuration_34357e075d63c3634310878636f9498847badcab/src/test/java/org/apache/commons/configuration2/tree/TestDefaultConfigurationKey.java,org.apache.commons.configuration2.tree.TestDefaultConfigurationKey,testAttributeKeyWithIndex/0,key,4
/home/sandro/workspace/sandro/MLCQCodeSmellSamples/scripts/../dataset/commons-configuration_34357e075d63c3634310878636f9498847badcab/src/test/java/org/apache/commons/configuration2/tree/TestDefaultConfigurationKey.java,org.apache.commons.configuration2.tree.TestDefaultConfigurationKey,testIsAttributeKey/0,TESTPROPS,1
/home/sandro/workspace/sandro/MLCQCodeSmellSamples/scripts/../dataset/commons-configuration_34357e075d63c3634310878636f9498847badcab/src/test/java/org/apache/commons/configuration2/tree/TestDefaultConfigurationKey.java,org.apache.commons.configuration2.tree.TestDefaultConfigurationKey,testIsAttributeKey/0,TESTATTR,1
/home/sandro/workspace/sandro/MLCQCodeSmellSamples/scripts/../dataset/commons-configuration_34357e075d63c3634310878636f9498847badcab/src/test/java/org/apache/commons/configuration2/tree/TestDefaultConfigurationKey.java,org.apache.commons.configuration2.tree.TestDefaultConfigurationKey,testIsAttributeKey/0,key,3
/home/sandro/workspace/sandro/MLCQCodeSmellSamples/scripts/../dataset/commons-configuration_34357e075d63c3634310878636f9498847badcab/src/test/java/org/apache/commons/configuration2/tree/TestDefaultConfigurationKey.java,org.apache.commons.configuration2.tree.TestDefaultConfigurationKey,testAppendNullAttributeKey/0,key,2
/home/sandro/workspace/sandro/MLCQCodeSmellSamples/scripts/../dataset/commons-configuration_34357e075d63c3634310878636f9498847badcab/src/test/java/org/apache/commons/configuration2/tree/TestDefaultConfigurationKey.java,org.apache.commons.configuration2.tree.TestDefaultConfigurationKey,testTrimLeft/0,key,2
/home/sandro/workspace/sandro/MLCQCodeSmellSamples/scripts/../dataset/commons-configuration_34357e075d63c3634310878636f9498847badcab/src/test/java/org/apache/commons/configuration2/tree/TestDefaultConfigurationKey.java,org.apache.commons.configuration2.tree.TestDefaultConfigurationKey,testAppendAttribute/0,TESTATTR,1
/home/sandro/workspace/sandro/MLCQCodeSmellSamples/scripts/../dataset/commons-configuration_34357e075d63c3634310878636f9498847badcab/src/test/java/org/apache/commons/configuration2/tree/TestDefaultConfigurationKey.java,org.apache.commons.configuration2.tree.TestDefaultConfigurationKey,testAppendAttribute/0,key,2
/home/sandro/workspace/sandro/MLCQCodeSmellSamples/scripts/../dataset/commons-configuration_34357e075d63c3634310878636f9498847badcab/src/test/java/org/apache/commons/configuration2/tree/TestDefaultConfigurationKey.java,org.apache.commons.configuration2.tree.TestDefaultConfigurationKey,testAppendDecoratedAttributeKey/0,TESTATTR,2
/home/sandro/workspace/sandro/MLCQCodeSmellSamples/scripts/../dataset/commons-configuration_34357e075d63c3634310878636f9498847badcab/src/test/java/org/apache/commons/configuration2/tree/TestDefaultConfigurationKey.java,org.apache.commons.configuration2.tree.TestDefaultConfigurationKey,testAppendDecoratedAttributeKey/0,key,2
/home/sandro/workspace/sandro/MLCQCodeSmellSamples/scripts/../dataset/commons-configuration_34357e075d63c3634310878636f9498847badcab/src/test/java/org/apache/commons/configuration2/tree/TestDefaultConfigurationKey.java,org.apache.commons.configuration2.tree.TestDefaultConfigurationKey,testIterateWithRemove/0,key,3
/home/sandro/workspace/sandro/MLCQCodeSmellSamples/scripts/../dataset/commons-configuration_34357e075d63c3634310878636f9498847badcab/src/test/java/org/apache/commons/configuration2/tree/TestDefaultConfigurationKey.java,org.apache.commons.configuration2.tree.TestDefaultConfigurationKey,testIterateWithoutEscapeDelimiter/0,expressionEngine,2
/home/sandro/workspace/sandro/MLCQCodeSmellSamples/scripts/../dataset/commons-configuration_34357e075d63c3634310878636f9498847badcab/src/test/java/org/apache/commons/configuration2/tree/TestDefaultConfigurationKey.java,org.apache.commons.configuration2.tree.TestDefaultConfigurationKey,testIterateWithoutEscapeDelimiter/0,key,4
/home/sandro/workspace/sandro/MLCQCodeSmellSamples/scripts/../dataset/commons-configuration_34357e075d63c3634310878636f9498847badcab/src/test/java/org/apache/commons/configuration2/tree/TestDefaultConfigurationKey.java,org.apache.commons.configuration2.tree.TestDefaultConfigurationKey,testIterateStrangeKeys/0,expressionEngine,3
/home/sandro/workspace/sandro/MLCQCodeSmellSamples/scripts/../dataset/commons-configuration_34357e075d63c3634310878636f9498847badcab/src/test/java/org/apache/commons/configuration2/tree/TestDefaultConfigurationKey.java,org.apache.commons.configuration2.tree.TestDefaultConfigurationKey,testIterateStrangeKeys/0,key,6
/home/sandro/workspace/sandro/MLCQCodeSmellSamples/scripts/../dataset/commons-configuration_34357e075d63c3634310878636f9498847badcab/src/test/java/org/apache/commons/configuration2/tree/TestDefaultConfigurationKey.java,org.apache.commons.configuration2.tree.TestDefaultConfigurationKey,testAppendWithEscapeFlag/0,key,3
/home/sandro/workspace/sandro/MLCQCodeSmellSamples/scripts/../dataset/commons-configuration_34357e075d63c3634310878636f9498847badcab/src/test/java/org/apache/commons/configuration2/tree/TestDefaultConfigurationKey.java,org.apache.commons.configuration2.tree.TestDefaultConfigurationKey,testTrimRight/0,key,2
/home/sandro/workspace/sandro/MLCQCodeSmellSamples/scripts/../dataset/commons-configuration_34357e075d63c3634310878636f9498847badcab/src/test/java/org/apache/commons/configuration2/tree/TestDefaultConfigurationKey.java,org.apache.commons.configuration2.tree.TestDefaultConfigurationKey,testTrim/0,key,3
/home/sandro/workspace/sandro/MLCQCodeSmellSamples/scripts/../dataset/commons-configuration_34357e075d63c3634310878636f9498847badcab/src/test/java/org/apache/commons/configuration2/tree/TestDefaultConfigurationKey.java,org.apache.commons.configuration2.tree.TestDefaultConfigurationKey,testIterate/0,key,2
/home/sandro/workspace/sandro/MLCQCodeSmellSamples/scripts/../dataset/commons-configuration_34357e075d63c3634310878636f9498847badcab/src/test/java/org/apache/commons/configuration2/tree/TestDefaultConfigurationKey.java,org.apache.commons.configuration2.tree.TestDefaultConfigurationKey,testIterate/0,TESTKEY,1
/home/sandro/workspace/sandro/MLCQCodeSmellSamples/scripts/../dataset/commons-configuration_34357e075d63c3634310878636f9498847badcab/src/test/java/org/apache/commons/configuration2/tree/TestDefaultConfigurationKey.java,org.apache.commons.configuration2.tree.TestDefaultConfigurationKey,setUp/0,expressionEngine,2
/home/sandro/workspace/sandro/MLCQCodeSmellSamples/scripts/../dataset/commons-configuration_34357e075d63c3634310878636f9498847badcab/src/test/java/org/apache/commons/configuration2/tree/TestDefaultConfigurationKey.java,org.apache.commons.configuration2.tree.TestDefaultConfigurationKey,setUp/0,key,1
/home/sandro/workspace/sandro/MLCQCodeSmellSamples/scripts/../dataset/commons-configuration_34357e075d63c3634310878636f9498847badcab/src/test/java/org/apache/commons/configuration2/tree/TestDefaultConfigurationKey.java,org.apache.commons.configuration2.tree.TestDefaultConfigurationKey,testAttributeName/0,TESTATTR,1
/home/sandro/workspace/sandro/MLCQCodeSmellSamples/scripts/../dataset/commons-configuration_34357e075d63c3634310878636f9498847badcab/src/test/java/org/apache/commons/configuration2/tree/TestDefaultConfigurationKey.java,org.apache.commons.configuration2.tree.TestDefaultConfigurationKey,testAttributeName/0,key,3
/home/sandro/workspace/sandro/MLCQCodeSmellSamples/scripts/../dataset/commons-configuration_34357e075d63c3634310878636f9498847badcab/src/test/java/org/apache/commons/configuration2/tree/TestDefaultConfigurationKey.java,org.apache.commons.configuration2.tree.TestDefaultConfigurationKey,testIterateAlternativeEscapeDelimiter/0,expressionEngine,2
/home/sandro/workspace/sandro/MLCQCodeSmellSamples/scripts/../dataset/commons-configuration_34357e075d63c3634310878636f9498847badcab/src/test/java/org/apache/commons/configuration2/tree/TestDefaultConfigurationKey.java,org.apache.commons.configuration2.tree.TestDefaultConfigurationKey,testIterateAlternativeEscapeDelimiter/0,key,6
/home/sandro/workspace/sandro/MLCQCodeSmellSamples/scripts/../dataset/commons-configuration_34357e075d63c3634310878636f9498847badcab/src/test/java/org/apache/commons/configuration2/tree/TestDefaultConfigurationKey.java,org.apache.commons.configuration2.tree.TestDefaultConfigurationKey,testIterateEscapedDelimiters/0,key,5
/home/sandro/workspace/sandro/MLCQCodeSmellSamples/scripts/../dataset/commons-configuration_34357e075d63c3634310878636f9498847badcab/src/test/java/org/apache/commons/configuration2/tree/TestDefaultConfigurationKey.java,org.apache.commons.configuration2.tree.TestDefaultConfigurationKey,testIterateWithBrackets/0,key,2
/home/sandro/workspace/sandro/MLCQCodeSmellSamples/scripts/../dataset/commons-configuration_34357e075d63c3634310878636f9498847badcab/src/test/java/org/apache/commons/configuration2/tree/TestDefaultConfigurationKey.java,org.apache.commons.configuration2.tree.TestDefaultConfigurationKey,testDifferenceKey/0,key,4
/home/sandro/workspace/sandro/MLCQCodeSmellSamples/scripts/../dataset/commons-configuration_34357e075d63c3634310878636f9498847badcab/src/test/java/org/apache/commons/configuration2/tree/TestDefaultConfigurationKey.java,org.apache.commons.configuration2.tree.TestDefaultConfigurationKey,testDifferenceKey/0,TESTKEY,1
/home/sandro/workspace/sandro/MLCQCodeSmellSamples/scripts/../dataset/commons-configuration_34357e075d63c3634310878636f9498847badcab/src/test/java/org/apache/commons/configuration2/tree/TestDefaultConfigurationKey.java,org.apache.commons.configuration2.tree.TestDefaultConfigurationKey,key/1[java.lang.String],expressionEngine,1
/home/sandro/workspace/sandro/MLCQCodeSmellSamples/scripts/../dataset/commons-configuration_34357e075d63c3634310878636f9498847badcab/src/test/java/org/apache/commons/configuration2/tree/TestDefaultConfigurationKey.java,org.apache.commons.configuration2.tree.TestDefaultConfigurationKey,key/1[java.lang.String],key,1
/home/sandro/workspace/sandro/MLCQCodeSmellSamples/scripts/../dataset/commons-configuration_34357e075d63c3634310878636f9498847badcab/src/test/java/org/apache/commons/configuration2/tree/TestDefaultConfigurationKey.java,org.apache.commons.configuration2.tree.TestDefaultConfigurationKey,testAppend/0,TESTATTR,1
/home/sandro/workspace/sandro/MLCQCodeSmellSamples/scripts/../dataset/commons-configuration_34357e075d63c3634310878636f9498847badcab/src/test/java/org/apache/commons/configuration2/tree/TestDefaultConfigurationKey.java,org.apache.commons.configuration2.tree.TestDefaultConfigurationKey,testAppend/0,key,4
/home/sandro/workspace/sandro/MLCQCodeSmellSamples/scripts/../dataset/commons-configuration_34357e075d63c3634310878636f9498847badcab/src/test/java/org/apache/commons/configuration2/tree/TestDefaultConfigurationKey.java,org.apache.commons.configuration2.tree.TestDefaultConfigurationKey,testAppend/0,TESTKEY,1
/home/sandro/workspace/sandro/MLCQCodeSmellSamples/scripts/../dataset/commons-configuration_34357e075d63c3634310878636f9498847badcab/src/test/java/org/apache/commons/configuration2/tree/TestDefaultConfigurationKey.java,org.apache.commons.configuration2.tree.TestDefaultConfigurationKey,testAppendDelimiters/0,key,3
/home/sandro/workspace/sandro/MLCQCodeSmellSamples/scripts/../dataset/commons-configuration_34357e075d63c3634310878636f9498847badcab/src/test/java/org/apache/commons/configuration2/tree/TestDefaultConfigurationKey.java,org.apache.commons.configuration2.tree.TestDefaultConfigurationKey,testIsAttributeKeyWithoutEndMarkers/0,TESTATTR,1
/home/sandro/workspace/sandro/MLCQCodeSmellSamples/scripts/../dataset/commons-configuration_34357e075d63c3634310878636f9498847badcab/src/test/java/org/apache/commons/configuration2/tree/TestDefaultConfigurationKey.java,org.apache.commons.configuration2.tree.TestDefaultConfigurationKey,testIsAttributeKeyWithoutEndMarkers/0,expressionEngine,2
/home/sandro/workspace/sandro/MLCQCodeSmellSamples/scripts/../dataset/commons-configuration_34357e075d63c3634310878636f9498847badcab/src/test/java/org/apache/commons/configuration2/tree/TestDefaultConfigurationKey.java,org.apache.commons.configuration2.tree.TestDefaultConfigurationKey,testIsAttributeKeyWithoutEndMarkers/0,key,3
/home/sandro/workspace/sandro/MLCQCodeSmellSamples/scripts/../dataset/commons-configuration_34357e075d63c3634310878636f9498847badcab/src/test/java/org/apache/commons/configuration2/tree/TestDefaultConfigurationKey.java,org.apache.commons.configuration2.tree.TestDefaultConfigurationKey,testCommonKey/0,key,7
/home/sandro/workspace/sandro/MLCQCodeSmellSamples/scripts/../dataset/commons-configuration_34357e075d63c3634310878636f9498847badcab/src/test/java/org/apache/commons/configuration2/tree/TestDefaultConfigurationKey.java,org.apache.commons.configuration2.tree.TestDefaultConfigurationKey,testCommonKey/0,TESTKEY,1
/home/sandro/workspace/sandro/MLCQCodeSmellSamples/scripts/../dataset/commons-configuration_34357e075d63c3634310878636f9498847badcab/src/test/java/org/apache/commons/configuration2/tree/TestDefaultConfigurationKey.java,org.apache.commons.configuration2.tree.TestDefaultConfigurationKey,testDifferenceKeySame/0,key,1
/home/sandro/workspace/sandro/MLCQCodeSmellSamples/scripts/../dataset/commons-configuration_34357e075d63c3634310878636f9498847badcab/src/test/java/org/apache/commons/configuration2/tree/TestDefaultConfigurationKey.java,org.apache.commons.configuration2.tree.TestDefaultConfigurationKey,testDifferenceKeySame/0,TESTKEY,1
/home/sandro/workspace/sandro/MLCQCodeSmellSamples/scripts/../dataset/commons-configuration_34357e075d63c3634310878636f9498847badcab/src/test/java/org/apache/commons/configuration2/tree/TestDefaultConfigurationKey.java,org.apache.commons.configuration2.tree.TestDefaultConfigurationKey,testAppendIndex/0,key,2
/home/sandro/workspace/sandro/MLCQCodeSmellSamples/scripts/../dataset/commons-configuration_34357e075d63c3634310878636f9498847badcab/src/main/java/org/apache/commons/configuration2/PropertiesConfiguration.java,org.apache.commons.configuration2.PropertiesConfiguration$PropertiesReader,initPropertyName/1[java.lang.String],propertyName,1
/home/sandro/workspace/sandro/MLCQCodeSmellSamples/scripts/../dataset/commons-configuration_34357e075d63c3634310878636f9498847badcab/src/main/java/org/apache/commons/configuration2/PropertiesConfiguration.java,org.apache.commons.configuration2.PropertiesConfiguration$PropertiesReader,initPropertyValue/1[java.lang.String],propertyValue,1
/home/sandro/workspace/sandro/MLCQCodeSmellSamples/scripts/../dataset/commons-configuration_34357e075d63c3634310878636f9498847badcab/src/main/java/org/apache/commons/configuration2/PropertiesConfiguration.java,org.apache.commons.configuration2.PropertiesConfiguration$PropertiesReader,getPropertyValue/0,propertyValue,1
/home/sandro/workspace/sandro/MLCQCodeSmellSamples/scripts/../dataset/commons-configuration_34357e075d63c3634310878636f9498847badcab/src/main/java/org/apache/commons/configuration2/PropertiesConfiguration.java,org.apache.commons.configuration2.PropertiesConfiguration$PropertiesReader,getPropertySeparator/0,propertySeparator,1
/home/sandro/workspace/sandro/MLCQCodeSmellSamples/scripts/../dataset/commons-configuration_34357e075d63c3634310878636f9498847badcab/src/main/java/org/apache/commons/configuration2/PropertiesConfiguration.java,org.apache.commons.configuration2.PropertiesConfiguration$PropertiesReader,PropertiesReader/1[java.io.Reader],commentLines,1
/home/sandro/workspace/sandro/MLCQCodeSmellSamples/scripts/../dataset/commons-configuration_34357e075d63c3634310878636f9498847badcab/src/main/java/org/apache/commons/configuration2/PropertiesConfiguration.java,org.apache.commons.configuration2.PropertiesConfiguration$PropertiesReader,"doParseProperty/2[java.lang.String,boolean]",IDX_VALUE,1
/home/sandro/workspace/sandro/MLCQCodeSmellSamples/scripts/../dataset/commons-configuration_34357e075d63c3634310878636f9498847badcab/src/main/java/org/apache/commons/configuration2/PropertiesConfiguration.java,org.apache.commons.configuration2.PropertiesConfiguration$PropertiesReader,"doParseProperty/2[java.lang.String,boolean]",IDX_KEY,1
/home/sandro/workspace/sandro/MLCQCodeSmellSamples/scripts/../dataset/commons-configuration_34357e075d63c3634310878636f9498847badcab/src/main/java/org/apache/commons/configuration2/PropertiesConfiguration.java,org.apache.commons.configuration2.PropertiesConfiguration$PropertiesReader,"doParseProperty/2[java.lang.String,boolean]",PROPERTY_PATTERN,1
/home/sandro/workspace/sandro/MLCQCodeSmellSamples/scripts/../dataset/commons-configuration_34357e075d63c3634310878636f9498847badcab/src/main/java/org/apache/commons/configuration2/PropertiesConfiguration.java,org.apache.commons.configuration2.PropertiesConfiguration$PropertiesReader,"doParseProperty/2[java.lang.String,boolean]",IDX_SEPARATOR,1
/home/sandro/workspace/sandro/MLCQCodeSmellSamples/scripts/../dataset/commons-configuration_34357e075d63c3634310878636f9498847badcab/src/main/java/org/apache/commons/configuration2/PropertiesConfiguration.java,org.apache.commons.configuration2.PropertiesConfiguration$PropertiesReader,getPropertyName/0,propertyName,1
/home/sandro/workspace/sandro/MLCQCodeSmellSamples/scripts/../dataset/commons-configuration_34357e075d63c3634310878636f9498847badcab/src/main/java/org/apache/commons/configuration2/PropertiesConfiguration.java,org.apache.commons.configuration2.PropertiesConfiguration$PropertiesReader,readProperty/0,commentLines,2
/home/sandro/workspace/sandro/MLCQCodeSmellSamples/scripts/../dataset/commons-configuration_34357e075d63c3634310878636f9498847badcab/src/main/java/org/apache/commons/configuration2/PropertiesConfiguration.java,org.apache.commons.configuration2.PropertiesConfiguration$PropertiesReader,getCommentLines/0,commentLines,1
/home/sandro/workspace/sandro/MLCQCodeSmellSamples/scripts/../dataset/commons-configuration_34357e075d63c3634310878636f9498847badcab/src/main/java/org/apache/commons/configuration2/PropertiesConfiguration.java,org.apache.commons.configuration2.PropertiesConfiguration$PropertiesReader,initPropertySeparator/1[java.lang.String],propertySeparator,1
/home/sandro/workspace/sandro/MLCQCodeSmellSamples/scripts/../dataset/commons-configuration_34357e075d63c3634310878636f9498847badcab/src/main/java/org/apache/commons/configuration2/tree/NodeTracker.java,org.apache.commons.configuration2.tree.NodeTracker$TrackedNodeData,"TrackedNodeData/3[org.apache.commons.configuration2.tree.ImmutableNode,int,org.apache.commons.configuration2.tree.InMemoryNodeModel]",node,1
/home/sandro/workspace/sandro/MLCQCodeSmellSamples/scripts/../dataset/commons-configuration_34357e075d63c3634310878636f9498847badcab/src/main/java/org/apache/commons/configuration2/tree/NodeTracker.java,org.apache.commons.configuration2.tree.NodeTracker$TrackedNodeData,"TrackedNodeData/3[org.apache.commons.configuration2.tree.ImmutableNode,int,org.apache.commons.configuration2.tree.InMemoryNodeModel]",detachedModel,1
/home/sandro/workspace/sandro/MLCQCodeSmellSamples/scripts/../dataset/commons-configuration_34357e075d63c3634310878636f9498847badcab/src/main/java/org/apache/commons/configuration2/tree/NodeTracker.java,org.apache.commons.configuration2.tree.NodeTracker$TrackedNodeData,"TrackedNodeData/3[org.apache.commons.configuration2.tree.ImmutableNode,int,org.apache.commons.configuration2.tree.InMemoryNodeModel]",observerCount,1
/home/sandro/workspace/sandro/MLCQCodeSmellSamples/scripts/../dataset/commons-configuration_34357e075d63c3634310878636f9498847badcab/src/main/java/org/apache/commons/configuration2/tree/NodeTracker.java,org.apache.commons.configuration2.tree.NodeTracker$TrackedNodeData,updateNode/1[org.apache.commons.configuration2.tree.ImmutableNode],observerCount,1
/home/sandro/workspace/sandro/MLCQCodeSmellSamples/scripts/../dataset/commons-configuration_34357e075d63c3634310878636f9498847badcab/src/main/java/org/apache/commons/configuration2/tree/NodeTracker.java,org.apache.commons.configuration2.tree.NodeTracker$TrackedNodeData,observerRemoved/0,node,1
/home/sandro/workspace/sandro/MLCQCodeSmellSamples/scripts/../dataset/commons-configuration_34357e075d63c3634310878636f9498847badcab/src/main/java/org/apache/commons/configuration2/tree/NodeTracker.java,org.apache.commons.configuration2.tree.NodeTracker$TrackedNodeData,observerRemoved/0,observerCount,2
/home/sandro/workspace/sandro/MLCQCodeSmellSamples/scripts/../dataset/commons-configuration_34357e075d63c3634310878636f9498847badcab/src/main/java/org/apache/commons/configuration2/tree/NodeTracker.java,org.apache.commons.configuration2.tree.NodeTracker$TrackedNodeData,getNode/0,node,1
/home/sandro/workspace/sandro/MLCQCodeSmellSamples/scripts/../dataset/commons-configuration_34357e075d63c3634310878636f9498847badcab/src/main/java/org/apache/commons/configuration2/tree/NodeTracker.java,org.apache.commons.configuration2.tree.NodeTracker$TrackedNodeData,observerAdded/0,node,1
/home/sandro/workspace/sandro/MLCQCodeSmellSamples/scripts/../dataset/commons-configuration_34357e075d63c3634310878636f9498847badcab/src/main/java/org/apache/commons/configuration2/tree/NodeTracker.java,org.apache.commons.configuration2.tree.NodeTracker$TrackedNodeData,observerAdded/0,observerCount,1
/home/sandro/workspace/sandro/MLCQCodeSmellSamples/scripts/../dataset/commons-configuration_34357e075d63c3634310878636f9498847badcab/src/main/java/org/apache/commons/configuration2/tree/NodeTracker.java,org.apache.commons.configuration2.tree.NodeTracker$TrackedNodeData,getDetachedModel/0,detachedModel,1
/home/sandro/workspace/sandro/MLCQCodeSmellSamples/scripts/../dataset/commons-configuration_34357e075d63c3634310878636f9498847badcab/src/main/java/org/apache/commons/configuration2/tree/NodeTracker.java,org.apache.commons.configuration2.tree.NodeTracker$TrackedNodeData,detach/1[org.apache.commons.configuration2.tree.ImmutableNode],observerCount,1
/home/sandro/workspace/sandro/MLCQCodeSmellSamples/scripts/../dataset/commons-configuration_34357e075d63c3634310878636f9498847badcab/src/test/java/org/apache/commons/configuration2/interpol/TestConfigurationInterpolator.java,org.apache.commons.configuration2.interpol.TestConfigurationInterpolator,testResolveEmptyPrefix/0,interpolator,2
/home/sandro/workspace/sandro/MLCQCodeSmellSamples/scripts/../dataset/commons-configuration_34357e075d63c3634310878636f9498847badcab/src/test/java/org/apache/commons/configuration2/interpol/TestConfigurationInterpolator.java,org.apache.commons.configuration2.interpol.TestConfigurationInterpolator,testResolveEmptyPrefix/0,TEST_NAME,1
/home/sandro/workspace/sandro/MLCQCodeSmellSamples/scripts/../dataset/commons-configuration_34357e075d63c3634310878636f9498847badcab/src/test/java/org/apache/commons/configuration2/interpol/TestConfigurationInterpolator.java,org.apache.commons.configuration2.interpol.TestConfigurationInterpolator,testResolveEmptyPrefix/0,TEST_VALUE,1
/home/sandro/workspace/sandro/MLCQCodeSmellSamples/scripts/../dataset/commons-configuration_34357e075d63c3634310878636f9498847badcab/src/test/java/org/apache/commons/configuration2/interpol/TestConfigurationInterpolator.java,org.apache.commons.configuration2.interpol.TestConfigurationInterpolator,testGetLookupsModify/0,interpolator,2
/home/sandro/workspace/sandro/MLCQCodeSmellSamples/scripts/../dataset/commons-configuration_34357e075d63c3634310878636f9498847badcab/src/test/java/org/apache/commons/configuration2/interpol/TestConfigurationInterpolator.java,org.apache.commons.configuration2.interpol.TestConfigurationInterpolator,testGetLookupsModify/0,TEST_PREFIX,1
/home/sandro/workspace/sandro/MLCQCodeSmellSamples/scripts/../dataset/commons-configuration_34357e075d63c3634310878636f9498847badcab/src/test/java/org/apache/commons/configuration2/interpol/TestConfigurationInterpolator.java,org.apache.commons.configuration2.interpol.TestConfigurationInterpolator,testPrefixSetModify/0,interpolator,2
/home/sandro/workspace/sandro/MLCQCodeSmellSamples/scripts/../dataset/commons-configuration_34357e075d63c3634310878636f9498847badcab/src/test/java/org/apache/commons/configuration2/interpol/TestConfigurationInterpolator.java,org.apache.commons.configuration2.interpol.TestConfigurationInterpolator,testPrefixSetModify/0,TEST_PREFIX,1
/home/sandro/workspace/sandro/MLCQCodeSmellSamples/scripts/../dataset/commons-configuration_34357e075d63c3634310878636f9498847badcab/src/test/java/org/apache/commons/configuration2/interpol/TestConfigurationInterpolator.java,org.apache.commons.configuration2.interpol.TestConfigurationInterpolator,testGetDefaultLookupsModify/0,interpolator,2
/home/sandro/workspace/sandro/MLCQCodeSmellSamples/scripts/../dataset/commons-configuration_34357e075d63c3634310878636f9498847badcab/src/test/java/org/apache/commons/configuration2/interpol/TestConfigurationInterpolator.java,org.apache.commons.configuration2.interpol.TestConfigurationInterpolator,testRegisterLookupsNull/0,interpolator,2
/home/sandro/workspace/sandro/MLCQCodeSmellSamples/scripts/../dataset/commons-configuration_34357e075d63c3634310878636f9498847badcab/src/test/java/org/apache/commons/configuration2/interpol/TestConfigurationInterpolator.java,org.apache.commons.configuration2.interpol.TestConfigurationInterpolator,testInterpolateObject/0,interpolator,1
/home/sandro/workspace/sandro/MLCQCodeSmellSamples/scripts/../dataset/commons-configuration_34357e075d63c3634310878636f9498847badcab/src/test/java/org/apache/commons/configuration2/interpol/TestConfigurationInterpolator.java,org.apache.commons.configuration2.interpol.TestConfigurationInterpolator,testInterpolationMultipleVariables/0,interpolator,3
/home/sandro/workspace/sandro/MLCQCodeSmellSamples/scripts/../dataset/commons-configuration_34357e075d63c3634310878636f9498847badcab/src/test/java/org/apache/commons/configuration2/interpol/TestConfigurationInterpolator.java,org.apache.commons.configuration2.interpol.TestConfigurationInterpolator,testInterpolateStringUnknownVariable/0,interpolator,1
/home/sandro/workspace/sandro/MLCQCodeSmellSamples/scripts/../dataset/commons-configuration_34357e075d63c3634310878636f9498847badcab/src/test/java/org/apache/commons/configuration2/interpol/TestConfigurationInterpolator.java,org.apache.commons.configuration2.interpol.TestConfigurationInterpolator,testInterpolateString/0,interpolator,2
/home/sandro/workspace/sandro/MLCQCodeSmellSamples/scripts/../dataset/commons-configuration_34357e075d63c3634310878636f9498847badcab/src/test/java/org/apache/commons/configuration2/interpol/TestConfigurationInterpolator.java,org.apache.commons.configuration2.interpol.TestConfigurationInterpolator,testInterpolateString/0,TEST_NAME,1
/home/sandro/workspace/sandro/MLCQCodeSmellSamples/scripts/../dataset/commons-configuration_34357e075d63c3634310878636f9498847badcab/src/test/java/org/apache/commons/configuration2/interpol/TestConfigurationInterpolator.java,org.apache.commons.configuration2.interpol.TestConfigurationInterpolator,testInterpolateString/0,TEST_VALUE,1
/home/sandro/workspace/sandro/MLCQCodeSmellSamples/scripts/../dataset/commons-configuration_34357e075d63c3634310878636f9498847badcab/src/test/java/org/apache/commons/configuration2/interpol/TestConfigurationInterpolator.java,org.apache.commons.configuration2.interpol.TestConfigurationInterpolator,testInterpolateString/0,TEST_PREFIX,2
/home/sandro/workspace/sandro/MLCQCodeSmellSamples/scripts/../dataset/commons-configuration_34357e075d63c3634310878636f9498847badcab/src/test/java/org/apache/commons/configuration2/interpol/TestConfigurationInterpolator.java,org.apache.commons.configuration2.interpol.TestConfigurationInterpolator,setUpTestLookup/0,TEST_NAME,1
/home/sandro/workspace/sandro/MLCQCodeSmellSamples/scripts/../dataset/commons-configuration_34357e075d63c3634310878636f9498847badcab/src/test/java/org/apache/commons/configuration2/interpol/TestConfigurationInterpolator.java,org.apache.commons.configuration2.interpol.TestConfigurationInterpolator,setUpTestLookup/0,TEST_VALUE,1
/home/sandro/workspace/sandro/MLCQCodeSmellSamples/scripts/../dataset/commons-configuration_34357e075d63c3634310878636f9498847badcab/src/test/java/org/apache/commons/configuration2/interpol/TestConfigurationInterpolator.java,org.apache.commons.configuration2.interpol.TestConfigurationInterpolator,testResolveNull/0,interpolator,1
/home/sandro/workspace/sandro/MLCQCodeSmellSamples/scripts/../dataset/commons-configuration_34357e075d63c3634310878636f9498847badcab/src/test/java/org/apache/commons/configuration2/interpol/TestConfigurationInterpolator.java,org.apache.commons.configuration2.interpol.TestConfigurationInterpolator,testResolveWithPrefix/0,interpolator,2
/home/sandro/workspace/sandro/MLCQCodeSmellSamples/scripts/../dataset/commons-configuration_34357e075d63c3634310878636f9498847badcab/src/test/java/org/apache/commons/configuration2/interpol/TestConfigurationInterpolator.java,org.apache.commons.configuration2.interpol.TestConfigurationInterpolator,testResolveWithPrefix/0,TEST_NAME,1
/home/sandro/workspace/sandro/MLCQCodeSmellSamples/scripts/../dataset/commons-configuration_34357e075d63c3634310878636f9498847badcab/src/test/java/org/apache/commons/configuration2/interpol/TestConfigurationInterpolator.java,org.apache.commons.configuration2.interpol.TestConfigurationInterpolator,testResolveWithPrefix/0,TEST_VALUE,1
/home/sandro/workspace/sandro/MLCQCodeSmellSamples/scripts/../dataset/commons-configuration_34357e075d63c3634310878636f9498847badcab/src/test/java/org/apache/commons/configuration2/interpol/TestConfigurationInterpolator.java,org.apache.commons.configuration2.interpol.TestConfigurationInterpolator,testResolveWithPrefix/0,TEST_PREFIX,2
/home/sandro/workspace/sandro/MLCQCodeSmellSamples/scripts/../dataset/commons-configuration_34357e075d63c3634310878636f9498847badcab/src/test/java/org/apache/commons/configuration2/interpol/TestConfigurationInterpolator.java,org.apache.commons.configuration2.interpol.TestConfigurationInterpolator,testResolveWithUnknownPrefix/0,interpolator,3
/home/sandro/workspace/sandro/MLCQCodeSmellSamples/scripts/../dataset/commons-configuration_34357e075d63c3634310878636f9498847badcab/src/test/java/org/apache/commons/configuration2/interpol/TestConfigurationInterpolator.java,org.apache.commons.configuration2.interpol.TestConfigurationInterpolator,testResolveWithUnknownPrefix/0,TEST_NAME,2
/home/sandro/workspace/sandro/MLCQCodeSmellSamples/scripts/../dataset/commons-configuration_34357e075d63c3634310878636f9498847badcab/src/test/java/org/apache/commons/configuration2/interpol/TestConfigurationInterpolator.java,org.apache.commons.configuration2.interpol.TestConfigurationInterpolator,testResolveWithUnknownPrefix/0,TEST_PREFIX,1
/home/sandro/workspace/sandro/MLCQCodeSmellSamples/scripts/../dataset/commons-configuration_34357e075d63c3634310878636f9498847badcab/src/test/java/org/apache/commons/configuration2/interpol/TestConfigurationInterpolator.java,org.apache.commons.configuration2.interpol.TestConfigurationInterpolator,testFromSpecificationInterpolator/0,interpolator,1
/home/sandro/workspace/sandro/MLCQCodeSmellSamples/scripts/../dataset/commons-configuration_34357e075d63c3634310878636f9498847badcab/src/test/java/org/apache/commons/configuration2/interpol/TestConfigurationInterpolator.java,org.apache.commons.configuration2.interpol.TestConfigurationInterpolator,testResolveParentVariableNotFound/0,interpolator,2
/home/sandro/workspace/sandro/MLCQCodeSmellSamples/scripts/../dataset/commons-configuration_34357e075d63c3634310878636f9498847badcab/src/test/java/org/apache/commons/configuration2/interpol/TestConfigurationInterpolator.java,org.apache.commons.configuration2.interpol.TestConfigurationInterpolator,testResolveParentVariableNotFound/0,TEST_NAME,2
/home/sandro/workspace/sandro/MLCQCodeSmellSamples/scripts/../dataset/commons-configuration_34357e075d63c3634310878636f9498847badcab/src/test/java/org/apache/commons/configuration2/interpol/TestConfigurationInterpolator.java,org.apache.commons.configuration2.interpol.TestConfigurationInterpolator,testResolveParentVariableNotFound/0,TEST_VALUE,2
/home/sandro/workspace/sandro/MLCQCodeSmellSamples/scripts/../dataset/commons-configuration_34357e075d63c3634310878636f9498847badcab/src/test/java/org/apache/commons/configuration2/interpol/TestConfigurationInterpolator.java,org.apache.commons.configuration2.interpol.TestConfigurationInterpolator,testInit/0,interpolator,3
/home/sandro/workspace/sandro/MLCQCodeSmellSamples/scripts/../dataset/commons-configuration_34357e075d63c3634310878636f9498847badcab/src/test/java/org/apache/commons/configuration2/interpol/TestConfigurationInterpolator.java,org.apache.commons.configuration2.interpol.TestConfigurationInterpolator,testAddDefaultLookups/0,interpolator,2
/home/sandro/workspace/sandro/MLCQCodeSmellSamples/scripts/../dataset/commons-configuration_34357e075d63c3634310878636f9498847badcab/src/test/java/org/apache/commons/configuration2/interpol/TestConfigurationInterpolator.java,org.apache.commons.configuration2.interpol.TestConfigurationInterpolator,testResolveDefault/0,interpolator,2
/home/sandro/workspace/sandro/MLCQCodeSmellSamples/scripts/../dataset/commons-configuration_34357e075d63c3634310878636f9498847badcab/src/test/java/org/apache/commons/configuration2/interpol/TestConfigurationInterpolator.java,org.apache.commons.configuration2.interpol.TestConfigurationInterpolator,testResolveDefault/0,TEST_NAME,3
/home/sandro/workspace/sandro/MLCQCodeSmellSamples/scripts/../dataset/commons-configuration_34357e075d63c3634310878636f9498847badcab/src/test/java/org/apache/commons/configuration2/interpol/TestConfigurationInterpolator.java,org.apache.commons.configuration2.interpol.TestConfigurationInterpolator,testResolveDefault/0,TEST_VALUE,2
/home/sandro/workspace/sandro/MLCQCodeSmellSamples/scripts/../dataset/commons-configuration_34357e075d63c3634310878636f9498847badcab/src/test/java/org/apache/commons/configuration2/interpol/TestConfigurationInterpolator.java,org.apache.commons.configuration2.interpol.TestConfigurationInterpolator,testInterpolationVariableIncomplete/0,interpolator,2
/home/sandro/workspace/sandro/MLCQCodeSmellSamples/scripts/../dataset/commons-configuration_34357e075d63c3634310878636f9498847badcab/src/test/java/org/apache/commons/configuration2/interpol/TestConfigurationInterpolator.java,org.apache.commons.configuration2.interpol.TestConfigurationInterpolator,testInterpolationVariableIncomplete/0,TEST_NAME,2
/home/sandro/workspace/sandro/MLCQCodeSmellSamples/scripts/../dataset/commons-configuration_34357e075d63c3634310878636f9498847badcab/src/test/java/org/apache/commons/configuration2/interpol/TestConfigurationInterpolator.java,org.apache.commons.configuration2.interpol.TestConfigurationInterpolator,testResolveEmptyVarName/0,interpolator,2
/home/sandro/workspace/sandro/MLCQCodeSmellSamples/scripts/../dataset/commons-configuration_34357e075d63c3634310878636f9498847badcab/src/test/java/org/apache/commons/configuration2/interpol/TestConfigurationInterpolator.java,org.apache.commons.configuration2.interpol.TestConfigurationInterpolator,testResolveEmptyVarName/0,TEST_VALUE,2
/home/sandro/workspace/sandro/MLCQCodeSmellSamples/scripts/../dataset/commons-configuration_34357e075d63c3634310878636f9498847badcab/src/test/java/org/apache/commons/configuration2/interpol/TestConfigurationInterpolator.java,org.apache.commons.configuration2.interpol.TestConfigurationInterpolator,testResolveEmptyVarName/0,TEST_PREFIX,2
/home/sandro/workspace/sandro/MLCQCodeSmellSamples/scripts/../dataset/commons-configuration_34357e075d63c3634310878636f9498847badcab/src/test/java/org/apache/commons/configuration2/interpol/TestConfigurationInterpolator.java,org.apache.commons.configuration2.interpol.TestConfigurationInterpolator,testRegisterLookup/0,interpolator,4
/home/sandro/workspace/sandro/MLCQCodeSmellSamples/scripts/../dataset/commons-configuration_34357e075d63c3634310878636f9498847badcab/src/test/java/org/apache/commons/configuration2/interpol/TestConfigurationInterpolator.java,org.apache.commons.configuration2.interpol.TestConfigurationInterpolator,testRegisterLookup/0,TEST_PREFIX,3
/home/sandro/workspace/sandro/MLCQCodeSmellSamples/scripts/../dataset/commons-configuration_34357e075d63c3634310878636f9498847badcab/src/test/java/org/apache/commons/configuration2/interpol/TestConfigurationInterpolator.java,org.apache.commons.configuration2.interpol.TestConfigurationInterpolator,testFromSpecificationNewInstance/0,interpolator,2
/home/sandro/workspace/sandro/MLCQCodeSmellSamples/scripts/../dataset/commons-configuration_34357e075d63c3634310878636f9498847badcab/src/test/java/org/apache/commons/configuration2/interpol/TestConfigurationInterpolator.java,org.apache.commons.configuration2.interpol.TestConfigurationInterpolator,testRegisterLookupNullPrefix/0,interpolator,1
/home/sandro/workspace/sandro/MLCQCodeSmellSamples/scripts/../dataset/commons-configuration_34357e075d63c3634310878636f9498847badcab/src/test/java/org/apache/commons/configuration2/interpol/TestConfigurationInterpolator.java,org.apache.commons.configuration2.interpol.TestConfigurationInterpolator,testRegisterLookups/0,interpolator,2
/home/sandro/workspace/sandro/MLCQCodeSmellSamples/scripts/../dataset/commons-configuration_34357e075d63c3634310878636f9498847badcab/src/test/java/org/apache/commons/configuration2/interpol/TestConfigurationInterpolator.java,org.apache.commons.configuration2.interpol.TestConfigurationInterpolator,testRegisterLookups/0,TEST_PREFIX,3
/home/sandro/workspace/sandro/MLCQCodeSmellSamples/scripts/../dataset/commons-configuration_34357e075d63c3634310878636f9498847badcab/src/test/java/org/apache/commons/configuration2/interpol/TestConfigurationInterpolator.java,org.apache.commons.configuration2.interpol.TestConfigurationInterpolator,setUp/0,interpolator,1
/home/sandro/workspace/sandro/MLCQCodeSmellSamples/scripts/../dataset/commons-configuration_34357e075d63c3634310878636f9498847badcab/src/test/java/org/apache/commons/configuration2/interpol/TestConfigurationInterpolator.java,org.apache.commons.configuration2.interpol.TestConfigurationInterpolator,testRemoveDefaultLookupNonExisting/0,interpolator,1
/home/sandro/workspace/sandro/MLCQCodeSmellSamples/scripts/../dataset/commons-configuration_34357e075d63c3634310878636f9498847badcab/src/test/java/org/apache/commons/configuration2/interpol/TestConfigurationInterpolator.java,org.apache.commons.configuration2.interpol.TestConfigurationInterpolator,testInterpolationSingleVariable/0,interpolator,2
/home/sandro/workspace/sandro/MLCQCodeSmellSamples/scripts/../dataset/commons-configuration_34357e075d63c3634310878636f9498847badcab/src/test/java/org/apache/commons/configuration2/interpol/TestConfigurationInterpolator.java,org.apache.commons.configuration2.interpol.TestConfigurationInterpolator,testInterpolationSingleVariable/0,TEST_NAME,2
/home/sandro/workspace/sandro/MLCQCodeSmellSamples/scripts/../dataset/commons-configuration_34357e075d63c3634310878636f9498847badcab/src/test/java/org/apache/commons/configuration2/interpol/TestConfigurationInterpolator.java,org.apache.commons.configuration2.interpol.TestConfigurationInterpolator,testRegisterLookupNull/0,interpolator,1
/home/sandro/workspace/sandro/MLCQCodeSmellSamples/scripts/../dataset/commons-configuration_34357e075d63c3634310878636f9498847badcab/src/test/java/org/apache/commons/configuration2/interpol/TestConfigurationInterpolator.java,org.apache.commons.configuration2.interpol.TestConfigurationInterpolator,testRegisterLookupNull/0,TEST_PREFIX,1
/home/sandro/workspace/sandro/MLCQCodeSmellSamples/scripts/../dataset/commons-configuration_34357e075d63c3634310878636f9498847badcab/src/test/java/org/apache/commons/configuration2/interpol/TestConfigurationInterpolator.java,org.apache.commons.configuration2.interpol.TestConfigurationInterpolator,testResolveDefaultEmptyVarName/0,interpolator,2
/home/sandro/workspace/sandro/MLCQCodeSmellSamples/scripts/../dataset/commons-configuration_34357e075d63c3634310878636f9498847badcab/src/test/java/org/apache/commons/configuration2/interpol/TestConfigurationInterpolator.java,org.apache.commons.configuration2.interpol.TestConfigurationInterpolator,testResolveDefaultEmptyVarName/0,TEST_VALUE,2
/home/sandro/workspace/sandro/MLCQCodeSmellSamples/scripts/../dataset/commons-configuration_34357e075d63c3634310878636f9498847badcab/src/test/java/org/apache/commons/configuration2/interpol/TestConfigurationInterpolator.java,org.apache.commons.configuration2.interpol.TestConfigurationInterpolator,testEnableSubstitutionInVariables/0,interpolator,7
/home/sandro/workspace/sandro/MLCQCodeSmellSamples/scripts/../dataset/commons-configuration_34357e075d63c3634310878636f9498847badcab/src/test/java/org/apache/commons/configuration2/interpol/TestConfigurationInterpolator.java,org.apache.commons.configuration2.interpol.TestConfigurationInterpolator,testResolveParentVariableFound/0,interpolator,3
/home/sandro/workspace/sandro/MLCQCodeSmellSamples/scripts/../dataset/commons-configuration_34357e075d63c3634310878636f9498847badcab/src/test/java/org/apache/commons/configuration2/interpol/TestConfigurationInterpolator.java,org.apache.commons.configuration2.interpol.TestConfigurationInterpolator,testResolveParentVariableFound/0,TEST_NAME,1
/home/sandro/workspace/sandro/MLCQCodeSmellSamples/scripts/../dataset/commons-configuration_34357e075d63c3634310878636f9498847badcab/src/test/java/org/apache/commons/configuration2/interpol/TestConfigurationInterpolator.java,org.apache.commons.configuration2.interpol.TestConfigurationInterpolator,testResolveParentVariableFound/0,TEST_VALUE,1
/home/sandro/workspace/sandro/MLCQCodeSmellSamples/scripts/../dataset/commons-configuration_34357e075d63c3634310878636f9498847badcab/src/test/java/org/apache/commons/configuration2/interpol/TestConfigurationInterpolator.java,org.apache.commons.configuration2.interpol.TestConfigurationInterpolator,testResolveParentVariableFound/0,TEST_PREFIX,2
/home/sandro/workspace/sandro/MLCQCodeSmellSamples/scripts/../dataset/commons-configuration_34357e075d63c3634310878636f9498847badcab/src/test/java/org/apache/commons/configuration2/interpol/TestConfigurationInterpolator.java,org.apache.commons.configuration2.interpol.TestConfigurationInterpolator,testResolveNoDefault/0,interpolator,1
/home/sandro/workspace/sandro/MLCQCodeSmellSamples/scripts/../dataset/commons-configuration_34357e075d63c3634310878636f9498847badcab/src/test/java/org/apache/commons/configuration2/interpol/TestConfigurationInterpolator.java,org.apache.commons.configuration2.interpol.TestConfigurationInterpolator,testResolveNoDefault/0,TEST_NAME,1
/home/sandro/workspace/sandro/MLCQCodeSmellSamples/scripts/../dataset/commons-configuration_34357e075d63c3634310878636f9498847badcab/src/test/java/org/apache/commons/configuration2/interpol/TestConfigurationInterpolator.java,org.apache.commons.configuration2.interpol.TestConfigurationInterpolator,testAddDefaultLookupsNull/0,interpolator,2
/home/sandro/workspace/sandro/MLCQCodeSmellSamples/scripts/../dataset/commons-configuration_34357e075d63c3634310878636f9498847badcab/src/test/java/org/apache/commons/configuration2/interpol/TestConfigurationInterpolator.java,org.apache.commons.configuration2.interpol.TestConfigurationInterpolator,testRemoveDefaultLookup/0,interpolator,4
/home/sandro/workspace/sandro/MLCQCodeSmellSamples/scripts/../dataset/commons-configuration_34357e075d63c3634310878636f9498847badcab/src/test/java/org/apache/commons/configuration2/interpol/TestConfigurationInterpolator.java,org.apache.commons.configuration2.interpol.TestConfigurationInterpolator,testDeregisterLookup/0,interpolator,4
/home/sandro/workspace/sandro/MLCQCodeSmellSamples/scripts/../dataset/commons-configuration_34357e075d63c3634310878636f9498847badcab/src/test/java/org/apache/commons/configuration2/interpol/TestConfigurationInterpolator.java,org.apache.commons.configuration2.interpol.TestConfigurationInterpolator,testDeregisterLookup/0,TEST_PREFIX,3
/home/sandro/workspace/sandro/MLCQCodeSmellSamples/scripts/../dataset/commons-configuration_34357e075d63c3634310878636f9498847badcab/src/test/java/org/apache/commons/configuration2/interpol/TestConfigurationInterpolator.java,org.apache.commons.configuration2.interpol.TestConfigurationInterpolator,testResolveDefaultAfterPrefixFails/0,interpolator,3
/home/sandro/workspace/sandro/MLCQCodeSmellSamples/scripts/../dataset/commons-configuration_34357e075d63c3634310878636f9498847badcab/src/test/java/org/apache/commons/configuration2/interpol/TestConfigurationInterpolator.java,org.apache.commons.configuration2.interpol.TestConfigurationInterpolator,testResolveDefaultAfterPrefixFails/0,TEST_NAME,1
/home/sandro/workspace/sandro/MLCQCodeSmellSamples/scripts/../dataset/commons-configuration_34357e075d63c3634310878636f9498847badcab/src/test/java/org/apache/commons/configuration2/interpol/TestConfigurationInterpolator.java,org.apache.commons.configuration2.interpol.TestConfigurationInterpolator,testResolveDefaultAfterPrefixFails/0,TEST_VALUE,2
/home/sandro/workspace/sandro/MLCQCodeSmellSamples/scripts/../dataset/commons-configuration_34357e075d63c3634310878636f9498847badcab/src/test/java/org/apache/commons/configuration2/interpol/TestConfigurationInterpolator.java,org.apache.commons.configuration2.interpol.TestConfigurationInterpolator,testResolveDefaultAfterPrefixFails/0,TEST_PREFIX,2
/home/sandro/workspace/sandro/MLCQCodeSmellSamples/scripts/../dataset/commons-configuration_34357e075d63c3634310878636f9498847badcab/src/test/java/org/apache/commons/configuration2/interpol/TestConfigurationInterpolator.java,org.apache.commons.configuration2.interpol.TestConfigurationInterpolator,testInterpolateEmptyVariable/0,interpolator,1
/home/sandro/workspace/sandro/MLCQCodeSmellSamples/scripts/../dataset/commons-configuration_34357e075d63c3634310878636f9498847badcab/src/test/java/org/apache/commons/configuration2/interpol/TestConfigurationInterpolator.java,org.apache.commons.configuration2.interpol.TestConfigurationInterpolator,testDeregisterLookupNonExisting/0,interpolator,1
/home/sandro/workspace/sandro/MLCQCodeSmellSamples/scripts/../dataset/commons-configuration_34357e075d63c3634310878636f9498847badcab/src/test/java/org/apache/commons/configuration2/interpol/TestConfigurationInterpolator.java,org.apache.commons.configuration2.interpol.TestConfigurationInterpolator,testDeregisterLookupNonExisting/0,TEST_PREFIX,1
/home/sandro/workspace/sandro/MLCQCodeSmellSamples/scripts/../dataset/commons-configuration_34357e075d63c3634310878636f9498847badcab/src/test/java/org/apache/commons/configuration2/builder/TestXMLBuilderParametersImpl.java,org.apache.commons.configuration2.builder.TestXMLBuilderParametersImpl,testSetEntityResolver/0,params,4
/home/sandro/workspace/sandro/MLCQCodeSmellSamples/scripts/../dataset/commons-configuration_34357e075d63c3634310878636f9498847badcab/src/test/java/org/apache/commons/configuration2/builder/TestXMLBuilderParametersImpl.java,org.apache.commons.configuration2.builder.TestXMLBuilderParametersImpl,testSetSystemID/0,params,3
/home/sandro/workspace/sandro/MLCQCodeSmellSamples/scripts/../dataset/commons-configuration_34357e075d63c3634310878636f9498847badcab/src/test/java/org/apache/commons/configuration2/builder/TestXMLBuilderParametersImpl.java,org.apache.commons.configuration2.builder.TestXMLBuilderParametersImpl,testBeanPropertiesAccess/0,params,6
/home/sandro/workspace/sandro/MLCQCodeSmellSamples/scripts/../dataset/commons-configuration_34357e075d63c3634310878636f9498847badcab/src/test/java/org/apache/commons/configuration2/builder/TestXMLBuilderParametersImpl.java,org.apache.commons.configuration2.builder.TestXMLBuilderParametersImpl,testSetValidating/0,params,3
/home/sandro/workspace/sandro/MLCQCodeSmellSamples/scripts/../dataset/commons-configuration_34357e075d63c3634310878636f9498847badcab/src/test/java/org/apache/commons/configuration2/builder/TestXMLBuilderParametersImpl.java,org.apache.commons.configuration2.builder.TestXMLBuilderParametersImpl,testSetPublicID/0,params,3
/home/sandro/workspace/sandro/MLCQCodeSmellSamples/scripts/../dataset/commons-configuration_34357e075d63c3634310878636f9498847badcab/src/test/java/org/apache/commons/configuration2/builder/TestXMLBuilderParametersImpl.java,org.apache.commons.configuration2.builder.TestXMLBuilderParametersImpl,testSetDocumentBuilder/0,params,3
/home/sandro/workspace/sandro/MLCQCodeSmellSamples/scripts/../dataset/commons-configuration_34357e075d63c3634310878636f9498847badcab/src/test/java/org/apache/commons/configuration2/builder/TestXMLBuilderParametersImpl.java,org.apache.commons.configuration2.builder.TestXMLBuilderParametersImpl,testSetSchemaValidation/0,params,3
/home/sandro/workspace/sandro/MLCQCodeSmellSamples/scripts/../dataset/commons-configuration_34357e075d63c3634310878636f9498847badcab/src/test/java/org/apache/commons/configuration2/builder/TestXMLBuilderParametersImpl.java,org.apache.commons.configuration2.builder.TestXMLBuilderParametersImpl,testInheritFrom/0,params,3
/home/sandro/workspace/sandro/MLCQCodeSmellSamples/scripts/../dataset/commons-configuration_34357e075d63c3634310878636f9498847badcab/src/test/java/org/apache/commons/configuration2/builder/TestXMLBuilderParametersImpl.java,org.apache.commons.configuration2.builder.TestXMLBuilderParametersImpl,setUp/0,params,1
/home/sandro/workspace/sandro/MLCQCodeSmellSamples/scripts/../dataset/commons-configuration_34357e075d63c3634310878636f9498847badcab/src/main/java/org/apache/commons/configuration2/builder/HierarchicalBuilderParametersImpl.java,org.apache.commons.configuration2.builder.HierarchicalBuilderParametersImpl,"inheritFrom/1[java.util.Map<java.lang.String,?>]",PROP_EXPRESSION_ENGINE,1
/home/sandro/workspace/sandro/MLCQCodeSmellSamples/scripts/../dataset/commons-configuration_34357e075d63c3634310878636f9498847badcab/src/main/java/org/apache/commons/configuration2/builder/HierarchicalBuilderParametersImpl.java,org.apache.commons.configuration2.builder.HierarchicalBuilderParametersImpl,setExpressionEngine/1[org.apache.commons.configuration2.tree.ExpressionEngine],PROP_EXPRESSION_ENGINE,1
/home/sandro/workspace/sandro/MLCQCodeSmellSamples/scripts/../dataset/commons-configuration_34357e075d63c3634310878636f9498847badcab/src/main/java/org/apache/commons/configuration2/beanutils/XMLBeanDeclaration.java,org.apache.commons.configuration2.beanutils.XMLBeanDeclaration$NodeData,getAttributes/0,handler,1
/home/sandro/workspace/sandro/MLCQCodeSmellSamples/scripts/../dataset/commons-configuration_34357e075d63c3634310878636f9498847badcab/src/main/java/org/apache/commons/configuration2/beanutils/XMLBeanDeclaration.java,org.apache.commons.configuration2.beanutils.XMLBeanDeclaration$NodeData,getAttributes/0,node,1
/home/sandro/workspace/sandro/MLCQCodeSmellSamples/scripts/../dataset/commons-configuration_34357e075d63c3634310878636f9498847badcab/src/main/java/org/apache/commons/configuration2/beanutils/XMLBeanDeclaration.java,org.apache.commons.configuration2.beanutils.XMLBeanDeclaration$NodeData,escapedNodeName/1[org.apache.commons.configuration2.HierarchicalConfiguration<?>],node,1
/home/sandro/workspace/sandro/MLCQCodeSmellSamples/scripts/../dataset/commons-configuration_34357e075d63c3634310878636f9498847badcab/src/main/java/org/apache/commons/configuration2/beanutils/XMLBeanDeclaration.java,org.apache.commons.configuration2.beanutils.XMLBeanDeclaration$NodeData,escapedNodeName/1[org.apache.commons.configuration2.HierarchicalConfiguration<?>],handler,1
/home/sandro/workspace/sandro/MLCQCodeSmellSamples/scripts/../dataset/commons-configuration_34357e075d63c3634310878636f9498847badcab/src/main/java/org/apache/commons/configuration2/beanutils/XMLBeanDeclaration.java,org.apache.commons.configuration2.beanutils.XMLBeanDeclaration$NodeData,"NodeData/2[T,org.apache.commons.configuration2.tree.NodeHandler<T>]",node,1
/home/sandro/workspace/sandro/MLCQCodeSmellSamples/scripts/../dataset/commons-configuration_34357e075d63c3634310878636f9498847badcab/src/main/java/org/apache/commons/configuration2/beanutils/XMLBeanDeclaration.java,org.apache.commons.configuration2.beanutils.XMLBeanDeclaration$NodeData,"NodeData/2[T,org.apache.commons.configuration2.tree.NodeHandler<T>]",handler,1
/home/sandro/workspace/sandro/MLCQCodeSmellSamples/scripts/../dataset/commons-configuration_34357e075d63c3634310878636f9498847badcab/src/main/java/org/apache/commons/configuration2/beanutils/XMLBeanDeclaration.java,org.apache.commons.configuration2.beanutils.XMLBeanDeclaration$NodeData,nodeName/0,handler,1
/home/sandro/workspace/sandro/MLCQCodeSmellSamples/scripts/../dataset/commons-configuration_34357e075d63c3634310878636f9498847badcab/src/main/java/org/apache/commons/configuration2/beanutils/XMLBeanDeclaration.java,org.apache.commons.configuration2.beanutils.XMLBeanDeclaration$NodeData,nodeName/0,node,1
/home/sandro/workspace/sandro/MLCQCodeSmellSamples/scripts/../dataset/commons-configuration_34357e075d63c3634310878636f9498847badcab/src/main/java/org/apache/commons/configuration2/beanutils/XMLBeanDeclaration.java,org.apache.commons.configuration2.beanutils.XMLBeanDeclaration$NodeData,getChildren/0,handler,1
/home/sandro/workspace/sandro/MLCQCodeSmellSamples/scripts/../dataset/commons-configuration_34357e075d63c3634310878636f9498847badcab/src/main/java/org/apache/commons/configuration2/beanutils/XMLBeanDeclaration.java,org.apache.commons.configuration2.beanutils.XMLBeanDeclaration$NodeData,getChildren/0,node,1
/home/sandro/workspace/sandro/MLCQCodeSmellSamples/scripts/../dataset/commons-configuration_34357e075d63c3634310878636f9498847badcab/src/main/java/org/apache/commons/configuration2/beanutils/XMLBeanDeclaration.java,org.apache.commons.configuration2.beanutils.XMLBeanDeclaration$NodeData,wrapInNodeData/1[java.util.List<T>],node,2
/home/sandro/workspace/sandro/MLCQCodeSmellSamples/scripts/../dataset/commons-configuration_34357e075d63c3634310878636f9498847badcab/src/main/java/org/apache/commons/configuration2/beanutils/XMLBeanDeclaration.java,org.apache.commons.configuration2.beanutils.XMLBeanDeclaration$NodeData,wrapInNodeData/1[java.util.List<T>],handler,1
/home/sandro/workspace/sandro/MLCQCodeSmellSamples/scripts/../dataset/commons-configuration_34357e075d63c3634310878636f9498847badcab/src/main/java/org/apache/commons/configuration2/beanutils/XMLBeanDeclaration.java,org.apache.commons.configuration2.beanutils.XMLBeanDeclaration$NodeData,matchesConfigRootNode/1[org.apache.commons.configuration2.HierarchicalConfiguration<?>],node,1
/home/sandro/workspace/sandro/MLCQCodeSmellSamples/scripts/../dataset/commons-configuration_34357e075d63c3634310878636f9498847badcab/src/main/java/org/apache/commons/configuration2/beanutils/XMLBeanDeclaration.java,org.apache.commons.configuration2.beanutils.XMLBeanDeclaration$NodeData,getChildren/1[java.lang.String],handler,1
/home/sandro/workspace/sandro/MLCQCodeSmellSamples/scripts/../dataset/commons-configuration_34357e075d63c3634310878636f9498847badcab/src/main/java/org/apache/commons/configuration2/beanutils/XMLBeanDeclaration.java,org.apache.commons.configuration2.beanutils.XMLBeanDeclaration$NodeData,getChildren/1[java.lang.String],node,1
/home/sandro/workspace/sandro/MLCQCodeSmellSamples/scripts/../dataset/commons-configuration_34357e075d63c3634310878636f9498847badcab/src/main/java/org/apache/commons/configuration2/beanutils/XMLBeanDeclaration.java,org.apache.commons.configuration2.beanutils.XMLBeanDeclaration$NodeData,getAttribute/1[java.lang.String],handler,1
/home/sandro/workspace/sandro/MLCQCodeSmellSamples/scripts/../dataset/commons-configuration_34357e075d63c3634310878636f9498847badcab/src/main/java/org/apache/commons/configuration2/beanutils/XMLBeanDeclaration.java,org.apache.commons.configuration2.beanutils.XMLBeanDeclaration$NodeData,getAttribute/1[java.lang.String],node,1
/home/sandro/workspace/sandro/MLCQCodeSmellSamples/scripts/../dataset/commons-configuration_34357e075d63c3634310878636f9498847badcab/src/test/java/org/apache/commons/configuration2/builder/combined/TestFileExtensionConfigurationBuilderProvider.java,org.apache.commons.configuration2.builder.combined.TestFileExtensionConfigurationBuilderProvider,testInitNoMatchingConfigClass/0,EXT,1
/home/sandro/workspace/sandro/MLCQCodeSmellSamples/scripts/../dataset/commons-configuration_34357e075d63c3634310878636f9498847badcab/src/test/java/org/apache/commons/configuration2/builder/combined/TestFileExtensionConfigurationBuilderProvider.java,org.apache.commons.configuration2.builder.combined.TestFileExtensionConfigurationBuilderProvider,testInitNoMatchingConfigClass/0,DEF_CLASS,1
/home/sandro/workspace/sandro/MLCQCodeSmellSamples/scripts/../dataset/commons-configuration_34357e075d63c3634310878636f9498847badcab/src/test/java/org/apache/commons/configuration2/builder/combined/TestFileExtensionConfigurationBuilderProvider.java,org.apache.commons.configuration2.builder.combined.TestFileExtensionConfigurationBuilderProvider,setUpProvider/0,EXT,1
/home/sandro/workspace/sandro/MLCQCodeSmellSamples/scripts/../dataset/commons-configuration_34357e075d63c3634310878636f9498847badcab/src/test/java/org/apache/commons/configuration2/builder/combined/TestFileExtensionConfigurationBuilderProvider.java,org.apache.commons.configuration2.builder.combined.TestFileExtensionConfigurationBuilderProvider,setUpProvider/0,DEF_CLASS,1
/home/sandro/workspace/sandro/MLCQCodeSmellSamples/scripts/../dataset/commons-configuration_34357e075d63c3634310878636f9498847badcab/src/test/java/org/apache/commons/configuration2/builder/combined/TestFileExtensionConfigurationBuilderProvider.java,org.apache.commons.configuration2.builder.combined.TestFileExtensionConfigurationBuilderProvider,setUpProvider/0,MATCH_CLASS,1
/home/sandro/workspace/sandro/MLCQCodeSmellSamples/scripts/../dataset/commons-configuration_34357e075d63c3634310878636f9498847badcab/src/test/java/org/apache/commons/configuration2/builder/combined/TestFileExtensionConfigurationBuilderProvider.java,org.apache.commons.configuration2.builder.combined.TestFileExtensionConfigurationBuilderProvider,testInitSuper/0,EXT,1
/home/sandro/workspace/sandro/MLCQCodeSmellSamples/scripts/../dataset/commons-configuration_34357e075d63c3634310878636f9498847badcab/src/test/java/org/apache/commons/configuration2/builder/combined/TestFileExtensionConfigurationBuilderProvider.java,org.apache.commons.configuration2.builder.combined.TestFileExtensionConfigurationBuilderProvider,testInitSuper/0,DEF_CLASS,2
/home/sandro/workspace/sandro/MLCQCodeSmellSamples/scripts/../dataset/commons-configuration_34357e075d63c3634310878636f9498847badcab/src/test/java/org/apache/commons/configuration2/builder/combined/TestFileExtensionConfigurationBuilderProvider.java,org.apache.commons.configuration2.builder.combined.TestFileExtensionConfigurationBuilderProvider,testInitSuper/0,MATCH_CLASS,1
/home/sandro/workspace/sandro/MLCQCodeSmellSamples/scripts/../dataset/commons-configuration_34357e075d63c3634310878636f9498847badcab/src/test/java/org/apache/commons/configuration2/builder/combined/TestFileExtensionConfigurationBuilderProvider.java,org.apache.commons.configuration2.builder.combined.TestFileExtensionConfigurationBuilderProvider,testDetermineConfigurationClassMatchCase/0,EXT,1
/home/sandro/workspace/sandro/MLCQCodeSmellSamples/scripts/../dataset/commons-configuration_34357e075d63c3634310878636f9498847badcab/src/test/java/org/apache/commons/configuration2/builder/combined/TestFileExtensionConfigurationBuilderProvider.java,org.apache.commons.configuration2.builder.combined.TestFileExtensionConfigurationBuilderProvider,testDetermineConfigurationClassMatchCase/0,MATCH_CLASS,1
/home/sandro/workspace/sandro/MLCQCodeSmellSamples/scripts/../dataset/commons-configuration_34357e075d63c3634310878636f9498847badcab/src/test/java/org/apache/commons/configuration2/builder/combined/TestFileExtensionConfigurationBuilderProvider.java,org.apache.commons.configuration2.builder.combined.TestFileExtensionConfigurationBuilderProvider,testDetermineConfigurationClassNoParams/0,DEF_CLASS,1
/home/sandro/workspace/sandro/MLCQCodeSmellSamples/scripts/../dataset/commons-configuration_34357e075d63c3634310878636f9498847badcab/src/test/java/org/apache/commons/configuration2/builder/combined/TestFileExtensionConfigurationBuilderProvider.java,org.apache.commons.configuration2.builder.combined.TestFileExtensionConfigurationBuilderProvider,testInitNoExt/0,DEF_CLASS,1
/home/sandro/workspace/sandro/MLCQCodeSmellSamples/scripts/../dataset/commons-configuration_34357e075d63c3634310878636f9498847badcab/src/test/java/org/apache/commons/configuration2/builder/combined/TestFileExtensionConfigurationBuilderProvider.java,org.apache.commons.configuration2.builder.combined.TestFileExtensionConfigurationBuilderProvider,testInitNoExt/0,MATCH_CLASS,1
/home/sandro/workspace/sandro/MLCQCodeSmellSamples/scripts/../dataset/commons-configuration_34357e075d63c3634310878636f9498847badcab/src/test/java/org/apache/commons/configuration2/builder/combined/TestFileExtensionConfigurationBuilderProvider.java,org.apache.commons.configuration2.builder.combined.TestFileExtensionConfigurationBuilderProvider,testInitNoDefaultConfigClass/0,EXT,1
/home/sandro/workspace/sandro/MLCQCodeSmellSamples/scripts/../dataset/commons-configuration_34357e075d63c3634310878636f9498847badcab/src/test/java/org/apache/commons/configuration2/builder/combined/TestFileExtensionConfigurationBuilderProvider.java,org.apache.commons.configuration2.builder.combined.TestFileExtensionConfigurationBuilderProvider,testInitNoDefaultConfigClass/0,MATCH_CLASS,1
/home/sandro/workspace/sandro/MLCQCodeSmellSamples/scripts/../dataset/commons-configuration_34357e075d63c3634310878636f9498847badcab/src/test/java/org/apache/commons/configuration2/builder/combined/TestFileExtensionConfigurationBuilderProvider.java,org.apache.commons.configuration2.builder.combined.TestFileExtensionConfigurationBuilderProvider,testDetermineConfigurationClassExtensionNoMatch/0,DEF_CLASS,1
/home/sandro/workspace/sandro/MLCQCodeSmellSamples/scripts/../dataset/commons-configuration_34357e075d63c3634310878636f9498847badcab/src/test/java/org/apache/commons/configuration2/builder/combined/TestFileExtensionConfigurationBuilderProvider.java,org.apache.commons.configuration2.builder.combined.TestFileExtensionConfigurationBuilderProvider,testDetermineConfigurationClassNoExtension/0,DEF_CLASS,1
/home/sandro/workspace/sandro/MLCQCodeSmellSamples/scripts/../dataset/commons-configuration_34357e075d63c3634310878636f9498847badcab/src/test/java/org/apache/commons/configuration2/builder/combined/TestFileExtensionConfigurationBuilderProvider.java,org.apache.commons.configuration2.builder.combined.TestFileExtensionConfigurationBuilderProvider,testDeterminieConfigurationClassNoFileName/0,DEF_CLASS,1
/home/sandro/workspace/sandro/MLCQCodeSmellSamples/scripts/../dataset/commons-configuration_34357e075d63c3634310878636f9498847badcab/src/test/java/org/apache/commons/configuration2/builder/combined/TestFileExtensionConfigurationBuilderProvider.java,org.apache.commons.configuration2.builder.combined.TestFileExtensionConfigurationBuilderProvider,testDetermineConfigurationClassExtensionMatch/0,EXT,1
/home/sandro/workspace/sandro/MLCQCodeSmellSamples/scripts/../dataset/commons-configuration_34357e075d63c3634310878636f9498847badcab/src/test/java/org/apache/commons/configuration2/builder/combined/TestFileExtensionConfigurationBuilderProvider.java,org.apache.commons.configuration2.builder.combined.TestFileExtensionConfigurationBuilderProvider,testDetermineConfigurationClassExtensionMatch/0,MATCH_CLASS,1
/home/sandro/workspace/sandro/MLCQCodeSmellSamples/scripts/../dataset/commons-configuration_34357e075d63c3634310878636f9498847badcab/src/main/java/org/apache/commons/configuration2/builder/BasicBuilderParameters.java,org.apache.commons.configuration2.builder.BasicBuilderParameters,getParameters/0,PROP_INTERPOLATOR,1
/home/sandro/workspace/sandro/MLCQCodeSmellSamples/scripts/../dataset/commons-configuration_34357e075d63c3634310878636f9498847badcab/src/main/java/org/apache/commons/configuration2/builder/BasicBuilderParameters.java,org.apache.commons.configuration2.builder.BasicBuilderParameters,getParameters/0,PROP_PARENT_INTERPOLATOR,1
/home/sandro/workspace/sandro/MLCQCodeSmellSamples/scripts/../dataset/commons-configuration_34357e075d63c3634310878636f9498847badcab/src/main/java/org/apache/commons/configuration2/builder/BasicBuilderParameters.java,org.apache.commons.configuration2.builder.BasicBuilderParameters,getParameters/0,PROP_DEFAULT_LOOKUPS,1
/home/sandro/workspace/sandro/MLCQCodeSmellSamples/scripts/../dataset/commons-configuration_34357e075d63c3634310878636f9498847badcab/src/main/java/org/apache/commons/configuration2/builder/BasicBuilderParameters.java,org.apache.commons.configuration2.builder.BasicBuilderParameters,getParameters/0,PROP_PREFIX_LOOKUPS,1
/home/sandro/workspace/sandro/MLCQCodeSmellSamples/scripts/../dataset/commons-configuration_34357e075d63c3634310878636f9498847badcab/src/main/java/org/apache/commons/configuration2/builder/BasicBuilderParameters.java,org.apache.commons.configuration2.builder.BasicBuilderParameters,getParameters/0,properties,1
/home/sandro/workspace/sandro/MLCQCodeSmellSamples/scripts/../dataset/commons-configuration_34357e075d63c3634310878636f9498847badcab/src/main/java/org/apache/commons/configuration2/builder/BasicBuilderParameters.java,org.apache.commons.configuration2.builder.BasicBuilderParameters,setConfigurationDecoder/1[org.apache.commons.configuration2.ConfigurationDecoder],PROP_CONFIGURATION_DECODER,1
/home/sandro/workspace/sandro/MLCQCodeSmellSamples/scripts/../dataset/commons-configuration_34357e075d63c3634310878636f9498847badcab/src/main/java/org/apache/commons/configuration2/builder/BasicBuilderParameters.java,org.apache.commons.configuration2.builder.BasicBuilderParameters,setParentInterpolator/1[org.apache.commons.configuration2.interpol.ConfigurationInterpolator],PROP_PARENT_INTERPOLATOR,1
/home/sandro/workspace/sandro/MLCQCodeSmellSamples/scripts/../dataset/commons-configuration_34357e075d63c3634310878636f9498847badcab/src/main/java/org/apache/commons/configuration2/builder/BasicBuilderParameters.java,org.apache.commons.configuration2.builder.BasicBuilderParameters,"createDefensiveCopies/1[java.util.HashMap<java.lang.String,java.lang.Object>]",PROP_DEFAULT_LOOKUPS,1
/home/sandro/workspace/sandro/MLCQCodeSmellSamples/scripts/../dataset/commons-configuration_34357e075d63c3634310878636f9498847badcab/src/main/java/org/apache/commons/configuration2/builder/BasicBuilderParameters.java,org.apache.commons.configuration2.builder.BasicBuilderParameters,"createDefensiveCopies/1[java.util.HashMap<java.lang.String,java.lang.Object>]",PROP_PREFIX_LOOKUPS,1
/home/sandro/workspace/sandro/MLCQCodeSmellSamples/scripts/../dataset/commons-configuration_34357e075d63c3634310878636f9498847badcab/src/main/java/org/apache/commons/configuration2/builder/BasicBuilderParameters.java,org.apache.commons.configuration2.builder.BasicBuilderParameters,BasicBuilderParameters/0,properties,1
/home/sandro/workspace/sandro/MLCQCodeSmellSamples/scripts/../dataset/commons-configuration_34357e075d63c3634310878636f9498847badcab/src/main/java/org/apache/commons/configuration2/builder/BasicBuilderParameters.java,org.apache.commons.configuration2.builder.BasicBuilderParameters,setBeanHelper/1[org.apache.commons.configuration2.beanutils.BeanHelper],PROP_BEAN_HELPER,1
/home/sandro/workspace/sandro/MLCQCodeSmellSamples/scripts/../dataset/commons-configuration_34357e075d63c3634310878636f9498847badcab/src/main/java/org/apache/commons/configuration2/builder/BasicBuilderParameters.java,org.apache.commons.configuration2.builder.BasicBuilderParameters,setThrowExceptionOnMissing/1[boolean],PROP_THROW_EXCEPTION_ON_MISSING,1
/home/sandro/workspace/sandro/MLCQCodeSmellSamples/scripts/../dataset/commons-configuration_34357e075d63c3634310878636f9498847badcab/src/main/java/org/apache/commons/configuration2/builder/BasicBuilderParameters.java,org.apache.commons.configuration2.builder.BasicBuilderParameters,"fetchAndCheckPrefixLookups/1[java.util.Map<java.lang.String,java.lang.Object>]",PROP_PREFIX_LOOKUPS,1
/home/sandro/workspace/sandro/MLCQCodeSmellSamples/scripts/../dataset/commons-configuration_34357e075d63c3634310878636f9498847badcab/src/main/java/org/apache/commons/configuration2/builder/BasicBuilderParameters.java,org.apache.commons.configuration2.builder.BasicBuilderParameters,setConversionHandler/1[org.apache.commons.configuration2.convert.ConversionHandler],PROP_CONVERSION_HANDLER,1
/home/sandro/workspace/sandro/MLCQCodeSmellSamples/scripts/../dataset/commons-configuration_34357e075d63c3634310878636f9498847badcab/src/main/java/org/apache/commons/configuration2/builder/BasicBuilderParameters.java,org.apache.commons.configuration2.builder.BasicBuilderParameters,"fetchInterpolatorSpecification/1[java.util.Map<java.lang.String,java.lang.Object>]",PROP_INTERPOLATOR,1
/home/sandro/workspace/sandro/MLCQCodeSmellSamples/scripts/../dataset/commons-configuration_34357e075d63c3634310878636f9498847badcab/src/main/java/org/apache/commons/configuration2/builder/BasicBuilderParameters.java,org.apache.commons.configuration2.builder.BasicBuilderParameters,"fetchInterpolatorSpecification/1[java.util.Map<java.lang.String,java.lang.Object>]",PROP_PARENT_INTERPOLATOR,1
/home/sandro/workspace/sandro/MLCQCodeSmellSamples/scripts/../dataset/commons-configuration_34357e075d63c3634310878636f9498847badcab/src/main/java/org/apache/commons/configuration2/builder/BasicBuilderParameters.java,org.apache.commons.configuration2.builder.BasicBuilderParameters,setInterpolator/1[org.apache.commons.configuration2.interpol.ConfigurationInterpolator],PROP_INTERPOLATOR,1
/home/sandro/workspace/sandro/MLCQCodeSmellSamples/scripts/../dataset/commons-configuration_34357e075d63c3634310878636f9498847badcab/src/main/java/org/apache/commons/configuration2/builder/BasicBuilderParameters.java,org.apache.commons.configuration2.builder.BasicBuilderParameters,"inheritFrom/1[java.util.Map<java.lang.String,?>]",PROP_THROW_EXCEPTION_ON_MISSING,1
/home/sandro/workspace/sandro/MLCQCodeSmellSamples/scripts/../dataset/commons-configuration_34357e075d63c3634310878636f9498847badcab/src/main/java/org/apache/commons/configuration2/builder/BasicBuilderParameters.java,org.apache.commons.configuration2.builder.BasicBuilderParameters,"inheritFrom/1[java.util.Map<java.lang.String,?>]",PROP_LIST_DELIMITER_HANDLER,1
/home/sandro/workspace/sandro/MLCQCodeSmellSamples/scripts/../dataset/commons-configuration_34357e075d63c3634310878636f9498847badcab/src/main/java/org/apache/commons/configuration2/builder/BasicBuilderParameters.java,org.apache.commons.configuration2.builder.BasicBuilderParameters,"inheritFrom/1[java.util.Map<java.lang.String,?>]",PROP_BEAN_HELPER,1
/home/sandro/workspace/sandro/MLCQCodeSmellSamples/scripts/../dataset/commons-configuration_34357e075d63c3634310878636f9498847badcab/src/main/java/org/apache/commons/configuration2/builder/BasicBuilderParameters.java,org.apache.commons.configuration2.builder.BasicBuilderParameters,"inheritFrom/1[java.util.Map<java.lang.String,?>]",PROP_LOGGER,1
/home/sandro/workspace/sandro/MLCQCodeSmellSamples/scripts/../dataset/commons-configuration_34357e075d63c3634310878636f9498847badcab/src/main/java/org/apache/commons/configuration2/builder/BasicBuilderParameters.java,org.apache.commons.configuration2.builder.BasicBuilderParameters,"inheritFrom/1[java.util.Map<java.lang.String,?>]",PROP_SYNCHRONIZER,1
/home/sandro/workspace/sandro/MLCQCodeSmellSamples/scripts/../dataset/commons-configuration_34357e075d63c3634310878636f9498847badcab/src/main/java/org/apache/commons/configuration2/builder/BasicBuilderParameters.java,org.apache.commons.configuration2.builder.BasicBuilderParameters,"inheritFrom/1[java.util.Map<java.lang.String,?>]",PROP_CONFIGURATION_DECODER,1
/home/sandro/workspace/sandro/MLCQCodeSmellSamples/scripts/../dataset/commons-configuration_34357e075d63c3634310878636f9498847badcab/src/main/java/org/apache/commons/configuration2/builder/BasicBuilderParameters.java,org.apache.commons.configuration2.builder.BasicBuilderParameters,"inheritFrom/1[java.util.Map<java.lang.String,?>]",PROP_CONVERSION_HANDLER,1
/home/sandro/workspace/sandro/MLCQCodeSmellSamples/scripts/../dataset/commons-configuration_34357e075d63c3634310878636f9498847badcab/src/main/java/org/apache/commons/configuration2/builder/BasicBuilderParameters.java,org.apache.commons.configuration2.builder.BasicBuilderParameters,"fetchDefaultLookups/1[java.util.Map<java.lang.String,java.lang.Object>]",PROP_DEFAULT_LOOKUPS,1
/home/sandro/workspace/sandro/MLCQCodeSmellSamples/scripts/../dataset/commons-configuration_34357e075d63c3634310878636f9498847badcab/src/main/java/org/apache/commons/configuration2/builder/BasicBuilderParameters.java,org.apache.commons.configuration2.builder.BasicBuilderParameters,merge/1[org.apache.commons.configuration2.builder.BuilderParameters],properties,1
/home/sandro/workspace/sandro/MLCQCodeSmellSamples/scripts/../dataset/commons-configuration_34357e075d63c3634310878636f9498847badcab/src/main/java/org/apache/commons/configuration2/builder/BasicBuilderParameters.java,org.apache.commons.configuration2.builder.BasicBuilderParameters,"storeProperty/2[java.lang.String,java.lang.Object]",properties,2
/home/sandro/workspace/sandro/MLCQCodeSmellSamples/scripts/../dataset/commons-configuration_34357e075d63c3634310878636f9498847badcab/src/main/java/org/apache/commons/configuration2/builder/BasicBuilderParameters.java,org.apache.commons.configuration2.builder.BasicBuilderParameters,setSynchronizer/1[org.apache.commons.configuration2.sync.Synchronizer],PROP_SYNCHRONIZER,1
/home/sandro/workspace/sandro/MLCQCodeSmellSamples/scripts/../dataset/commons-configuration_34357e075d63c3634310878636f9498847badcab/src/main/java/org/apache/commons/configuration2/builder/BasicBuilderParameters.java,org.apache.commons.configuration2.builder.BasicBuilderParameters,setListDelimiterHandler/1[org.apache.commons.configuration2.convert.ListDelimiterHandler],PROP_LIST_DELIMITER_HANDLER,1
/home/sandro/workspace/sandro/MLCQCodeSmellSamples/scripts/../dataset/commons-configuration_34357e075d63c3634310878636f9498847badcab/src/main/java/org/apache/commons/configuration2/builder/BasicBuilderParameters.java,org.apache.commons.configuration2.builder.BasicBuilderParameters,fetchProperty/1[java.lang.String],properties,1
/home/sandro/workspace/sandro/MLCQCodeSmellSamples/scripts/../dataset/commons-configuration_34357e075d63c3634310878636f9498847badcab/src/main/java/org/apache/commons/configuration2/builder/BasicBuilderParameters.java,org.apache.commons.configuration2.builder.BasicBuilderParameters,"fetchAndCheckDefaultLookups/1[java.util.Map<java.lang.String,java.lang.Object>]",PROP_DEFAULT_LOOKUPS,1
/home/sandro/workspace/sandro/MLCQCodeSmellSamples/scripts/../dataset/commons-configuration_34357e075d63c3634310878636f9498847badcab/src/main/java/org/apache/commons/configuration2/builder/BasicBuilderParameters.java,org.apache.commons.configuration2.builder.BasicBuilderParameters,setLogger/1[org.apache.commons.configuration2.io.ConfigurationLogger],PROP_LOGGER,1
/home/sandro/workspace/sandro/MLCQCodeSmellSamples/scripts/../dataset/commons-configuration_34357e075d63c3634310878636f9498847badcab/src/main/java/org/apache/commons/configuration2/builder/BasicBuilderParameters.java,org.apache.commons.configuration2.builder.BasicBuilderParameters,"fetchBeanHelper/1[java.util.Map<java.lang.String,java.lang.Object>]",PROP_BEAN_HELPER,1
/home/sandro/workspace/sandro/MLCQCodeSmellSamples/scripts/../dataset/commons-configuration_34357e075d63c3634310878636f9498847badcab/src/main/java/org/apache/commons/configuration2/builder/BasicBuilderParameters.java,org.apache.commons.configuration2.builder.BasicBuilderParameters,"fetchPrefixLookups/1[java.util.Map<java.lang.String,java.lang.Object>]",PROP_PREFIX_LOOKUPS,1
/home/sandro/workspace/sandro/MLCQCodeSmellSamples/scripts/../dataset/commons-configuration_34357e075d63c3634310878636f9498847badcab/src/main/java/org/apache/commons/configuration2/builder/BasicBuilderParameters.java,org.apache.commons.configuration2.builder.BasicBuilderParameters,"setPrefixLookups/1[java.util.Map<java.lang.String,? extends org.apache.commons.configuration2.interpol.Lookup>]",PROP_PREFIX_LOOKUPS,2
/home/sandro/workspace/sandro/MLCQCodeSmellSamples/scripts/../dataset/commons-configuration_34357e075d63c3634310878636f9498847badcab/src/main/java/org/apache/commons/configuration2/builder/BasicBuilderParameters.java,org.apache.commons.configuration2.builder.BasicBuilderParameters,"setPrefixLookups/1[java.util.Map<java.lang.String,? extends org.apache.commons.configuration2.interpol.Lookup>]",properties,1
/home/sandro/workspace/sandro/MLCQCodeSmellSamples/scripts/../dataset/commons-configuration_34357e075d63c3634310878636f9498847badcab/src/main/java/org/apache/commons/configuration2/builder/BasicBuilderParameters.java,org.apache.commons.configuration2.builder.BasicBuilderParameters,setDefaultLookups/1[java.util.Collection<? extends org.apache.commons.configuration2.interpol.Lookup>],PROP_DEFAULT_LOOKUPS,2
/home/sandro/workspace/sandro/MLCQCodeSmellSamples/scripts/../dataset/commons-configuration_34357e075d63c3634310878636f9498847badcab/src/main/java/org/apache/commons/configuration2/builder/BasicBuilderParameters.java,org.apache.commons.configuration2.builder.BasicBuilderParameters,setDefaultLookups/1[java.util.Collection<? extends org.apache.commons.configuration2.interpol.Lookup>],properties,1
/home/sandro/workspace/sandro/MLCQCodeSmellSamples/scripts/../dataset/commons-configuration_34357e075d63c3634310878636f9498847badcab/src/test/java/org/apache/commons/configuration2/io/TestFileHandler.java,org.apache.commons.configuration2.io.TestFileHandler,testInitFromMap/0,TEST_FILENAME,1
/home/sandro/workspace/sandro/MLCQCodeSmellSamples/scripts/../dataset/commons-configuration_34357e075d63c3634310878636f9498847badcab/src/test/java/org/apache/commons/configuration2/io/TestFileHandler.java,org.apache.commons.configuration2.io.TestFileHandler,testLoadFromReaderIOException/0,CONTENT,1
/home/sandro/workspace/sandro/MLCQCodeSmellSamples/scripts/../dataset/commons-configuration_34357e075d63c3634310878636f9498847badcab/src/test/java/org/apache/commons/configuration2/io/TestFileHandler.java,org.apache.commons.configuration2.io.TestFileHandler,testLoadFileLocatorAware/0,CONTENT,1
/home/sandro/workspace/sandro/MLCQCodeSmellSamples/scripts/../dataset/commons-configuration_34357e075d63c3634310878636f9498847badcab/src/test/java/org/apache/commons/configuration2/io/TestFileHandler.java,org.apache.commons.configuration2.io.TestFileHandler,testSetURLFileScheme/0,TEST_FILENAME,1
/home/sandro/workspace/sandro/MLCQCodeSmellSamples/scripts/../dataset/commons-configuration_34357e075d63c3634310878636f9498847badcab/src/test/java/org/apache/commons/configuration2/io/TestFileHandler.java,org.apache.commons.configuration2.io.TestFileHandler,testSaveFileLocatorAware/0,folder,1
/home/sandro/workspace/sandro/MLCQCodeSmellSamples/scripts/../dataset/commons-configuration_34357e075d63c3634310878636f9498847badcab/src/test/java/org/apache/commons/configuration2/io/TestFileHandler.java,org.apache.commons.configuration2.io.TestFileHandler,testSaveFileLocatorAware/0,CONTENT,1
/home/sandro/workspace/sandro/MLCQCodeSmellSamples/scripts/../dataset/commons-configuration_34357e075d63c3634310878636f9498847badcab/src/test/java/org/apache/commons/configuration2/io/TestFileHandler.java,org.apache.commons.configuration2.io.TestFileHandler,testLoadFromFilePath/0,CONTENT,1
/home/sandro/workspace/sandro/MLCQCodeSmellSamples/scripts/../dataset/commons-configuration_34357e075d63c3634310878636f9498847badcab/src/test/java/org/apache/commons/configuration2/io/TestFileHandler.java,org.apache.commons.configuration2.io.TestFileHandler,testLoadFromReader/0,CONTENT,1
/home/sandro/workspace/sandro/MLCQCodeSmellSamples/scripts/../dataset/commons-configuration_34357e075d63c3634310878636f9498847badcab/src/test/java/org/apache/commons/configuration2/io/TestFileHandler.java,org.apache.commons.configuration2.io.TestFileHandler,testSaveToFile/0,folder,1
/home/sandro/workspace/sandro/MLCQCodeSmellSamples/scripts/../dataset/commons-configuration_34357e075d63c3634310878636f9498847badcab/src/test/java/org/apache/commons/configuration2/io/TestFileHandler.java,org.apache.commons.configuration2.io.TestFileHandler,testSaveToFile/0,CONTENT,1
/home/sandro/workspace/sandro/MLCQCodeSmellSamples/scripts/../dataset/commons-configuration_34357e075d63c3634310878636f9498847badcab/src/test/java/org/apache/commons/configuration2/io/TestFileHandler.java,org.apache.commons.configuration2.io.TestFileHandler,testSetFile/0,TEST_FILENAME,2
/home/sandro/workspace/sandro/MLCQCodeSmellSamples/scripts/../dataset/commons-configuration_34357e075d63c3634310878636f9498847badcab/src/test/java/org/apache/commons/configuration2/io/TestFileHandler.java,org.apache.commons.configuration2.io.TestFileHandler,testSaveSynchronized/0,folder,1
/home/sandro/workspace/sandro/MLCQCodeSmellSamples/scripts/../dataset/commons-configuration_34357e075d63c3634310878636f9498847badcab/src/test/java/org/apache/commons/configuration2/io/TestFileHandler.java,org.apache.commons.configuration2.io.TestFileHandler,testSaveToWriter/0,CONTENT,1
/home/sandro/workspace/sandro/MLCQCodeSmellSamples/scripts/../dataset/commons-configuration_34357e075d63c3634310878636f9498847badcab/src/test/java/org/apache/commons/configuration2/io/TestFileHandler.java,org.apache.commons.configuration2.io.TestFileHandler,testSaveToFileName/0,folder,1
/home/sandro/workspace/sandro/MLCQCodeSmellSamples/scripts/../dataset/commons-configuration_34357e075d63c3634310878636f9498847badcab/src/test/java/org/apache/commons/configuration2/io/TestFileHandler.java,org.apache.commons.configuration2.io.TestFileHandler,testSaveToFileName/0,CONTENT,1
/home/sandro/workspace/sandro/MLCQCodeSmellSamples/scripts/../dataset/commons-configuration_34357e075d63c3634310878636f9498847badcab/src/test/java/org/apache/commons/configuration2/io/TestFileHandler.java,org.apache.commons.configuration2.io.TestFileHandler,testLoadNoContent/0,CONTENT,1
/home/sandro/workspace/sandro/MLCQCodeSmellSamples/scripts/../dataset/commons-configuration_34357e075d63c3634310878636f9498847badcab/src/test/java/org/apache/commons/configuration2/io/TestFileHandler.java,org.apache.commons.configuration2.io.TestFileHandler,testSaveToFileNameURLException/0,folder,1
/home/sandro/workspace/sandro/MLCQCodeSmellSamples/scripts/../dataset/commons-configuration_34357e075d63c3634310878636f9498847badcab/src/test/java/org/apache/commons/configuration2/io/TestFileHandler.java,org.apache.commons.configuration2.io.TestFileHandler,testLocationChangedBasePath/0,TEST_FILENAME,1
/home/sandro/workspace/sandro/MLCQCodeSmellSamples/scripts/../dataset/commons-configuration_34357e075d63c3634310878636f9498847badcab/src/test/java/org/apache/commons/configuration2/io/TestFileHandler.java,org.apache.commons.configuration2.io.TestFileHandler,testLoadFromStream/0,CONTENT,1
/home/sandro/workspace/sandro/MLCQCodeSmellSamples/scripts/../dataset/commons-configuration_34357e075d63c3634310878636f9498847badcab/src/test/java/org/apache/commons/configuration2/io/TestFileHandler.java,org.apache.commons.configuration2.io.TestFileHandler,testLoadFromFileNameLocation/0,CONTENT,1
/home/sandro/workspace/sandro/MLCQCodeSmellSamples/scripts/../dataset/commons-configuration_34357e075d63c3634310878636f9498847badcab/src/test/java/org/apache/commons/configuration2/io/TestFileHandler.java,org.apache.commons.configuration2.io.TestFileHandler,testSaveToStream/0,folder,1
/home/sandro/workspace/sandro/MLCQCodeSmellSamples/scripts/../dataset/commons-configuration_34357e075d63c3634310878636f9498847badcab/src/test/java/org/apache/commons/configuration2/io/TestFileHandler.java,org.apache.commons.configuration2.io.TestFileHandler,testSaveToStream/0,CONTENT,1
/home/sandro/workspace/sandro/MLCQCodeSmellSamples/scripts/../dataset/commons-configuration_34357e075d63c3634310878636f9498847badcab/src/test/java/org/apache/commons/configuration2/io/TestFileHandler.java,org.apache.commons.configuration2.io.TestFileHandler,testLocationChangedFileName/0,TEST_FILENAME,1
/home/sandro/workspace/sandro/MLCQCodeSmellSamples/scripts/../dataset/commons-configuration_34357e075d63c3634310878636f9498847badcab/src/test/java/org/apache/commons/configuration2/io/TestFileHandler.java,org.apache.commons.configuration2.io.TestFileHandler,testSetFileName/0,TEST_FILENAME,4
/home/sandro/workspace/sandro/MLCQCodeSmellSamples/scripts/../dataset/commons-configuration_34357e075d63c3634310878636f9498847badcab/src/test/java/org/apache/commons/configuration2/io/TestFileHandler.java,org.apache.commons.configuration2.io.TestFileHandler,testLoadFromURL/0,CONTENT,1
/home/sandro/workspace/sandro/MLCQCodeSmellSamples/scripts/../dataset/commons-configuration_34357e075d63c3634310878636f9498847badcab/src/test/java/org/apache/commons/configuration2/io/TestFileHandler.java,org.apache.commons.configuration2.io.TestFileHandler,testSetBasePath/0,TEST_FILENAME,1
/home/sandro/workspace/sandro/MLCQCodeSmellSamples/scripts/../dataset/commons-configuration_34357e075d63c3634310878636f9498847badcab/src/test/java/org/apache/commons/configuration2/io/TestFileHandler.java,org.apache.commons.configuration2.io.TestFileHandler,testPathWithPlus/0,folder,1
/home/sandro/workspace/sandro/MLCQCodeSmellSamples/scripts/../dataset/commons-configuration_34357e075d63c3634310878636f9498847badcab/src/test/java/org/apache/commons/configuration2/io/TestFileHandler.java,org.apache.commons.configuration2.io.TestFileHandler,testPathWithPlus/0,CONTENT,1
/home/sandro/workspace/sandro/MLCQCodeSmellSamples/scripts/../dataset/commons-configuration_34357e075d63c3634310878636f9498847badcab/src/test/java/org/apache/commons/configuration2/io/TestFileHandler.java,org.apache.commons.configuration2.io.TestFileHandler,testLoadFileLocatorAwareReader/0,CONTENT,1
/home/sandro/workspace/sandro/MLCQCodeSmellSamples/scripts/../dataset/commons-configuration_34357e075d63c3634310878636f9498847badcab/src/test/java/org/apache/commons/configuration2/io/TestFileHandler.java,org.apache.commons.configuration2.io.TestFileHandler,testSetURLNull/0,TEST_FILENAME,1
/home/sandro/workspace/sandro/MLCQCodeSmellSamples/scripts/../dataset/commons-configuration_34357e075d63c3634310878636f9498847badcab/src/test/java/org/apache/commons/configuration2/io/TestFileHandler.java,org.apache.commons.configuration2.io.TestFileHandler,createTestFile/1[java.io.File],folder,1
/home/sandro/workspace/sandro/MLCQCodeSmellSamples/scripts/../dataset/commons-configuration_34357e075d63c3634310878636f9498847badcab/src/test/java/org/apache/commons/configuration2/io/TestFileHandler.java,org.apache.commons.configuration2.io.TestFileHandler,createTestFile/1[java.io.File],CONTENT,1
/home/sandro/workspace/sandro/MLCQCodeSmellSamples/scripts/../dataset/commons-configuration_34357e075d63c3634310878636f9498847badcab/src/test/java/org/apache/commons/configuration2/io/TestFileHandler.java,org.apache.commons.configuration2.io.TestFileHandler,testLoadInputStreamSupport/0,CONTENT,2
/home/sandro/workspace/sandro/MLCQCodeSmellSamples/scripts/../dataset/commons-configuration_34357e075d63c3634310878636f9498847badcab/src/test/java/org/apache/commons/configuration2/io/TestFileHandler.java,org.apache.commons.configuration2.io.TestFileHandler,testLoadFromURLLocation/0,CONTENT,1
/home/sandro/workspace/sandro/MLCQCodeSmellSamples/scripts/../dataset/commons-configuration_34357e075d63c3634310878636f9498847badcab/src/test/java/org/apache/commons/configuration2/io/TestFileHandler.java,org.apache.commons.configuration2.io.TestFileHandler,testLocateSuccess/0,TEST_FILENAME,2
/home/sandro/workspace/sandro/MLCQCodeSmellSamples/scripts/../dataset/commons-configuration_34357e075d63c3634310878636f9498847badcab/src/test/java/org/apache/commons/configuration2/io/TestFileHandler.java,org.apache.commons.configuration2.io.TestFileHandler,testLoadFromFile/0,CONTENT,1
/home/sandro/workspace/sandro/MLCQCodeSmellSamples/scripts/../dataset/commons-configuration_34357e075d63c3634310878636f9498847badcab/src/test/java/org/apache/commons/configuration2/io/TestFileHandler.java,org.apache.commons.configuration2.io.TestFileHandler,testPathWithSpaces/0,folder,1
/home/sandro/workspace/sandro/MLCQCodeSmellSamples/scripts/../dataset/commons-configuration_34357e075d63c3634310878636f9498847badcab/src/test/java/org/apache/commons/configuration2/io/TestFileHandler.java,org.apache.commons.configuration2.io.TestFileHandler,testPathWithSpaces/0,CONTENT,2
/home/sandro/workspace/sandro/MLCQCodeSmellSamples/scripts/../dataset/commons-configuration_34357e075d63c3634310878636f9498847badcab/src/test/java/org/apache/commons/configuration2/io/TestFileHandler.java,org.apache.commons.configuration2.io.TestFileHandler,testLocationChangedURL/0,folder,1
/home/sandro/workspace/sandro/MLCQCodeSmellSamples/scripts/../dataset/commons-configuration_34357e075d63c3634310878636f9498847badcab/src/test/java/org/apache/commons/configuration2/io/TestFileHandler.java,org.apache.commons.configuration2.io.TestFileHandler,testSaveEvents/0,folder,1
/home/sandro/workspace/sandro/MLCQCodeSmellSamples/scripts/../dataset/commons-configuration_34357e075d63c3634310878636f9498847badcab/src/test/java/org/apache/commons/configuration2/io/TestFileHandler.java,org.apache.commons.configuration2.io.TestFileHandler,testLoadFromFilePathWithURLDefined/0,CONTENT,1
/home/sandro/workspace/sandro/MLCQCodeSmellSamples/scripts/../dataset/commons-configuration_34357e075d63c3634310878636f9498847badcab/src/test/java/org/apache/commons/configuration2/io/TestFileHandler.java,org.apache.commons.configuration2.io.TestFileHandler,testInitPropertiesMultiThreaded/0,TEST_FILENAME,1
/home/sandro/workspace/sandro/MLCQCodeSmellSamples/scripts/../dataset/commons-configuration_34357e075d63c3634310878636f9498847badcab/src/test/java/org/apache/commons/configuration2/io/TestFileHandler.java,org.apache.commons.configuration2.io.TestFileHandler,testLocationChangedLocator/0,TEST_FILENAME,1
/home/sandro/workspace/sandro/MLCQCodeSmellSamples/scripts/../dataset/commons-configuration_34357e075d63c3634310878636f9498847badcab/src/test/java/org/apache/commons/configuration2/io/TestFileHandler.java,org.apache.commons.configuration2.io.TestFileHandler,testSaveToURLLocation/0,folder,1
/home/sandro/workspace/sandro/MLCQCodeSmellSamples/scripts/../dataset/commons-configuration_34357e075d63c3634310878636f9498847badcab/src/test/java/org/apache/commons/configuration2/io/TestFileHandler.java,org.apache.commons.configuration2.io.TestFileHandler,testSaveToURLLocation/0,CONTENT,1
/home/sandro/workspace/sandro/MLCQCodeSmellSamples/scripts/../dataset/commons-configuration_34357e075d63c3634310878636f9498847badcab/src/test/java/org/apache/commons/configuration2/io/TestFileHandler.java,org.apache.commons.configuration2.io.TestFileHandler,testSaveToFileNameLocation/0,folder,1
/home/sandro/workspace/sandro/MLCQCodeSmellSamples/scripts/../dataset/commons-configuration_34357e075d63c3634310878636f9498847badcab/src/test/java/org/apache/commons/configuration2/io/TestFileHandler.java,org.apache.commons.configuration2.io.TestFileHandler,testSaveToFileNameLocation/0,CONTENT,1
/home/sandro/workspace/sandro/MLCQCodeSmellSamples/scripts/../dataset/commons-configuration_34357e075d63c3634310878636f9498847badcab/src/test/java/org/apache/commons/configuration2/io/TestFileHandler.java,org.apache.commons.configuration2.io.TestFileHandler,testLocationChangedPath/0,TEST_FILENAME,1
/home/sandro/workspace/sandro/MLCQCodeSmellSamples/scripts/../dataset/commons-configuration_34357e075d63c3634310878636f9498847badcab/src/test/java/org/apache/commons/configuration2/io/TestFileHandler.java,org.apache.commons.configuration2.io.TestFileHandler,testSaveToURL/0,folder,1
/home/sandro/workspace/sandro/MLCQCodeSmellSamples/scripts/../dataset/commons-configuration_34357e075d63c3634310878636f9498847badcab/src/test/java/org/apache/commons/configuration2/io/TestFileHandler.java,org.apache.commons.configuration2.io.TestFileHandler,testSaveToURL/0,CONTENT,1
/home/sandro/workspace/sandro/MLCQCodeSmellSamples/scripts/../dataset/commons-configuration_34357e075d63c3634310878636f9498847badcab/src/test/java/org/apache/commons/configuration2/io/TestFileHandler.java,org.apache.commons.configuration2.io.TestFileHandler,testLocationChangedFile/0,folder,1
/home/sandro/workspace/sandro/MLCQCodeSmellSamples/scripts/../dataset/commons-configuration_34357e075d63c3634310878636f9498847badcab/src/test/java/org/apache/commons/configuration2/io/TestFileHandler.java,org.apache.commons.configuration2.io.TestFileHandler,testSetFileLocator/0,TEST_FILENAME,2
/home/sandro/workspace/sandro/MLCQCodeSmellSamples/scripts/../dataset/commons-configuration_34357e075d63c3634310878636f9498847badcab/src/test/java/org/apache/commons/configuration2/io/TestFileHandler.java,org.apache.commons.configuration2.io.TestFileHandler,testLoadFileLocatorAwareStream/0,CONTENT,1
/home/sandro/workspace/sandro/MLCQCodeSmellSamples/scripts/../dataset/commons-configuration_34357e075d63c3634310878636f9498847badcab/src/test/java/org/apache/commons/configuration2/io/TestFileHandler.java,org.apache.commons.configuration2.io.TestFileHandler,testSaveToFileNameURLNotResolved/0,folder,1
/home/sandro/workspace/sandro/MLCQCodeSmellSamples/scripts/../dataset/commons-configuration_34357e075d63c3634310878636f9498847badcab/src/test/java/org/apache/commons/configuration2/io/TestFileHandler.java,org.apache.commons.configuration2.io.TestFileHandler,testLoadInputStreamSupportIOException/0,CONTENT,1
/home/sandro/workspace/sandro/MLCQCodeSmellSamples/scripts/../dataset/commons-configuration_34357e075d63c3634310878636f9498847badcab/src/test/java/org/apache/commons/configuration2/io/TestFileHandler.java,org.apache.commons.configuration2.io.TestFileHandler,testSetPath/0,TEST_FILENAME,3
/home/sandro/workspace/sandro/MLCQCodeSmellSamples/scripts/../dataset/commons-configuration_34357e075d63c3634310878636f9498847badcab/src/main/java/org/apache/commons/configuration2/interpol/ConfigurationInterpolator.java,org.apache.commons.configuration2.interpol.ConfigurationInterpolator,extractVariableName/1[java.lang.String],VAR_END_LENGTH,1
/home/sandro/workspace/sandro/MLCQCodeSmellSamples/scripts/../dataset/commons-configuration_34357e075d63c3634310878636f9498847badcab/src/main/java/org/apache/commons/configuration2/interpol/ConfigurationInterpolator.java,org.apache.commons.configuration2.interpol.ConfigurationInterpolator,extractVariableName/1[java.lang.String],VAR_START_LENGTH,1
/home/sandro/workspace/sandro/MLCQCodeSmellSamples/scripts/../dataset/commons-configuration_34357e075d63c3634310878636f9498847badcab/src/main/java/org/apache/commons/configuration2/interpol/ConfigurationInterpolator.java,org.apache.commons.configuration2.interpol.ConfigurationInterpolator,interpolate/1[java.lang.Object],substitutor,1
/home/sandro/workspace/sandro/MLCQCodeSmellSamples/scripts/../dataset/commons-configuration_34357e075d63c3634310878636f9498847badcab/src/main/java/org/apache/commons/configuration2/interpol/ConfigurationInterpolator.java,org.apache.commons.configuration2.interpol.ConfigurationInterpolator,getDefaultPrefixLookups/0,DEFAULT_PREFIX_LOOKUPS,1
/home/sandro/workspace/sandro/MLCQCodeSmellSamples/scripts/../dataset/commons-configuration_34357e075d63c3634310878636f9498847badcab/src/main/java/org/apache/commons/configuration2/interpol/ConfigurationInterpolator.java,org.apache.commons.configuration2.interpol.ConfigurationInterpolator,removeDefaultLookup/1[org.apache.commons.configuration2.interpol.Lookup],defaultLookups,1
/home/sandro/workspace/sandro/MLCQCodeSmellSamples/scripts/../dataset/commons-configuration_34357e075d63c3634310878636f9498847badcab/src/main/java/org/apache/commons/configuration2/interpol/ConfigurationInterpolator.java,org.apache.commons.configuration2.interpol.ConfigurationInterpolator,setParentInterpolator/1[org.apache.commons.configuration2.interpol.ConfigurationInterpolator],parentInterpolator,4
/home/sandro/workspace/sandro/MLCQCodeSmellSamples/scripts/../dataset/commons-configuration_34357e075d63c3634310878636f9498847badcab/src/main/java/org/apache/commons/configuration2/interpol/ConfigurationInterpolator.java,org.apache.commons.configuration2.interpol.ConfigurationInterpolator,setEnableSubstitutionInVariables/1[boolean],substitutor,1
/home/sandro/workspace/sandro/MLCQCodeSmellSamples/scripts/../dataset/commons-configuration_34357e075d63c3634310878636f9498847badcab/src/main/java/org/apache/commons/configuration2/interpol/ConfigurationInterpolator.java,org.apache.commons.configuration2.interpol.ConfigurationInterpolator,looksLikeSingleVariable/1[java.lang.String],VAR_END,1
/home/sandro/workspace/sandro/MLCQCodeSmellSamples/scripts/../dataset/commons-configuration_34357e075d63c3634310878636f9498847badcab/src/main/java/org/apache/commons/configuration2/interpol/ConfigurationInterpolator.java,org.apache.commons.configuration2.interpol.ConfigurationInterpolator,looksLikeSingleVariable/1[java.lang.String],VAR_START,1
/home/sandro/workspace/sandro/MLCQCodeSmellSamples/scripts/../dataset/commons-configuration_34357e075d63c3634310878636f9498847badcab/src/main/java/org/apache/commons/configuration2/interpol/ConfigurationInterpolator.java,org.apache.commons.configuration2.interpol.ConfigurationInterpolator,addDefaultLookups/1[java.util.Collection<? extends org.apache.commons.configuration2.interpol.Lookup>],defaultLookups,1
/home/sandro/workspace/sandro/MLCQCodeSmellSamples/scripts/../dataset/commons-configuration_34357e075d63c3634310878636f9498847badcab/src/main/java/org/apache/commons/configuration2/interpol/ConfigurationInterpolator.java,org.apache.commons.configuration2.interpol.ConfigurationInterpolator,getLookups/0,prefixLookups,1
/home/sandro/workspace/sandro/MLCQCodeSmellSamples/scripts/../dataset/commons-configuration_34357e075d63c3634310878636f9498847badcab/src/main/java/org/apache/commons/configuration2/interpol/ConfigurationInterpolator.java,org.apache.commons.configuration2.interpol.ConfigurationInterpolator,prefixSet/0,prefixLookups,1
/home/sandro/workspace/sandro/MLCQCodeSmellSamples/scripts/../dataset/commons-configuration_34357e075d63c3634310878636f9498847badcab/src/main/java/org/apache/commons/configuration2/interpol/ConfigurationInterpolator.java,org.apache.commons.configuration2.interpol.ConfigurationInterpolator,"registerLookups/1[java.util.Map<java.lang.String,? extends org.apache.commons.configuration2.interpol.Lookup>]",prefixLookups,1
/home/sandro/workspace/sandro/MLCQCodeSmellSamples/scripts/../dataset/commons-configuration_34357e075d63c3634310878636f9498847badcab/src/main/java/org/apache/commons/configuration2/interpol/ConfigurationInterpolator.java,org.apache.commons.configuration2.interpol.ConfigurationInterpolator,getDefaultLookups/0,defaultLookups,1
/home/sandro/workspace/sandro/MLCQCodeSmellSamples/scripts/../dataset/commons-configuration_34357e075d63c3634310878636f9498847badcab/src/main/java/org/apache/commons/configuration2/interpol/ConfigurationInterpolator.java,org.apache.commons.configuration2.interpol.ConfigurationInterpolator,fetchLookupForPrefix/1[java.lang.String],prefixLookups,1
/home/sandro/workspace/sandro/MLCQCodeSmellSamples/scripts/../dataset/commons-configuration_34357e075d63c3634310878636f9498847badcab/src/main/java/org/apache/commons/configuration2/interpol/ConfigurationInterpolator.java,org.apache.commons.configuration2.interpol.ConfigurationInterpolator,"registerLookup/2[java.lang.String,org.apache.commons.configuration2.interpol.Lookup]",prefixLookups,1
/home/sandro/workspace/sandro/MLCQCodeSmellSamples/scripts/../dataset/commons-configuration_34357e075d63c3634310878636f9498847badcab/src/main/java/org/apache/commons/configuration2/interpol/ConfigurationInterpolator.java,org.apache.commons.configuration2.interpol.ConfigurationInterpolator,isEnableSubstitutionInVariables/0,substitutor,1
/home/sandro/workspace/sandro/MLCQCodeSmellSamples/scripts/../dataset/commons-configuration_34357e075d63c3634310878636f9498847badcab/src/main/java/org/apache/commons/configuration2/interpol/ConfigurationInterpolator.java,org.apache.commons.configuration2.interpol.ConfigurationInterpolator,ConfigurationInterpolator/0,substitutor,1
/home/sandro/workspace/sandro/MLCQCodeSmellSamples/scripts/../dataset/commons-configuration_34357e075d63c3634310878636f9498847badcab/src/main/java/org/apache/commons/configuration2/interpol/ConfigurationInterpolator.java,org.apache.commons.configuration2.interpol.ConfigurationInterpolator,ConfigurationInterpolator/0,defaultLookups,1
/home/sandro/workspace/sandro/MLCQCodeSmellSamples/scripts/../dataset/commons-configuration_34357e075d63c3634310878636f9498847badcab/src/main/java/org/apache/commons/configuration2/interpol/ConfigurationInterpolator.java,org.apache.commons.configuration2.interpol.ConfigurationInterpolator,ConfigurationInterpolator/0,prefixLookups,1
/home/sandro/workspace/sandro/MLCQCodeSmellSamples/scripts/../dataset/commons-configuration_34357e075d63c3634310878636f9498847badcab/src/main/java/org/apache/commons/configuration2/interpol/ConfigurationInterpolator.java,org.apache.commons.configuration2.interpol.ConfigurationInterpolator,resolve/1[java.lang.String],defaultLookups,1
/home/sandro/workspace/sandro/MLCQCodeSmellSamples/scripts/../dataset/commons-configuration_34357e075d63c3634310878636f9498847badcab/src/main/java/org/apache/commons/configuration2/interpol/ConfigurationInterpolator.java,org.apache.commons.configuration2.interpol.ConfigurationInterpolator,resolve/1[java.lang.String],PREFIX_SEPARATOR,1
/home/sandro/workspace/sandro/MLCQCodeSmellSamples/scripts/../dataset/commons-configuration_34357e075d63c3634310878636f9498847badcab/src/main/java/org/apache/commons/configuration2/interpol/ConfigurationInterpolator.java,org.apache.commons.configuration2.interpol.ConfigurationInterpolator,addDefaultLookup/1[org.apache.commons.configuration2.interpol.Lookup],defaultLookups,1
/home/sandro/workspace/sandro/MLCQCodeSmellSamples/scripts/../dataset/commons-configuration_34357e075d63c3634310878636f9498847badcab/src/main/java/org/apache/commons/configuration2/interpol/ConfigurationInterpolator.java,org.apache.commons.configuration2.interpol.ConfigurationInterpolator,getParentInterpolator/0,parentInterpolator,1
/home/sandro/workspace/sandro/MLCQCodeSmellSamples/scripts/../dataset/commons-configuration_34357e075d63c3634310878636f9498847badcab/src/main/java/org/apache/commons/configuration2/interpol/ConfigurationInterpolator.java,org.apache.commons.configuration2.interpol.ConfigurationInterpolator,deregisterLookup/1[java.lang.String],prefixLookups,1
/home/sandro/workspace/sandro/MLCQCodeSmellSamples/scripts/../dataset/commons-configuration_34357e075d63c3634310878636f9498847badcab/src/main/java/org/apache/commons/configuration2/tree/TreeData.java,org.apache.commons.configuration2.tree.TreeData,getNodeTracker/0,nodeTracker,1
/home/sandro/workspace/sandro/MLCQCodeSmellSamples/scripts/../dataset/commons-configuration_34357e075d63c3634310878636f9498847badcab/src/main/java/org/apache/commons/configuration2/tree/TreeData.java,org.apache.commons.configuration2.tree.TreeData,copyReplacementMapping/0,replacementMapping,1
/home/sandro/workspace/sandro/MLCQCodeSmellSamples/scripts/../dataset/commons-configuration_34357e075d63c3634310878636f9498847badcab/src/main/java/org/apache/commons/configuration2/tree/TreeData.java,org.apache.commons.configuration2.tree.TreeData,updateReferenceTracker/1[org.apache.commons.configuration2.tree.ReferenceTracker],root,1
/home/sandro/workspace/sandro/MLCQCodeSmellSamples/scripts/../dataset/commons-configuration_34357e075d63c3634310878636f9498847badcab/src/main/java/org/apache/commons/configuration2/tree/TreeData.java,org.apache.commons.configuration2.tree.TreeData,updateReferenceTracker/1[org.apache.commons.configuration2.tree.ReferenceTracker],replacementMapping,1
/home/sandro/workspace/sandro/MLCQCodeSmellSamples/scripts/../dataset/commons-configuration_34357e075d63c3634310878636f9498847badcab/src/main/java/org/apache/commons/configuration2/tree/TreeData.java,org.apache.commons.configuration2.tree.TreeData,updateReferenceTracker/1[org.apache.commons.configuration2.tree.ReferenceTracker],parentMapping,1
/home/sandro/workspace/sandro/MLCQCodeSmellSamples/scripts/../dataset/commons-configuration_34357e075d63c3634310878636f9498847badcab/src/main/java/org/apache/commons/configuration2/tree/TreeData.java,org.apache.commons.configuration2.tree.TreeData,updateReferenceTracker/1[org.apache.commons.configuration2.tree.ReferenceTracker],nodeTracker,1
/home/sandro/workspace/sandro/MLCQCodeSmellSamples/scripts/../dataset/commons-configuration_34357e075d63c3634310878636f9498847badcab/src/main/java/org/apache/commons/configuration2/tree/TreeData.java,org.apache.commons.configuration2.tree.TreeData,getRootNode/0,root,1
/home/sandro/workspace/sandro/MLCQCodeSmellSamples/scripts/../dataset/commons-configuration_34357e075d63c3634310878636f9498847badcab/src/main/java/org/apache/commons/configuration2/tree/TreeData.java,org.apache.commons.configuration2.tree.TreeData,getParent/1[org.apache.commons.configuration2.tree.ImmutableNode],inverseReplacementMapping,1
/home/sandro/workspace/sandro/MLCQCodeSmellSamples/scripts/../dataset/commons-configuration_34357e075d63c3634310878636f9498847badcab/src/main/java/org/apache/commons/configuration2/tree/TreeData.java,org.apache.commons.configuration2.tree.TreeData,getParent/1[org.apache.commons.configuration2.tree.ImmutableNode],replacementMapping,1
/home/sandro/workspace/sandro/MLCQCodeSmellSamples/scripts/../dataset/commons-configuration_34357e075d63c3634310878636f9498847badcab/src/main/java/org/apache/commons/configuration2/tree/TreeData.java,org.apache.commons.configuration2.tree.TreeData,getParent/1[org.apache.commons.configuration2.tree.ImmutableNode],parentMapping,1
/home/sandro/workspace/sandro/MLCQCodeSmellSamples/scripts/../dataset/commons-configuration_34357e075d63c3634310878636f9498847badcab/src/main/java/org/apache/commons/configuration2/tree/TreeData.java,org.apache.commons.configuration2.tree.TreeData,getReferenceTracker/0,referenceTracker,1
/home/sandro/workspace/sandro/MLCQCodeSmellSamples/scripts/../dataset/commons-configuration_34357e075d63c3634310878636f9498847badcab/src/main/java/org/apache/commons/configuration2/tree/TreeData.java,org.apache.commons.configuration2.tree.TreeData,updateNodeTracker/1[org.apache.commons.configuration2.tree.NodeTracker],root,1
/home/sandro/workspace/sandro/MLCQCodeSmellSamples/scripts/../dataset/commons-configuration_34357e075d63c3634310878636f9498847badcab/src/main/java/org/apache/commons/configuration2/tree/TreeData.java,org.apache.commons.configuration2.tree.TreeData,updateNodeTracker/1[org.apache.commons.configuration2.tree.NodeTracker],replacementMapping,1
/home/sandro/workspace/sandro/MLCQCodeSmellSamples/scripts/../dataset/commons-configuration_34357e075d63c3634310878636f9498847badcab/src/main/java/org/apache/commons/configuration2/tree/TreeData.java,org.apache.commons.configuration2.tree.TreeData,updateNodeTracker/1[org.apache.commons.configuration2.tree.NodeTracker],parentMapping,1
/home/sandro/workspace/sandro/MLCQCodeSmellSamples/scripts/../dataset/commons-configuration_34357e075d63c3634310878636f9498847badcab/src/main/java/org/apache/commons/configuration2/tree/TreeData.java,org.apache.commons.configuration2.tree.TreeData,updateNodeTracker/1[org.apache.commons.configuration2.tree.NodeTracker],referenceTracker,1
/home/sandro/workspace/sandro/MLCQCodeSmellSamples/scripts/../dataset/commons-configuration_34357e075d63c3634310878636f9498847badcab/src/main/java/org/apache/commons/configuration2/tree/TreeData.java,org.apache.commons.configuration2.tree.TreeData,"TreeData/5[org.apache.commons.configuration2.tree.ImmutableNode,java.util.Map<org.apache.commons.configuration2.tree.ImmutableNode,org.apache.commons.configuration2.tree.ImmutableNode>,java.util.Map<org.apache.commons.configuration2.tree.ImmutableNode,org.apache.commons.configuration2.tree.ImmutableNode>,org.apache.commons.configuration2.tree.NodeTracker,org.apache.commons.configuration2.tree.ReferenceTracker]",inverseReplacementMapping,1
/home/sandro/workspace/sandro/MLCQCodeSmellSamples/scripts/../dataset/commons-configuration_34357e075d63c3634310878636f9498847badcab/src/main/java/org/apache/commons/configuration2/tree/TreeData.java,org.apache.commons.configuration2.tree.TreeData,"TreeData/5[org.apache.commons.configuration2.tree.ImmutableNode,java.util.Map<org.apache.commons.configuration2.tree.ImmutableNode,org.apache.commons.configuration2.tree.ImmutableNode>,java.util.Map<org.apache.commons.configuration2.tree.ImmutableNode,org.apache.commons.configuration2.tree.ImmutableNode>,org.apache.commons.configuration2.tree.NodeTracker,org.apache.commons.configuration2.tree.ReferenceTracker]",root,4
/home/sandro/workspace/sandro/MLCQCodeSmellSamples/scripts/../dataset/commons-configuration_34357e075d63c3634310878636f9498847badcab/src/main/java/org/apache/commons/configuration2/tree/TreeData.java,org.apache.commons.configuration2.tree.TreeData,"TreeData/5[org.apache.commons.configuration2.tree.ImmutableNode,java.util.Map<org.apache.commons.configuration2.tree.ImmutableNode,org.apache.commons.configuration2.tree.ImmutableNode>,java.util.Map<org.apache.commons.configuration2.tree.ImmutableNode,org.apache.commons.configuration2.tree.ImmutableNode>,org.apache.commons.configuration2.tree.NodeTracker,org.apache.commons.configuration2.tree.ReferenceTracker]",replacementMapping,1
/home/sandro/workspace/sandro/MLCQCodeSmellSamples/scripts/../dataset/commons-configuration_34357e075d63c3634310878636f9498847badcab/src/main/java/org/apache/commons/configuration2/tree/TreeData.java,org.apache.commons.configuration2.tree.TreeData,"TreeData/5[org.apache.commons.configuration2.tree.ImmutableNode,java.util.Map<org.apache.commons.configuration2.tree.ImmutableNode,org.apache.commons.configuration2.tree.ImmutableNode>,java.util.Map<org.apache.commons.configuration2.tree.ImmutableNode,org.apache.commons.configuration2.tree.ImmutableNode>,org.apache.commons.configuration2.tree.NodeTracker,org.apache.commons.configuration2.tree.ReferenceTracker]",parentMapping,4
/home/sandro/workspace/sandro/MLCQCodeSmellSamples/scripts/../dataset/commons-configuration_34357e075d63c3634310878636f9498847badcab/src/main/java/org/apache/commons/configuration2/tree/TreeData.java,org.apache.commons.configuration2.tree.TreeData,"TreeData/5[org.apache.commons.configuration2.tree.ImmutableNode,java.util.Map<org.apache.commons.configuration2.tree.ImmutableNode,org.apache.commons.configuration2.tree.ImmutableNode>,java.util.Map<org.apache.commons.configuration2.tree.ImmutableNode,org.apache.commons.configuration2.tree.ImmutableNode>,org.apache.commons.configuration2.tree.NodeTracker,org.apache.commons.configuration2.tree.ReferenceTracker]",referenceTracker,1
/home/sandro/workspace/sandro/MLCQCodeSmellSamples/scripts/../dataset/commons-configuration_34357e075d63c3634310878636f9498847badcab/src/main/java/org/apache/commons/configuration2/tree/TreeData.java,org.apache.commons.configuration2.tree.TreeData,"TreeData/5[org.apache.commons.configuration2.tree.ImmutableNode,java.util.Map<org.apache.commons.configuration2.tree.ImmutableNode,org.apache.commons.configuration2.tree.ImmutableNode>,java.util.Map<org.apache.commons.configuration2.tree.ImmutableNode,org.apache.commons.configuration2.tree.ImmutableNode>,org.apache.commons.configuration2.tree.NodeTracker,org.apache.commons.configuration2.tree.ReferenceTracker]",nodeTracker,1
/home/sandro/workspace/sandro/MLCQCodeSmellSamples/scripts/../dataset/commons-configuration_34357e075d63c3634310878636f9498847badcab/src/main/java/org/apache/commons/configuration2/tree/TreeData.java,org.apache.commons.configuration2.tree.TreeData,copyParentMapping/0,parentMapping,1
/home/sandro/workspace/sandro/MLCQCodeSmellSamples/scripts/../dataset/commons-configuration_34357e075d63c3634310878636f9498847badcab/src/test/java/org/apache/commons/configuration2/TestJNDIConfiguration.java,org.apache.commons.configuration2.TestJNDIConfiguration,testDoubleDefaultValue/0,nonStringTestHolder,1
/home/sandro/workspace/sandro/MLCQCodeSmellSamples/scripts/../dataset/commons-configuration_34357e075d63c3634310878636f9498847badcab/src/test/java/org/apache/commons/configuration2/TestJNDIConfiguration.java,org.apache.commons.configuration2.TestJNDIConfiguration,testIntegerDefaultValue/0,nonStringTestHolder,1
/home/sandro/workspace/sandro/MLCQCodeSmellSamples/scripts/../dataset/commons-configuration_34357e075d63c3634310878636f9498847badcab/src/test/java/org/apache/commons/configuration2/TestJNDIConfiguration.java,org.apache.commons.configuration2.TestJNDIConfiguration,testBoolean/0,nonStringTestHolder,1
/home/sandro/workspace/sandro/MLCQCodeSmellSamples/scripts/../dataset/commons-configuration_34357e075d63c3634310878636f9498847badcab/src/test/java/org/apache/commons/configuration2/TestJNDIConfiguration.java,org.apache.commons.configuration2.TestJNDIConfiguration,testShortDefaultValue/0,nonStringTestHolder,1
/home/sandro/workspace/sandro/MLCQCodeSmellSamples/scripts/../dataset/commons-configuration_34357e075d63c3634310878636f9498847badcab/src/test/java/org/apache/commons/configuration2/TestJNDIConfiguration.java,org.apache.commons.configuration2.TestJNDIConfiguration,testResetRemovedProperties/0,conf,5
/home/sandro/workspace/sandro/MLCQCodeSmellSamples/scripts/../dataset/commons-configuration_34357e075d63c3634310878636f9498847badcab/src/test/java/org/apache/commons/configuration2/TestJNDIConfiguration.java,org.apache.commons.configuration2.TestJNDIConfiguration,testChangePrefix/0,conf,5
/home/sandro/workspace/sandro/MLCQCodeSmellSamples/scripts/../dataset/commons-configuration_34357e075d63c3634310878636f9498847badcab/src/test/java/org/apache/commons/configuration2/TestJNDIConfiguration.java,org.apache.commons.configuration2.TestJNDIConfiguration,testBooleanDefaultValue/0,nonStringTestHolder,1
/home/sandro/workspace/sandro/MLCQCodeSmellSamples/scripts/../dataset/commons-configuration_34357e075d63c3634310878636f9498847badcab/src/test/java/org/apache/commons/configuration2/TestJNDIConfiguration.java,org.apache.commons.configuration2.TestJNDIConfiguration,testDouble/0,nonStringTestHolder,1
/home/sandro/workspace/sandro/MLCQCodeSmellSamples/scripts/../dataset/commons-configuration_34357e075d63c3634310878636f9498847badcab/src/test/java/org/apache/commons/configuration2/TestJNDIConfiguration.java,org.apache.commons.configuration2.TestJNDIConfiguration,testGetKeysNoData/0,listener,1
/home/sandro/workspace/sandro/MLCQCodeSmellSamples/scripts/../dataset/commons-configuration_34357e075d63c3634310878636f9498847badcab/src/test/java/org/apache/commons/configuration2/TestJNDIConfiguration.java,org.apache.commons.configuration2.TestJNDIConfiguration,testGetKeysNoData/0,conf,2
/home/sandro/workspace/sandro/MLCQCodeSmellSamples/scripts/../dataset/commons-configuration_34357e075d63c3634310878636f9498847badcab/src/test/java/org/apache/commons/configuration2/TestJNDIConfiguration.java,org.apache.commons.configuration2.TestJNDIConfiguration,testListMissing/0,nonStringTestHolder,1
/home/sandro/workspace/sandro/MLCQCodeSmellSamples/scripts/../dataset/commons-configuration_34357e075d63c3634310878636f9498847badcab/src/test/java/org/apache/commons/configuration2/TestJNDIConfiguration.java,org.apache.commons.configuration2.TestJNDIConfiguration,testFloatDefaultValue/0,nonStringTestHolder,1
/home/sandro/workspace/sandro/MLCQCodeSmellSamples/scripts/../dataset/commons-configuration_34357e075d63c3634310878636f9498847badcab/src/test/java/org/apache/commons/configuration2/TestJNDIConfiguration.java,org.apache.commons.configuration2.TestJNDIConfiguration,setUpErrorConfig/0,conf,4
/home/sandro/workspace/sandro/MLCQCodeSmellSamples/scripts/../dataset/commons-configuration_34357e075d63c3634310878636f9498847badcab/src/test/java/org/apache/commons/configuration2/TestJNDIConfiguration.java,org.apache.commons.configuration2.TestJNDIConfiguration,testFloat/0,nonStringTestHolder,1
/home/sandro/workspace/sandro/MLCQCodeSmellSamples/scripts/../dataset/commons-configuration_34357e075d63c3634310878636f9498847badcab/src/test/java/org/apache/commons/configuration2/TestJNDIConfiguration.java,org.apache.commons.configuration2.TestJNDIConfiguration,testLongDefaultValue/0,nonStringTestHolder,1
/home/sandro/workspace/sandro/MLCQCodeSmellSamples/scripts/../dataset/commons-configuration_34357e075d63c3634310878636f9498847badcab/src/test/java/org/apache/commons/configuration2/TestJNDIConfiguration.java,org.apache.commons.configuration2.TestJNDIConfiguration,testContainsKey/0,conf,3
/home/sandro/workspace/sandro/MLCQCodeSmellSamples/scripts/../dataset/commons-configuration_34357e075d63c3634310878636f9498847badcab/src/test/java/org/apache/commons/configuration2/TestJNDIConfiguration.java,org.apache.commons.configuration2.TestJNDIConfiguration,testProperties/0,conf,1
/home/sandro/workspace/sandro/MLCQCodeSmellSamples/scripts/../dataset/commons-configuration_34357e075d63c3634310878636f9498847badcab/src/test/java/org/apache/commons/configuration2/TestJNDIConfiguration.java,org.apache.commons.configuration2.TestJNDIConfiguration,"checkErrorListener/4[org.apache.commons.configuration2.EventType<? extends org.apache.commons.configuration2.ConfigurationErrorEvent>,org.apache.commons.configuration2.EventType<?>,java.lang.String,java.lang.Object]",listener,2
/home/sandro/workspace/sandro/MLCQCodeSmellSamples/scripts/../dataset/commons-configuration_34357e075d63c3634310878636f9498847badcab/src/test/java/org/apache/commons/configuration2/TestJNDIConfiguration.java,org.apache.commons.configuration2.TestJNDIConfiguration,testShort/0,nonStringTestHolder,1
/home/sandro/workspace/sandro/MLCQCodeSmellSamples/scripts/../dataset/commons-configuration_34357e075d63c3634310878636f9498847badcab/src/test/java/org/apache/commons/configuration2/TestJNDIConfiguration.java,org.apache.commons.configuration2.TestJNDIConfiguration,setUp/0,CONTEXT_FACTORY,2
/home/sandro/workspace/sandro/MLCQCodeSmellSamples/scripts/../dataset/commons-configuration_34357e075d63c3634310878636f9498847badcab/src/test/java/org/apache/commons/configuration2/TestJNDIConfiguration.java,org.apache.commons.configuration2.TestJNDIConfiguration,setUp/0,nonStringTestHolder,2
/home/sandro/workspace/sandro/MLCQCodeSmellSamples/scripts/../dataset/commons-configuration_34357e075d63c3634310878636f9498847badcab/src/test/java/org/apache/commons/configuration2/TestJNDIConfiguration.java,org.apache.commons.configuration2.TestJNDIConfiguration,setUp/0,listener,2
/home/sandro/workspace/sandro/MLCQCodeSmellSamples/scripts/../dataset/commons-configuration_34357e075d63c3634310878636f9498847badcab/src/test/java/org/apache/commons/configuration2/TestJNDIConfiguration.java,org.apache.commons.configuration2.TestJNDIConfiguration,setUp/0,conf,4
/home/sandro/workspace/sandro/MLCQCodeSmellSamples/scripts/../dataset/commons-configuration_34357e075d63c3634310878636f9498847badcab/src/test/java/org/apache/commons/configuration2/TestJNDIConfiguration.java,org.apache.commons.configuration2.TestJNDIConfiguration,testByte/0,nonStringTestHolder,1
/home/sandro/workspace/sandro/MLCQCodeSmellSamples/scripts/../dataset/commons-configuration_34357e075d63c3634310878636f9498847badcab/src/test/java/org/apache/commons/configuration2/TestJNDIConfiguration.java,org.apache.commons.configuration2.TestJNDIConfiguration,tearDown/0,listener,2
/home/sandro/workspace/sandro/MLCQCodeSmellSamples/scripts/../dataset/commons-configuration_34357e075d63c3634310878636f9498847badcab/src/test/java/org/apache/commons/configuration2/TestJNDIConfiguration.java,org.apache.commons.configuration2.TestJNDIConfiguration,testInteger/0,nonStringTestHolder,1
/home/sandro/workspace/sandro/MLCQCodeSmellSamples/scripts/../dataset/commons-configuration_34357e075d63c3634310878636f9498847badcab/src/test/java/org/apache/commons/configuration2/TestJNDIConfiguration.java,org.apache.commons.configuration2.TestJNDIConfiguration,testLong/0,nonStringTestHolder,1
/home/sandro/workspace/sandro/MLCQCodeSmellSamples/scripts/../dataset/commons-configuration_34357e075d63c3634310878636f9498847badcab/src/test/java/org/apache/commons/configuration2/TestJNDIConfiguration.java,org.apache.commons.configuration2.TestJNDIConfiguration,testSubset/0,nonStringTestHolder,1
/home/sandro/workspace/sandro/MLCQCodeSmellSamples/scripts/../dataset/commons-configuration_34357e075d63c3634310878636f9498847badcab/src/test/java/org/apache/commons/configuration2/builder/TestDefaultReloadingDetectorFactory.java,org.apache.commons.configuration2.builder.TestDefaultReloadingDetectorFactory,testCreateReloadingDetector/0,factory,1
/home/sandro/workspace/sandro/MLCQCodeSmellSamples/scripts/../dataset/commons-configuration_34357e075d63c3634310878636f9498847badcab/src/test/java/org/apache/commons/configuration2/builder/TestDefaultReloadingDetectorFactory.java,org.apache.commons.configuration2.builder.TestDefaultReloadingDetectorFactory,setUp/0,factory,1
/home/sandro/workspace/sandro/MLCQCodeSmellSamples/scripts/../dataset/commons-configuration_34357e075d63c3634310878636f9498847badcab/src/test/java/org/apache/commons/configuration2/builder/TestDefaultReloadingDetectorFactory.java,org.apache.commons.configuration2.builder.TestDefaultReloadingDetectorFactory,testCreateReloadingDetectorDefaultRefreshDelay/0,factory,1
/home/sandro/workspace/sandro/MLCQCodeSmellSamples/scripts/../dataset/commons-configuration_34357e075d63c3634310878636f9498847badcab/src/main/java/org/apache/commons/configuration2/interpol/StringLookupAdapter.java,org.apache.commons.configuration2.interpol.StringLookupAdapter,StringLookupAdapter/1[org.apache.commons.configuration2.interpol.StringLookup],stringLookup,3
/home/sandro/workspace/sandro/MLCQCodeSmellSamples/scripts/../dataset/commons-configuration_34357e075d63c3634310878636f9498847badcab/src/main/java/org/apache/commons/configuration2/interpol/StringLookupAdapter.java,org.apache.commons.configuration2.interpol.StringLookupAdapter,lookup/1[java.lang.String],stringLookup,1
/home/sandro/workspace/sandro/MLCQCodeSmellSamples/scripts/../dataset/commons-configuration_34357e075d63c3634310878636f9498847badcab/src/test/java/org/apache/commons/configuration2/tree/TestDefaultExpressionEngine.java,org.apache.commons.configuration2.tree.TestDefaultExpressionEngine,testPrepareAddEmptyKey/0,handler,1
/home/sandro/workspace/sandro/MLCQCodeSmellSamples/scripts/../dataset/commons-configuration_34357e075d63c3634310878636f9498847badcab/src/test/java/org/apache/commons/configuration2/tree/TestDefaultExpressionEngine.java,org.apache.commons.configuration2.tree.TestDefaultExpressionEngine,testPrepareAddEmptyKey/0,engine,1
/home/sandro/workspace/sandro/MLCQCodeSmellSamples/scripts/../dataset/commons-configuration_34357e075d63c3634310878636f9498847badcab/src/test/java/org/apache/commons/configuration2/tree/TestDefaultExpressionEngine.java,org.apache.commons.configuration2.tree.TestDefaultExpressionEngine,testPrepareAddEmptyKey/0,root,1
/home/sandro/workspace/sandro/MLCQCodeSmellSamples/scripts/../dataset/commons-configuration_34357e075d63c3634310878636f9498847badcab/src/test/java/org/apache/commons/configuration2/tree/TestDefaultExpressionEngine.java,org.apache.commons.configuration2.tree.TestDefaultExpressionEngine,testQueryAttributeEmulation/0,tables,1
/home/sandro/workspace/sandro/MLCQCodeSmellSamples/scripts/../dataset/commons-configuration_34357e075d63c3634310878636f9498847badcab/src/test/java/org/apache/commons/configuration2/tree/TestDefaultExpressionEngine.java,org.apache.commons.configuration2.tree.TestDefaultExpressionEngine,testQueryAttributeEmulation/0,engine,1
/home/sandro/workspace/sandro/MLCQCodeSmellSamples/scripts/../dataset/commons-configuration_34357e075d63c3634310878636f9498847badcab/src/test/java/org/apache/commons/configuration2/tree/TestDefaultExpressionEngine.java,org.apache.commons.configuration2.tree.TestDefaultExpressionEngine,testQueryAttributeEmulation/0,tabTypes,1
/home/sandro/workspace/sandro/MLCQCodeSmellSamples/scripts/../dataset/commons-configuration_34357e075d63c3634310878636f9498847badcab/src/test/java/org/apache/commons/configuration2/tree/TestDefaultExpressionEngine.java,org.apache.commons.configuration2.tree.TestDefaultExpressionEngine,testPrepareAddDirectly/0,handler,2
/home/sandro/workspace/sandro/MLCQCodeSmellSamples/scripts/../dataset/commons-configuration_34357e075d63c3634310878636f9498847badcab/src/test/java/org/apache/commons/configuration2/tree/TestDefaultExpressionEngine.java,org.apache.commons.configuration2.tree.TestDefaultExpressionEngine,testPrepareAddDirectly/0,engine,2
/home/sandro/workspace/sandro/MLCQCodeSmellSamples/scripts/../dataset/commons-configuration_34357e075d63c3634310878636f9498847badcab/src/test/java/org/apache/commons/configuration2/tree/TestDefaultExpressionEngine.java,org.apache.commons.configuration2.tree.TestDefaultExpressionEngine,testPrepareAddDirectly/0,root,3
/home/sandro/workspace/sandro/MLCQCodeSmellSamples/scripts/../dataset/commons-configuration_34357e075d63c3634310878636f9498847badcab/src/test/java/org/apache/commons/configuration2/tree/TestDefaultExpressionEngine.java,org.apache.commons.configuration2.tree.TestDefaultExpressionEngine,testPrepareAddWithPath/0,handler,3
/home/sandro/workspace/sandro/MLCQCodeSmellSamples/scripts/../dataset/commons-configuration_34357e075d63c3634310878636f9498847badcab/src/test/java/org/apache/commons/configuration2/tree/TestDefaultExpressionEngine.java,org.apache.commons.configuration2.tree.TestDefaultExpressionEngine,testPrepareAddWithPath/0,engine,3
/home/sandro/workspace/sandro/MLCQCodeSmellSamples/scripts/../dataset/commons-configuration_34357e075d63c3634310878636f9498847badcab/src/test/java/org/apache/commons/configuration2/tree/TestDefaultExpressionEngine.java,org.apache.commons.configuration2.tree.TestDefaultExpressionEngine,testPrepareAddWithPath/0,root,4
/home/sandro/workspace/sandro/MLCQCodeSmellSamples/scripts/../dataset/commons-configuration_34357e075d63c3634310878636f9498847badcab/src/test/java/org/apache/commons/configuration2/tree/TestDefaultExpressionEngine.java,org.apache.commons.configuration2.tree.TestDefaultExpressionEngine,testAttributeKeyNoParent/0,engine,1
/home/sandro/workspace/sandro/MLCQCodeSmellSamples/scripts/../dataset/commons-configuration_34357e075d63c3634310878636f9498847badcab/src/test/java/org/apache/commons/configuration2/tree/TestDefaultExpressionEngine.java,org.apache.commons.configuration2.tree.TestDefaultExpressionEngine,checkQueryRootNode/1[java.lang.String],root,1
/home/sandro/workspace/sandro/MLCQCodeSmellSamples/scripts/../dataset/commons-configuration_34357e075d63c3634310878636f9498847badcab/src/test/java/org/apache/commons/configuration2/tree/TestDefaultExpressionEngine.java,org.apache.commons.configuration2.tree.TestDefaultExpressionEngine,testCanonicalKeyRootWithParentKey/0,handler,1
/home/sandro/workspace/sandro/MLCQCodeSmellSamples/scripts/../dataset/commons-configuration_34357e075d63c3634310878636f9498847badcab/src/test/java/org/apache/commons/configuration2/tree/TestDefaultExpressionEngine.java,org.apache.commons.configuration2.tree.TestDefaultExpressionEngine,testCanonicalKeyRootWithParentKey/0,engine,1
/home/sandro/workspace/sandro/MLCQCodeSmellSamples/scripts/../dataset/commons-configuration_34357e075d63c3634310878636f9498847badcab/src/test/java/org/apache/commons/configuration2/tree/TestDefaultExpressionEngine.java,org.apache.commons.configuration2.tree.TestDefaultExpressionEngine,testCanonicalKeyRootWithParentKey/0,root,1
/home/sandro/workspace/sandro/MLCQCodeSmellSamples/scripts/../dataset/commons-configuration_34357e075d63c3634310878636f9498847badcab/src/test/java/org/apache/commons/configuration2/tree/TestDefaultExpressionEngine.java,org.apache.commons.configuration2.tree.TestDefaultExpressionEngine,testPrepareAddWithAlternativeMatcher/0,handler,1
/home/sandro/workspace/sandro/MLCQCodeSmellSamples/scripts/../dataset/commons-configuration_34357e075d63c3634310878636f9498847badcab/src/test/java/org/apache/commons/configuration2/tree/TestDefaultExpressionEngine.java,org.apache.commons.configuration2.tree.TestDefaultExpressionEngine,testPrepareAddWithAlternativeMatcher/0,engine,1
/home/sandro/workspace/sandro/MLCQCodeSmellSamples/scripts/../dataset/commons-configuration_34357e075d63c3634310878636f9498847badcab/src/test/java/org/apache/commons/configuration2/tree/TestDefaultExpressionEngine.java,org.apache.commons.configuration2.tree.TestDefaultExpressionEngine,testPrepareAddWithAlternativeMatcher/0,root,1
/home/sandro/workspace/sandro/MLCQCodeSmellSamples/scripts/../dataset/commons-configuration_34357e075d63c3634310878636f9498847badcab/src/test/java/org/apache/commons/configuration2/tree/TestDefaultExpressionEngine.java,org.apache.commons.configuration2.tree.TestDefaultExpressionEngine,testPrepareAddWithSameAttributeDelimiter/0,handler,2
/home/sandro/workspace/sandro/MLCQCodeSmellSamples/scripts/../dataset/commons-configuration_34357e075d63c3634310878636f9498847badcab/src/test/java/org/apache/commons/configuration2/tree/TestDefaultExpressionEngine.java,org.apache.commons.configuration2.tree.TestDefaultExpressionEngine,testPrepareAddWithSameAttributeDelimiter/0,engine,3
/home/sandro/workspace/sandro/MLCQCodeSmellSamples/scripts/../dataset/commons-configuration_34357e075d63c3634310878636f9498847badcab/src/test/java/org/apache/commons/configuration2/tree/TestDefaultExpressionEngine.java,org.apache.commons.configuration2.tree.TestDefaultExpressionEngine,testPrepareAddWithSameAttributeDelimiter/0,root,2
/home/sandro/workspace/sandro/MLCQCodeSmellSamples/scripts/../dataset/commons-configuration_34357e075d63c3634310878636f9498847badcab/src/test/java/org/apache/commons/configuration2/tree/TestDefaultExpressionEngine.java,org.apache.commons.configuration2.tree.TestDefaultExpressionEngine,testNodeKeyWithAlternativeSyntax/0,handler,1
/home/sandro/workspace/sandro/MLCQCodeSmellSamples/scripts/../dataset/commons-configuration_34357e075d63c3634310878636f9498847badcab/src/test/java/org/apache/commons/configuration2/tree/TestDefaultExpressionEngine.java,org.apache.commons.configuration2.tree.TestDefaultExpressionEngine,testNodeKeyWithAlternativeSyntax/0,engine,1
/home/sandro/workspace/sandro/MLCQCodeSmellSamples/scripts/../dataset/commons-configuration_34357e075d63c3634310878636f9498847badcab/src/test/java/org/apache/commons/configuration2/tree/TestDefaultExpressionEngine.java,org.apache.commons.configuration2.tree.TestDefaultExpressionEngine,testNodeKeyWithAlternativeSyntax/0,root,1
/home/sandro/workspace/sandro/MLCQCodeSmellSamples/scripts/../dataset/commons-configuration_34357e075d63c3634310878636f9498847badcab/src/test/java/org/apache/commons/configuration2/tree/TestDefaultExpressionEngine.java,org.apache.commons.configuration2.tree.TestDefaultExpressionEngine,testNodeKeyWithAlternativeSyntaxAttributePropertyDelimiter/0,engine,4
/home/sandro/workspace/sandro/MLCQCodeSmellSamples/scripts/../dataset/commons-configuration_34357e075d63c3634310878636f9498847badcab/src/test/java/org/apache/commons/configuration2/tree/TestDefaultExpressionEngine.java,org.apache.commons.configuration2.tree.TestDefaultExpressionEngine,testNodeKeyWithEscapedDelimiters/0,handler,3
/home/sandro/workspace/sandro/MLCQCodeSmellSamples/scripts/../dataset/commons-configuration_34357e075d63c3634310878636f9498847badcab/src/test/java/org/apache/commons/configuration2/tree/TestDefaultExpressionEngine.java,org.apache.commons.configuration2.tree.TestDefaultExpressionEngine,testNodeKeyWithEscapedDelimiters/0,engine,3
/home/sandro/workspace/sandro/MLCQCodeSmellSamples/scripts/../dataset/commons-configuration_34357e075d63c3634310878636f9498847badcab/src/test/java/org/apache/commons/configuration2/tree/TestDefaultExpressionEngine.java,org.apache.commons.configuration2.tree.TestDefaultExpressionEngine,testNodeKeyWithEscapedDelimiters/0,root,1
/home/sandro/workspace/sandro/MLCQCodeSmellSamples/scripts/../dataset/commons-configuration_34357e075d63c3634310878636f9498847badcab/src/test/java/org/apache/commons/configuration2/tree/TestDefaultExpressionEngine.java,org.apache.commons.configuration2.tree.TestDefaultExpressionEngine,testCanonicalKeyNoParentKey/0,handler,1
/home/sandro/workspace/sandro/MLCQCodeSmellSamples/scripts/../dataset/commons-configuration_34357e075d63c3634310878636f9498847badcab/src/test/java/org/apache/commons/configuration2/tree/TestDefaultExpressionEngine.java,org.apache.commons.configuration2.tree.TestDefaultExpressionEngine,testCanonicalKeyNoParentKey/0,engine,1
/home/sandro/workspace/sandro/MLCQCodeSmellSamples/scripts/../dataset/commons-configuration_34357e075d63c3634310878636f9498847badcab/src/test/java/org/apache/commons/configuration2/tree/TestDefaultExpressionEngine.java,org.apache.commons.configuration2.tree.TestDefaultExpressionEngine,testPrepareAddInvalidKeyAttribute/0,handler,1
/home/sandro/workspace/sandro/MLCQCodeSmellSamples/scripts/../dataset/commons-configuration_34357e075d63c3634310878636f9498847badcab/src/test/java/org/apache/commons/configuration2/tree/TestDefaultExpressionEngine.java,org.apache.commons.configuration2.tree.TestDefaultExpressionEngine,testPrepareAddInvalidKeyAttribute/0,engine,1
/home/sandro/workspace/sandro/MLCQCodeSmellSamples/scripts/../dataset/commons-configuration_34357e075d63c3634310878636f9498847badcab/src/test/java/org/apache/commons/configuration2/tree/TestDefaultExpressionEngine.java,org.apache.commons.configuration2.tree.TestDefaultExpressionEngine,testPrepareAddInvalidKeyAttribute/0,root,1
/home/sandro/workspace/sandro/MLCQCodeSmellSamples/scripts/../dataset/commons-configuration_34357e075d63c3634310878636f9498847badcab/src/test/java/org/apache/commons/configuration2/tree/TestDefaultExpressionEngine.java,org.apache.commons.configuration2.tree.TestDefaultExpressionEngine,testNodeKey/0,handler,3
/home/sandro/workspace/sandro/MLCQCodeSmellSamples/scripts/../dataset/commons-configuration_34357e075d63c3634310878636f9498847badcab/src/test/java/org/apache/commons/configuration2/tree/TestDefaultExpressionEngine.java,org.apache.commons.configuration2.tree.TestDefaultExpressionEngine,testNodeKey/0,engine,3
/home/sandro/workspace/sandro/MLCQCodeSmellSamples/scripts/../dataset/commons-configuration_34357e075d63c3634310878636f9498847badcab/src/test/java/org/apache/commons/configuration2/tree/TestDefaultExpressionEngine.java,org.apache.commons.configuration2.tree.TestDefaultExpressionEngine,testNodeKey/0,root,1
/home/sandro/workspace/sandro/MLCQCodeSmellSamples/scripts/../dataset/commons-configuration_34357e075d63c3634310878636f9498847badcab/src/test/java/org/apache/commons/configuration2/tree/TestDefaultExpressionEngine.java,org.apache.commons.configuration2.tree.TestDefaultExpressionEngine,testAttributeKey/0,engine,1
/home/sandro/workspace/sandro/MLCQCodeSmellSamples/scripts/../dataset/commons-configuration_34357e075d63c3634310878636f9498847badcab/src/test/java/org/apache/commons/configuration2/tree/TestDefaultExpressionEngine.java,org.apache.commons.configuration2.tree.TestDefaultExpressionEngine,testQueryNodes/0,tables,1
/home/sandro/workspace/sandro/MLCQCodeSmellSamples/scripts/../dataset/commons-configuration_34357e075d63c3634310878636f9498847badcab/src/test/java/org/apache/commons/configuration2/tree/TestDefaultExpressionEngine.java,org.apache.commons.configuration2.tree.TestDefaultExpressionEngine,testQueryNodes/0,tabTypes,1
/home/sandro/workspace/sandro/MLCQCodeSmellSamples/scripts/../dataset/commons-configuration_34357e075d63c3634310878636f9498847badcab/src/test/java/org/apache/commons/configuration2/tree/TestDefaultExpressionEngine.java,org.apache.commons.configuration2.tree.TestDefaultExpressionEngine,testQueryNodes/0,fields,2
/home/sandro/workspace/sandro/MLCQCodeSmellSamples/scripts/../dataset/commons-configuration_34357e075d63c3634310878636f9498847badcab/src/test/java/org/apache/commons/configuration2/tree/TestDefaultExpressionEngine.java,org.apache.commons.configuration2.tree.TestDefaultExpressionEngine,setUpBeforeClass/0,handler,1
/home/sandro/workspace/sandro/MLCQCodeSmellSamples/scripts/../dataset/commons-configuration_34357e075d63c3634310878636f9498847badcab/src/test/java/org/apache/commons/configuration2/tree/TestDefaultExpressionEngine.java,org.apache.commons.configuration2.tree.TestDefaultExpressionEngine,setUpBeforeClass/0,root,2
/home/sandro/workspace/sandro/MLCQCodeSmellSamples/scripts/../dataset/commons-configuration_34357e075d63c3634310878636f9498847badcab/src/test/java/org/apache/commons/configuration2/tree/TestDefaultExpressionEngine.java,org.apache.commons.configuration2.tree.TestDefaultExpressionEngine,setUpAlternativeSyntax/0,engine,1
/home/sandro/workspace/sandro/MLCQCodeSmellSamples/scripts/../dataset/commons-configuration_34357e075d63c3634310878636f9498847badcab/src/test/java/org/apache/commons/configuration2/tree/TestDefaultExpressionEngine.java,org.apache.commons.configuration2.tree.TestDefaultExpressionEngine,testPrepareAddAttributeRoot/0,handler,1
/home/sandro/workspace/sandro/MLCQCodeSmellSamples/scripts/../dataset/commons-configuration_34357e075d63c3634310878636f9498847badcab/src/test/java/org/apache/commons/configuration2/tree/TestDefaultExpressionEngine.java,org.apache.commons.configuration2.tree.TestDefaultExpressionEngine,testPrepareAddAttributeRoot/0,engine,1
/home/sandro/workspace/sandro/MLCQCodeSmellSamples/scripts/../dataset/commons-configuration_34357e075d63c3634310878636f9498847badcab/src/test/java/org/apache/commons/configuration2/tree/TestDefaultExpressionEngine.java,org.apache.commons.configuration2.tree.TestDefaultExpressionEngine,testPrepareAddAttributeRoot/0,root,2
/home/sandro/workspace/sandro/MLCQCodeSmellSamples/scripts/../dataset/commons-configuration_34357e075d63c3634310878636f9498847badcab/src/test/java/org/apache/commons/configuration2/tree/TestDefaultExpressionEngine.java,org.apache.commons.configuration2.tree.TestDefaultExpressionEngine,testPrepareAddWithAlternativeSyntax/0,handler,2
/home/sandro/workspace/sandro/MLCQCodeSmellSamples/scripts/../dataset/commons-configuration_34357e075d63c3634310878636f9498847badcab/src/test/java/org/apache/commons/configuration2/tree/TestDefaultExpressionEngine.java,org.apache.commons.configuration2.tree.TestDefaultExpressionEngine,testPrepareAddWithAlternativeSyntax/0,tables,1
/home/sandro/workspace/sandro/MLCQCodeSmellSamples/scripts/../dataset/commons-configuration_34357e075d63c3634310878636f9498847badcab/src/test/java/org/apache/commons/configuration2/tree/TestDefaultExpressionEngine.java,org.apache.commons.configuration2.tree.TestDefaultExpressionEngine,testPrepareAddWithAlternativeSyntax/0,engine,2
/home/sandro/workspace/sandro/MLCQCodeSmellSamples/scripts/../dataset/commons-configuration_34357e075d63c3634310878636f9498847badcab/src/test/java/org/apache/commons/configuration2/tree/TestDefaultExpressionEngine.java,org.apache.commons.configuration2.tree.TestDefaultExpressionEngine,testPrepareAddWithAlternativeSyntax/0,root,3
/home/sandro/workspace/sandro/MLCQCodeSmellSamples/scripts/../dataset/commons-configuration_34357e075d63c3634310878636f9498847badcab/src/test/java/org/apache/commons/configuration2/tree/TestDefaultExpressionEngine.java,org.apache.commons.configuration2.tree.TestDefaultExpressionEngine,testDefaultSymbols/0,engine,1
/home/sandro/workspace/sandro/MLCQCodeSmellSamples/scripts/../dataset/commons-configuration_34357e075d63c3634310878636f9498847badcab/src/test/java/org/apache/commons/configuration2/tree/TestDefaultExpressionEngine.java,org.apache.commons.configuration2.tree.TestDefaultExpressionEngine,testNodeKeyWithRoot/0,handler,2
/home/sandro/workspace/sandro/MLCQCodeSmellSamples/scripts/../dataset/commons-configuration_34357e075d63c3634310878636f9498847badcab/src/test/java/org/apache/commons/configuration2/tree/TestDefaultExpressionEngine.java,org.apache.commons.configuration2.tree.TestDefaultExpressionEngine,testNodeKeyWithRoot/0,engine,2
/home/sandro/workspace/sandro/MLCQCodeSmellSamples/scripts/../dataset/commons-configuration_34357e075d63c3634310878636f9498847badcab/src/test/java/org/apache/commons/configuration2/tree/TestDefaultExpressionEngine.java,org.apache.commons.configuration2.tree.TestDefaultExpressionEngine,testNodeKeyWithRoot/0,root,2
/home/sandro/workspace/sandro/MLCQCodeSmellSamples/scripts/../dataset/commons-configuration_34357e075d63c3634310878636f9498847badcab/src/test/java/org/apache/commons/configuration2/tree/TestDefaultExpressionEngine.java,org.apache.commons.configuration2.tree.TestDefaultExpressionEngine,testAttributeKeyRoot/0,engine,1
/home/sandro/workspace/sandro/MLCQCodeSmellSamples/scripts/../dataset/commons-configuration_34357e075d63c3634310878636f9498847badcab/src/test/java/org/apache/commons/configuration2/tree/TestDefaultExpressionEngine.java,org.apache.commons.configuration2.tree.TestDefaultExpressionEngine,setUp/0,engine,1
/home/sandro/workspace/sandro/MLCQCodeSmellSamples/scripts/../dataset/commons-configuration_34357e075d63c3634310878636f9498847badcab/src/test/java/org/apache/commons/configuration2/tree/TestDefaultExpressionEngine.java,org.apache.commons.configuration2.tree.TestDefaultExpressionEngine,testCanonicalKeyNoDuplicates/0,handler,1
/home/sandro/workspace/sandro/MLCQCodeSmellSamples/scripts/../dataset/commons-configuration_34357e075d63c3634310878636f9498847badcab/src/test/java/org/apache/commons/configuration2/tree/TestDefaultExpressionEngine.java,org.apache.commons.configuration2.tree.TestDefaultExpressionEngine,testCanonicalKeyNoDuplicates/0,engine,1
/home/sandro/workspace/sandro/MLCQCodeSmellSamples/scripts/../dataset/commons-configuration_34357e075d63c3634310878636f9498847badcab/src/test/java/org/apache/commons/configuration2/tree/TestDefaultExpressionEngine.java,org.apache.commons.configuration2.tree.TestDefaultExpressionEngine,setUpNodes/0,tables,1
/home/sandro/workspace/sandro/MLCQCodeSmellSamples/scripts/../dataset/commons-configuration_34357e075d63c3634310878636f9498847badcab/src/test/java/org/apache/commons/configuration2/tree/TestDefaultExpressionEngine.java,org.apache.commons.configuration2.tree.TestDefaultExpressionEngine,setUpNodes/0,tabTypes,1
/home/sandro/workspace/sandro/MLCQCodeSmellSamples/scripts/../dataset/commons-configuration_34357e075d63c3634310878636f9498847badcab/src/test/java/org/apache/commons/configuration2/tree/TestDefaultExpressionEngine.java,org.apache.commons.configuration2.tree.TestDefaultExpressionEngine,setUpNodes/0,fields,3
/home/sandro/workspace/sandro/MLCQCodeSmellSamples/scripts/../dataset/commons-configuration_34357e075d63c3634310878636f9498847badcab/src/test/java/org/apache/commons/configuration2/tree/TestDefaultExpressionEngine.java,org.apache.commons.configuration2.tree.TestDefaultExpressionEngine,"query/2[java.lang.String,int]",handler,1
/home/sandro/workspace/sandro/MLCQCodeSmellSamples/scripts/../dataset/commons-configuration_34357e075d63c3634310878636f9498847badcab/src/test/java/org/apache/commons/configuration2/tree/TestDefaultExpressionEngine.java,org.apache.commons.configuration2.tree.TestDefaultExpressionEngine,"query/2[java.lang.String,int]",engine,1
/home/sandro/workspace/sandro/MLCQCodeSmellSamples/scripts/../dataset/commons-configuration_34357e075d63c3634310878636f9498847badcab/src/test/java/org/apache/commons/configuration2/tree/TestDefaultExpressionEngine.java,org.apache.commons.configuration2.tree.TestDefaultExpressionEngine,"query/2[java.lang.String,int]",root,1
/home/sandro/workspace/sandro/MLCQCodeSmellSamples/scripts/../dataset/commons-configuration_34357e075d63c3634310878636f9498847badcab/src/test/java/org/apache/commons/configuration2/tree/TestDefaultExpressionEngine.java,org.apache.commons.configuration2.tree.TestDefaultExpressionEngine,testQueryAlternativeSyntax/0,tables,1
/home/sandro/workspace/sandro/MLCQCodeSmellSamples/scripts/../dataset/commons-configuration_34357e075d63c3634310878636f9498847badcab/src/test/java/org/apache/commons/configuration2/tree/TestDefaultExpressionEngine.java,org.apache.commons.configuration2.tree.TestDefaultExpressionEngine,testQueryAlternativeSyntax/0,tabTypes,1
/home/sandro/workspace/sandro/MLCQCodeSmellSamples/scripts/../dataset/commons-configuration_34357e075d63c3634310878636f9498847badcab/src/test/java/org/apache/commons/configuration2/tree/TestDefaultExpressionEngine.java,org.apache.commons.configuration2.tree.TestDefaultExpressionEngine,testAttributeKeyWithAlternativeSyntax/0,engine,1
/home/sandro/workspace/sandro/MLCQCodeSmellSamples/scripts/../dataset/commons-configuration_34357e075d63c3634310878636f9498847badcab/src/test/java/org/apache/commons/configuration2/tree/TestDefaultExpressionEngine.java,org.apache.commons.configuration2.tree.TestDefaultExpressionEngine,"checkAttributeValue/3[java.lang.String,java.lang.String,java.lang.Object]",handler,1
/home/sandro/workspace/sandro/MLCQCodeSmellSamples/scripts/../dataset/commons-configuration_34357e075d63c3634310878636f9498847badcab/src/test/java/org/apache/commons/configuration2/tree/TestDefaultExpressionEngine.java,org.apache.commons.configuration2.tree.TestDefaultExpressionEngine,testPrepareAddNullKey/0,handler,1
/home/sandro/workspace/sandro/MLCQCodeSmellSamples/scripts/../dataset/commons-configuration_34357e075d63c3634310878636f9498847badcab/src/test/java/org/apache/commons/configuration2/tree/TestDefaultExpressionEngine.java,org.apache.commons.configuration2.tree.TestDefaultExpressionEngine,testPrepareAddNullKey/0,engine,1
/home/sandro/workspace/sandro/MLCQCodeSmellSamples/scripts/../dataset/commons-configuration_34357e075d63c3634310878636f9498847badcab/src/test/java/org/apache/commons/configuration2/tree/TestDefaultExpressionEngine.java,org.apache.commons.configuration2.tree.TestDefaultExpressionEngine,testPrepareAddNullKey/0,root,1
/home/sandro/workspace/sandro/MLCQCodeSmellSamples/scripts/../dataset/commons-configuration_34357e075d63c3634310878636f9498847badcab/src/test/java/org/apache/commons/configuration2/tree/TestDefaultExpressionEngine.java,org.apache.commons.configuration2.tree.TestDefaultExpressionEngine,testCanonicalKeyWithDuplicates/0,handler,2
/home/sandro/workspace/sandro/MLCQCodeSmellSamples/scripts/../dataset/commons-configuration_34357e075d63c3634310878636f9498847badcab/src/test/java/org/apache/commons/configuration2/tree/TestDefaultExpressionEngine.java,org.apache.commons.configuration2.tree.TestDefaultExpressionEngine,testCanonicalKeyWithDuplicates/0,engine,2
/home/sandro/workspace/sandro/MLCQCodeSmellSamples/scripts/../dataset/commons-configuration_34357e075d63c3634310878636f9498847badcab/src/test/java/org/apache/commons/configuration2/tree/TestDefaultExpressionEngine.java,org.apache.commons.configuration2.tree.TestDefaultExpressionEngine,testPrepareAddAttribute/0,handler,1
/home/sandro/workspace/sandro/MLCQCodeSmellSamples/scripts/../dataset/commons-configuration_34357e075d63c3634310878636f9498847badcab/src/test/java/org/apache/commons/configuration2/tree/TestDefaultExpressionEngine.java,org.apache.commons.configuration2.tree.TestDefaultExpressionEngine,testPrepareAddAttribute/0,tables,1
/home/sandro/workspace/sandro/MLCQCodeSmellSamples/scripts/../dataset/commons-configuration_34357e075d63c3634310878636f9498847badcab/src/test/java/org/apache/commons/configuration2/tree/TestDefaultExpressionEngine.java,org.apache.commons.configuration2.tree.TestDefaultExpressionEngine,testPrepareAddAttribute/0,engine,1
/home/sandro/workspace/sandro/MLCQCodeSmellSamples/scripts/../dataset/commons-configuration_34357e075d63c3634310878636f9498847badcab/src/test/java/org/apache/commons/configuration2/tree/TestDefaultExpressionEngine.java,org.apache.commons.configuration2.tree.TestDefaultExpressionEngine,testPrepareAddAttribute/0,root,1
/home/sandro/workspace/sandro/MLCQCodeSmellSamples/scripts/../dataset/commons-configuration_34357e075d63c3634310878636f9498847badcab/src/test/java/org/apache/commons/configuration2/tree/TestDefaultExpressionEngine.java,org.apache.commons.configuration2.tree.TestDefaultExpressionEngine,testCanonicalKeyRootNoParentKey/0,handler,1
/home/sandro/workspace/sandro/MLCQCodeSmellSamples/scripts/../dataset/commons-configuration_34357e075d63c3634310878636f9498847badcab/src/test/java/org/apache/commons/configuration2/tree/TestDefaultExpressionEngine.java,org.apache.commons.configuration2.tree.TestDefaultExpressionEngine,testCanonicalKeyRootNoParentKey/0,engine,1
/home/sandro/workspace/sandro/MLCQCodeSmellSamples/scripts/../dataset/commons-configuration_34357e075d63c3634310878636f9498847badcab/src/test/java/org/apache/commons/configuration2/tree/TestDefaultExpressionEngine.java,org.apache.commons.configuration2.tree.TestDefaultExpressionEngine,testCanonicalKeyRootNoParentKey/0,root,1
/home/sandro/workspace/sandro/MLCQCodeSmellSamples/scripts/../dataset/commons-configuration_34357e075d63c3634310878636f9498847badcab/src/test/java/org/apache/commons/configuration2/tree/TestDefaultExpressionEngine.java,org.apache.commons.configuration2.tree.TestDefaultExpressionEngine,testPrepareAddWithIndex/0,handler,2
/home/sandro/workspace/sandro/MLCQCodeSmellSamples/scripts/../dataset/commons-configuration_34357e075d63c3634310878636f9498847badcab/src/test/java/org/apache/commons/configuration2/tree/TestDefaultExpressionEngine.java,org.apache.commons.configuration2.tree.TestDefaultExpressionEngine,testPrepareAddWithIndex/0,tables,1
/home/sandro/workspace/sandro/MLCQCodeSmellSamples/scripts/../dataset/commons-configuration_34357e075d63c3634310878636f9498847badcab/src/test/java/org/apache/commons/configuration2/tree/TestDefaultExpressionEngine.java,org.apache.commons.configuration2.tree.TestDefaultExpressionEngine,testPrepareAddWithIndex/0,engine,2
/home/sandro/workspace/sandro/MLCQCodeSmellSamples/scripts/../dataset/commons-configuration_34357e075d63c3634310878636f9498847badcab/src/test/java/org/apache/commons/configuration2/tree/TestDefaultExpressionEngine.java,org.apache.commons.configuration2.tree.TestDefaultExpressionEngine,testPrepareAddWithIndex/0,root,2
/home/sandro/workspace/sandro/MLCQCodeSmellSamples/scripts/../dataset/commons-configuration_34357e075d63c3634310878636f9498847badcab/src/test/java/org/apache/commons/configuration2/tree/TestDefaultExpressionEngine.java,org.apache.commons.configuration2.tree.TestDefaultExpressionEngine,setUpAlternativeMatcher/0,engine,2
/home/sandro/workspace/sandro/MLCQCodeSmellSamples/scripts/../dataset/commons-configuration_34357e075d63c3634310878636f9498847badcab/src/test/java/org/apache/commons/configuration2/tree/TestDefaultExpressionEngine.java,org.apache.commons.configuration2.tree.TestDefaultExpressionEngine,testPrepareAddInvalidKey/0,handler,1
/home/sandro/workspace/sandro/MLCQCodeSmellSamples/scripts/../dataset/commons-configuration_34357e075d63c3634310878636f9498847badcab/src/test/java/org/apache/commons/configuration2/tree/TestDefaultExpressionEngine.java,org.apache.commons.configuration2.tree.TestDefaultExpressionEngine,testPrepareAddInvalidKey/0,engine,1
/home/sandro/workspace/sandro/MLCQCodeSmellSamples/scripts/../dataset/commons-configuration_34357e075d63c3634310878636f9498847badcab/src/test/java/org/apache/commons/configuration2/tree/TestDefaultExpressionEngine.java,org.apache.commons.configuration2.tree.TestDefaultExpressionEngine,testPrepareAddInvalidKey/0,root,1
/home/sandro/workspace/sandro/MLCQCodeSmellSamples/scripts/../dataset/commons-configuration_34357e075d63c3634310878636f9498847badcab/src/main/java/org/apache/commons/configuration2/SubsetConfiguration.java,org.apache.commons.configuration2.SubsetConfiguration$SubsetIterator,SubsetIterator/1[java.util.Iterator<java.lang.String>],parentIterator,1
/home/sandro/workspace/sandro/MLCQCodeSmellSamples/scripts/../dataset/commons-configuration_34357e075d63c3634310878636f9498847badcab/src/main/java/org/apache/commons/configuration2/SubsetConfiguration.java,org.apache.commons.configuration2.SubsetConfiguration$SubsetIterator,next/0,parentIterator,1
/home/sandro/workspace/sandro/MLCQCodeSmellSamples/scripts/../dataset/commons-configuration_34357e075d63c3634310878636f9498847badcab/src/main/java/org/apache/commons/configuration2/SubsetConfiguration.java,org.apache.commons.configuration2.SubsetConfiguration$SubsetIterator,remove/0,parentIterator,1
/home/sandro/workspace/sandro/MLCQCodeSmellSamples/scripts/../dataset/commons-configuration_34357e075d63c3634310878636f9498847badcab/src/main/java/org/apache/commons/configuration2/SubsetConfiguration.java,org.apache.commons.configuration2.SubsetConfiguration$SubsetIterator,hasNext/0,parentIterator,1
/home/sandro/workspace/sandro/MLCQCodeSmellSamples/scripts/../dataset/commons-configuration_34357e075d63c3634310878636f9498847badcab/src/main/java/org/apache/commons/configuration2/FindNodeVisitor.java,org.apache.commons.configuration2.FindNodeVisitor,terminate/0,found,1
/home/sandro/workspace/sandro/MLCQCodeSmellSamples/scripts/../dataset/commons-configuration_34357e075d63c3634310878636f9498847badcab/src/main/java/org/apache/commons/configuration2/FindNodeVisitor.java,org.apache.commons.configuration2.FindNodeVisitor,isFound/0,found,1
/home/sandro/workspace/sandro/MLCQCodeSmellSamples/scripts/../dataset/commons-configuration_34357e075d63c3634310878636f9498847badcab/src/main/java/org/apache/commons/configuration2/FindNodeVisitor.java,org.apache.commons.configuration2.FindNodeVisitor,FindNodeVisitor/1[T],searchNode,1
/home/sandro/workspace/sandro/MLCQCodeSmellSamples/scripts/../dataset/commons-configuration_34357e075d63c3634310878636f9498847badcab/src/main/java/org/apache/commons/configuration2/FindNodeVisitor.java,org.apache.commons.configuration2.FindNodeVisitor,reset/0,found,1
/home/sandro/workspace/sandro/MLCQCodeSmellSamples/scripts/../dataset/commons-configuration_34357e075d63c3634310878636f9498847badcab/src/main/java/org/apache/commons/configuration2/FindNodeVisitor.java,org.apache.commons.configuration2.FindNodeVisitor,"visitBeforeChildren/2[T,org.apache.commons.configuration2.tree.NodeHandler<T>]",found,1
/home/sandro/workspace/sandro/MLCQCodeSmellSamples/scripts/../dataset/commons-configuration_34357e075d63c3634310878636f9498847badcab/src/main/java/org/apache/commons/configuration2/FindNodeVisitor.java,org.apache.commons.configuration2.FindNodeVisitor,"visitBeforeChildren/2[T,org.apache.commons.configuration2.tree.NodeHandler<T>]",searchNode,1
/home/sandro/workspace/sandro/MLCQCodeSmellSamples/scripts/../dataset/commons-configuration_34357e075d63c3634310878636f9498847badcab/src/test/java/org/apache/commons/configuration2/beanutils/TestConfigurationDynaBean.java,org.apache.commons.configuration2.beanutils.TestConfigurationDynaBean,testGetIndexedValues/0,bean,5
/home/sandro/workspace/sandro/MLCQCodeSmellSamples/scripts/../dataset/commons-configuration_34357e075d63c3634310878636f9498847badcab/src/test/java/org/apache/commons/configuration2/beanutils/TestConfigurationDynaBean.java,org.apache.commons.configuration2.beanutils.TestConfigurationDynaBean,"testGetDescriptorBase/2[java.lang.String,java.lang.Class<?>]",bean,1
/home/sandro/workspace/sandro/MLCQCodeSmellSamples/scripts/../dataset/commons-configuration_34357e075d63c3634310878636f9498847badcab/src/test/java/org/apache/commons/configuration2/beanutils/TestConfigurationDynaBean.java,org.apache.commons.configuration2.beanutils.TestConfigurationDynaBean,testSetSimpleFloat/0,bean,3
/home/sandro/workspace/sandro/MLCQCodeSmellSamples/scripts/../dataset/commons-configuration_34357e075d63c3634310878636f9498847badcab/src/test/java/org/apache/commons/configuration2/beanutils/TestConfigurationDynaBean.java,org.apache.commons.configuration2.beanutils.TestConfigurationDynaBean,testMappedContains/0,bean,2
/home/sandro/workspace/sandro/MLCQCodeSmellSamples/scripts/../dataset/commons-configuration_34357e075d63c3634310878636f9498847badcab/src/test/java/org/apache/commons/configuration2/beanutils/TestConfigurationDynaBean.java,org.apache.commons.configuration2.beanutils.TestConfigurationDynaBean,testSetSimpleShort/0,bean,3
/home/sandro/workspace/sandro/MLCQCodeSmellSamples/scripts/../dataset/commons-configuration_34357e075d63c3634310878636f9498847badcab/src/test/java/org/apache/commons/configuration2/beanutils/TestConfigurationDynaBean.java,org.apache.commons.configuration2.beanutils.TestConfigurationDynaBean,testGetNonIndexedProperties/0,bean,1
/home/sandro/workspace/sandro/MLCQCodeSmellSamples/scripts/../dataset/commons-configuration_34357e075d63c3634310878636f9498847badcab/src/test/java/org/apache/commons/configuration2/beanutils/TestConfigurationDynaBean.java,org.apache.commons.configuration2.beanutils.TestConfigurationDynaBean,testGetSimpleArguments/0,bean,1
/home/sandro/workspace/sandro/MLCQCodeSmellSamples/scripts/../dataset/commons-configuration_34357e075d63c3634310878636f9498847badcab/src/test/java/org/apache/commons/configuration2/beanutils/TestConfigurationDynaBean.java,org.apache.commons.configuration2.beanutils.TestConfigurationDynaBean,testGetSimpleBoolean/0,bean,1
/home/sandro/workspace/sandro/MLCQCodeSmellSamples/scripts/../dataset/commons-configuration_34357e075d63c3634310878636f9498847badcab/src/test/java/org/apache/commons/configuration2/beanutils/TestConfigurationDynaBean.java,org.apache.commons.configuration2.beanutils.TestConfigurationDynaBean,testSetSimpleDouble/0,bean,3
/home/sandro/workspace/sandro/MLCQCodeSmellSamples/scripts/../dataset/commons-configuration_34357e075d63c3634310878636f9498847badcab/src/test/java/org/apache/commons/configuration2/beanutils/TestConfigurationDynaBean.java,org.apache.commons.configuration2.beanutils.TestConfigurationDynaBean,testSetSimpleString/0,bean,3
/home/sandro/workspace/sandro/MLCQCodeSmellSamples/scripts/../dataset/commons-configuration_34357e075d63c3634310878636f9498847badcab/src/test/java/org/apache/commons/configuration2/beanutils/TestConfigurationDynaBean.java,org.apache.commons.configuration2.beanutils.TestConfigurationDynaBean,testGetSimpleDouble/0,bean,1
/home/sandro/workspace/sandro/MLCQCodeSmellSamples/scripts/../dataset/commons-configuration_34357e075d63c3634310878636f9498847badcab/src/test/java/org/apache/commons/configuration2/beanutils/TestConfigurationDynaBean.java,org.apache.commons.configuration2.beanutils.TestConfigurationDynaBean,testGetSimpleString/0,bean,1
/home/sandro/workspace/sandro/MLCQCodeSmellSamples/scripts/../dataset/commons-configuration_34357e075d63c3634310878636f9498847badcab/src/test/java/org/apache/commons/configuration2/beanutils/TestConfigurationDynaBean.java,org.apache.commons.configuration2.beanutils.TestConfigurationDynaBean,testGetIndexedNonExisting/0,bean,1
/home/sandro/workspace/sandro/MLCQCodeSmellSamples/scripts/../dataset/commons-configuration_34357e075d63c3634310878636f9498847badcab/src/test/java/org/apache/commons/configuration2/beanutils/TestConfigurationDynaBean.java,org.apache.commons.configuration2.beanutils.TestConfigurationDynaBean,testSetSimpleInt/0,bean,3
/home/sandro/workspace/sandro/MLCQCodeSmellSamples/scripts/../dataset/commons-configuration_34357e075d63c3634310878636f9498847badcab/src/test/java/org/apache/commons/configuration2/beanutils/TestConfigurationDynaBean.java,org.apache.commons.configuration2.beanutils.TestConfigurationDynaBean,testGetMappedArguments/0,bean,1
/home/sandro/workspace/sandro/MLCQCodeSmellSamples/scripts/../dataset/commons-configuration_34357e075d63c3634310878636f9498847badcab/src/test/java/org/apache/commons/configuration2/beanutils/TestConfigurationDynaBean.java,org.apache.commons.configuration2.beanutils.TestConfigurationDynaBean,testAddNullPropertyValue/0,bean,1
/home/sandro/workspace/sandro/MLCQCodeSmellSamples/scripts/../dataset/commons-configuration_34357e075d63c3634310878636f9498847badcab/src/test/java/org/apache/commons/configuration2/beanutils/TestConfigurationDynaBean.java,org.apache.commons.configuration2.beanutils.TestConfigurationDynaBean,testSetMappedValues/0,bean,4
/home/sandro/workspace/sandro/MLCQCodeSmellSamples/scripts/../dataset/commons-configuration_34357e075d63c3634310878636f9498847badcab/src/test/java/org/apache/commons/configuration2/beanutils/TestConfigurationDynaBean.java,org.apache.commons.configuration2.beanutils.TestConfigurationDynaBean,testGetSimpleFloat/0,bean,1
/home/sandro/workspace/sandro/MLCQCodeSmellSamples/scripts/../dataset/commons-configuration_34357e075d63c3634310878636f9498847badcab/src/test/java/org/apache/commons/configuration2/beanutils/TestConfigurationDynaBean.java,org.apache.commons.configuration2.beanutils.TestConfigurationDynaBean,testGetSimpleShort/0,bean,1
/home/sandro/workspace/sandro/MLCQCodeSmellSamples/scripts/../dataset/commons-configuration_34357e075d63c3634310878636f9498847badcab/src/test/java/org/apache/commons/configuration2/beanutils/TestConfigurationDynaBean.java,org.apache.commons.configuration2.beanutils.TestConfigurationDynaBean,setUp/0,floatArray,1
/home/sandro/workspace/sandro/MLCQCodeSmellSamples/scripts/../dataset/commons-configuration_34357e075d63c3634310878636f9498847badcab/src/test/java/org/apache/commons/configuration2/beanutils/TestConfigurationDynaBean.java,org.apache.commons.configuration2.beanutils.TestConfigurationDynaBean,setUp/0,booleanArray,1
/home/sandro/workspace/sandro/MLCQCodeSmellSamples/scripts/../dataset/commons-configuration_34357e075d63c3634310878636f9498847badcab/src/test/java/org/apache/commons/configuration2/beanutils/TestConfigurationDynaBean.java,org.apache.commons.configuration2.beanutils.TestConfigurationDynaBean,setUp/0,shortArray,1
/home/sandro/workspace/sandro/MLCQCodeSmellSamples/scripts/../dataset/commons-configuration_34357e075d63c3634310878636f9498847badcab/src/test/java/org/apache/commons/configuration2/beanutils/TestConfigurationDynaBean.java,org.apache.commons.configuration2.beanutils.TestConfigurationDynaBean,setUp/0,doubleArray,1
/home/sandro/workspace/sandro/MLCQCodeSmellSamples/scripts/../dataset/commons-configuration_34357e075d63c3634310878636f9498847badcab/src/test/java/org/apache/commons/configuration2/beanutils/TestConfigurationDynaBean.java,org.apache.commons.configuration2.beanutils.TestConfigurationDynaBean,setUp/0,longArray,1
/home/sandro/workspace/sandro/MLCQCodeSmellSamples/scripts/../dataset/commons-configuration_34357e075d63c3634310878636f9498847badcab/src/test/java/org/apache/commons/configuration2/beanutils/TestConfigurationDynaBean.java,org.apache.commons.configuration2.beanutils.TestConfigurationDynaBean,setUp/0,values,1
/home/sandro/workspace/sandro/MLCQCodeSmellSamples/scripts/../dataset/commons-configuration_34357e075d63c3634310878636f9498847badcab/src/test/java/org/apache/commons/configuration2/beanutils/TestConfigurationDynaBean.java,org.apache.commons.configuration2.beanutils.TestConfigurationDynaBean,setUp/0,byteArray,1
/home/sandro/workspace/sandro/MLCQCodeSmellSamples/scripts/../dataset/commons-configuration_34357e075d63c3634310878636f9498847badcab/src/test/java/org/apache/commons/configuration2/beanutils/TestConfigurationDynaBean.java,org.apache.commons.configuration2.beanutils.TestConfigurationDynaBean,setUp/0,stringArray,3
/home/sandro/workspace/sandro/MLCQCodeSmellSamples/scripts/../dataset/commons-configuration_34357e075d63c3634310878636f9498847badcab/src/test/java/org/apache/commons/configuration2/beanutils/TestConfigurationDynaBean.java,org.apache.commons.configuration2.beanutils.TestConfigurationDynaBean,setUp/0,charArray,1
/home/sandro/workspace/sandro/MLCQCodeSmellSamples/scripts/../dataset/commons-configuration_34357e075d63c3634310878636f9498847badcab/src/test/java/org/apache/commons/configuration2/beanutils/TestConfigurationDynaBean.java,org.apache.commons.configuration2.beanutils.TestConfigurationDynaBean,setUp/0,properties,1
/home/sandro/workspace/sandro/MLCQCodeSmellSamples/scripts/../dataset/commons-configuration_34357e075d63c3634310878636f9498847badcab/src/test/java/org/apache/commons/configuration2/beanutils/TestConfigurationDynaBean.java,org.apache.commons.configuration2.beanutils.TestConfigurationDynaBean,setUp/0,intArray,2
/home/sandro/workspace/sandro/MLCQCodeSmellSamples/scripts/../dataset/commons-configuration_34357e075d63c3634310878636f9498847badcab/src/test/java/org/apache/commons/configuration2/beanutils/TestConfigurationDynaBean.java,org.apache.commons.configuration2.beanutils.TestConfigurationDynaBean,setUp/0,bean,11
/home/sandro/workspace/sandro/MLCQCodeSmellSamples/scripts/../dataset/commons-configuration_34357e075d63c3634310878636f9498847badcab/src/test/java/org/apache/commons/configuration2/beanutils/TestConfigurationDynaBean.java,org.apache.commons.configuration2.beanutils.TestConfigurationDynaBean,testSetSimpleBoolean/0,bean,3
/home/sandro/workspace/sandro/MLCQCodeSmellSamples/scripts/../dataset/commons-configuration_34357e075d63c3634310878636f9498847badcab/src/test/java/org/apache/commons/configuration2/beanutils/TestConfigurationDynaBean.java,org.apache.commons.configuration2.beanutils.TestConfigurationDynaBean,testGetNonExistentProperty/0,bean,1
/home/sandro/workspace/sandro/MLCQCodeSmellSamples/scripts/../dataset/commons-configuration_34357e075d63c3634310878636f9498847badcab/src/test/java/org/apache/commons/configuration2/beanutils/TestConfigurationDynaBean.java,org.apache.commons.configuration2.beanutils.TestConfigurationDynaBean,testMappedRemove/0,bean,6
/home/sandro/workspace/sandro/MLCQCodeSmellSamples/scripts/../dataset/commons-configuration_34357e075d63c3634310878636f9498847badcab/src/test/java/org/apache/commons/configuration2/beanutils/TestConfigurationDynaBean.java,org.apache.commons.configuration2.beanutils.TestConfigurationDynaBean,testGetSimpleLong/0,bean,1
/home/sandro/workspace/sandro/MLCQCodeSmellSamples/scripts/../dataset/commons-configuration_34357e075d63c3634310878636f9498847badcab/src/test/java/org/apache/commons/configuration2/beanutils/TestConfigurationDynaBean.java,org.apache.commons.configuration2.beanutils.TestConfigurationDynaBean,testSetIndexedValues/0,bean,10
/home/sandro/workspace/sandro/MLCQCodeSmellSamples/scripts/../dataset/commons-configuration_34357e075d63c3634310878636f9498847badcab/src/test/java/org/apache/commons/configuration2/beanutils/TestConfigurationDynaBean.java,org.apache.commons.configuration2.beanutils.TestConfigurationDynaBean,testGetDescriptors/0,bean,1
/home/sandro/workspace/sandro/MLCQCodeSmellSamples/scripts/../dataset/commons-configuration_34357e075d63c3634310878636f9498847badcab/src/test/java/org/apache/commons/configuration2/beanutils/TestConfigurationDynaBean.java,org.apache.commons.configuration2.beanutils.TestConfigurationDynaBean,testGetDescriptors/0,properties,3
/home/sandro/workspace/sandro/MLCQCodeSmellSamples/scripts/../dataset/commons-configuration_34357e075d63c3634310878636f9498847badcab/src/test/java/org/apache/commons/configuration2/beanutils/TestConfigurationDynaBean.java,org.apache.commons.configuration2.beanutils.TestConfigurationDynaBean,testSetNonIndexedProperties/0,bean,1
/home/sandro/workspace/sandro/MLCQCodeSmellSamples/scripts/../dataset/commons-configuration_34357e075d63c3634310878636f9498847badcab/src/test/java/org/apache/commons/configuration2/beanutils/TestConfigurationDynaBean.java,org.apache.commons.configuration2.beanutils.TestConfigurationDynaBean,testGetSimpleInt/0,bean,1
/home/sandro/workspace/sandro/MLCQCodeSmellSamples/scripts/../dataset/commons-configuration_34357e075d63c3634310878636f9498847badcab/src/test/java/org/apache/commons/configuration2/beanutils/TestConfigurationDynaBean.java,org.apache.commons.configuration2.beanutils.TestConfigurationDynaBean,testGetDescriptorArguments/0,bean,2
/home/sandro/workspace/sandro/MLCQCodeSmellSamples/scripts/../dataset/commons-configuration_34357e075d63c3634310878636f9498847badcab/src/test/java/org/apache/commons/configuration2/beanutils/TestConfigurationDynaBean.java,org.apache.commons.configuration2.beanutils.TestConfigurationDynaBean,testGetMappedValues/0,bean,3
/home/sandro/workspace/sandro/MLCQCodeSmellSamples/scripts/../dataset/commons-configuration_34357e075d63c3634310878636f9498847badcab/src/test/java/org/apache/commons/configuration2/beanutils/TestConfigurationDynaBean.java,org.apache.commons.configuration2.beanutils.TestConfigurationDynaBean,testGetIndexedString/0,bean,2
/home/sandro/workspace/sandro/MLCQCodeSmellSamples/scripts/../dataset/commons-configuration_34357e075d63c3634310878636f9498847badcab/src/test/java/org/apache/commons/configuration2/beanutils/TestConfigurationDynaBean.java,org.apache.commons.configuration2.beanutils.TestConfigurationDynaBean,testNestedPropeties/0,bean,2
/home/sandro/workspace/sandro/MLCQCodeSmellSamples/scripts/../dataset/commons-configuration_34357e075d63c3634310878636f9498847badcab/src/test/java/org/apache/commons/configuration2/beanutils/TestConfigurationDynaBean.java,org.apache.commons.configuration2.beanutils.TestConfigurationDynaBean,testGetIndexedArguments/0,bean,1
/home/sandro/workspace/sandro/MLCQCodeSmellSamples/scripts/../dataset/commons-configuration_34357e075d63c3634310878636f9498847badcab/src/test/java/org/apache/commons/configuration2/beanutils/TestConfigurationDynaBean.java,org.apache.commons.configuration2.beanutils.TestConfigurationDynaBean,testSetIndexedArguments/0,bean,1
/home/sandro/workspace/sandro/MLCQCodeSmellSamples/scripts/../dataset/commons-configuration_34357e075d63c3634310878636f9498847badcab/src/test/java/org/apache/commons/configuration2/beanutils/TestConfigurationDynaBean.java,org.apache.commons.configuration2.beanutils.TestConfigurationDynaBean,testSetSimpleLong/0,bean,3
/home/sandro/workspace/sandro/MLCQCodeSmellSamples/scripts/../dataset/commons-configuration_34357e075d63c3634310878636f9498847badcab/src/main/java/org/apache/commons/configuration2/builder/ReloadingFileBasedConfigurationBuilder.java,org.apache.commons.configuration2.builder.ReloadingFileBasedConfigurationBuilder,"ReloadingFileBasedConfigurationBuilder/2[java.lang.Class<? extends T>,java.util.Map<java.lang.String,java.lang.Object>]",reloadingController,1
/home/sandro/workspace/sandro/MLCQCodeSmellSamples/scripts/../dataset/commons-configuration_34357e075d63c3634310878636f9498847badcab/src/main/java/org/apache/commons/configuration2/builder/ReloadingFileBasedConfigurationBuilder.java,org.apache.commons.configuration2.builder.ReloadingFileBasedConfigurationBuilder,fetchDetectorFactory/1[org.apache.commons.configuration2.builder.FileBasedBuilderParametersImpl],DEFAULT_DETECTOR_FACTORY,1
/home/sandro/workspace/sandro/MLCQCodeSmellSamples/scripts/../dataset/commons-configuration_34357e075d63c3634310878636f9498847badcab/src/main/java/org/apache/commons/configuration2/builder/ReloadingFileBasedConfigurationBuilder.java,org.apache.commons.configuration2.builder.ReloadingFileBasedConfigurationBuilder,getReloadingController/0,reloadingController,1
/home/sandro/workspace/sandro/MLCQCodeSmellSamples/scripts/../dataset/commons-configuration_34357e075d63c3634310878636f9498847badcab/src/main/java/org/apache/commons/configuration2/builder/ReloadingFileBasedConfigurationBuilder.java,org.apache.commons.configuration2.builder.ReloadingFileBasedConfigurationBuilder,"ReloadingFileBasedConfigurationBuilder/3[java.lang.Class<? extends T>,java.util.Map<java.lang.String,java.lang.Object>,boolean]",reloadingController,1
/home/sandro/workspace/sandro/MLCQCodeSmellSamples/scripts/../dataset/commons-configuration_34357e075d63c3634310878636f9498847badcab/src/main/java/org/apache/commons/configuration2/builder/ReloadingFileBasedConfigurationBuilder.java,org.apache.commons.configuration2.builder.ReloadingFileBasedConfigurationBuilder,initFileHandler/1[org.apache.commons.configuration2.io.FileHandler],resultReloadingDetector,1
/home/sandro/workspace/sandro/MLCQCodeSmellSamples/scripts/../dataset/commons-configuration_34357e075d63c3634310878636f9498847badcab/src/main/java/org/apache/commons/configuration2/builder/ReloadingFileBasedConfigurationBuilder.java,org.apache.commons.configuration2.builder.ReloadingFileBasedConfigurationBuilder,ReloadingFileBasedConfigurationBuilder/1[java.lang.Class<? extends T>],reloadingController,1
/home/sandro/workspace/sandro/MLCQCodeSmellSamples/scripts/../dataset/commons-configuration_34357e075d63c3634310878636f9498847badcab/src/test/java/org/apache/commons/configuration2/reloading/TestFileHandlerReloadingDetector.java,org.apache.commons.configuration2.reloading.TestFileHandlerReloadingDetector,testRefreshIsReloadingRequiredTrue/0,LAST_MODIFIED,2
/home/sandro/workspace/sandro/MLCQCodeSmellSamples/scripts/../dataset/commons-configuration_34357e075d63c3634310878636f9498847badcab/src/test/java/org/apache/commons/configuration2/reloading/TestFileHandlerReloadingDetector.java,org.apache.commons.configuration2.reloading.TestFileHandlerReloadingDetector,testReloadingAndReset/0,LAST_MODIFIED,3
/home/sandro/workspace/sandro/MLCQCodeSmellSamples/scripts/../dataset/commons-configuration_34357e075d63c3634310878636f9498847badcab/src/test/java/org/apache/commons/configuration2/reloading/TestFileHandlerReloadingDetector.java,org.apache.commons.configuration2.reloading.TestFileHandlerReloadingDetector,testRefreshDelay/0,LAST_MODIFIED,1
/home/sandro/workspace/sandro/MLCQCodeSmellSamples/scripts/../dataset/commons-configuration_34357e075d63c3634310878636f9498847badcab/src/test/java/org/apache/commons/configuration2/reloading/TestFileHandlerReloadingDetector.java,org.apache.commons.configuration2.reloading.TestFileHandlerReloadingDetector,testIsReloadingRequiredTrue/0,LAST_MODIFIED,2
/home/sandro/workspace/sandro/MLCQCodeSmellSamples/scripts/../dataset/commons-configuration_34357e075d63c3634310878636f9498847badcab/src/test/java/org/apache/commons/configuration2/reloading/TestFileHandlerReloadingDetector.java,org.apache.commons.configuration2.reloading.TestFileHandlerReloadingDetector,testRefreshReloadingAndReset/0,LAST_MODIFIED,3
/home/sandro/workspace/sandro/MLCQCodeSmellSamples/scripts/../dataset/commons-configuration_34357e075d63c3634310878636f9498847badcab/src/main/java/org/apache/commons/configuration2/builder/BasicConfigurationBuilder.java,org.apache.commons.configuration2.builder.BasicConfigurationBuilder,resetResult/0,result,2
/home/sandro/workspace/sandro/MLCQCodeSmellSamples/scripts/../dataset/commons-configuration_34357e075d63c3634310878636f9498847badcab/src/main/java/org/apache/commons/configuration2/builder/BasicConfigurationBuilder.java,org.apache.commons.configuration2.builder.BasicConfigurationBuilder,resetResult/0,resultDeclaration,1
/home/sandro/workspace/sandro/MLCQCodeSmellSamples/scripts/../dataset/commons-configuration_34357e075d63c3634310878636f9498847badcab/src/main/java/org/apache/commons/configuration2/builder/BasicConfigurationBuilder.java,org.apache.commons.configuration2.builder.BasicConfigurationBuilder,removeEventListeners/1[T],eventListeners,1
/home/sandro/workspace/sandro/MLCQCodeSmellSamples/scripts/../dataset/commons-configuration_34357e075d63c3634310878636f9498847badcab/src/main/java/org/apache/commons/configuration2/builder/BasicConfigurationBuilder.java,org.apache.commons.configuration2.builder.BasicConfigurationBuilder,getResultClass/0,resultClass,1
/home/sandro/workspace/sandro/MLCQCodeSmellSamples/scripts/../dataset/commons-configuration_34357e075d63c3634310878636f9498847badcab/src/main/java/org/apache/commons/configuration2/builder/BasicConfigurationBuilder.java,org.apache.commons.configuration2.builder.BasicConfigurationBuilder,copyEventListeners/1[org.apache.commons.configuration2.builder.BasicConfigurationBuilder<?>],eventListeners,1
/home/sandro/workspace/sandro/MLCQCodeSmellSamples/scripts/../dataset/commons-configuration_34357e075d63c3634310878636f9498847badcab/src/main/java/org/apache/commons/configuration2/builder/BasicConfigurationBuilder.java,org.apache.commons.configuration2.builder.BasicConfigurationBuilder,"updateParameters/1[java.util.Map<java.lang.String,java.lang.Object>]",parameters,1
/home/sandro/workspace/sandro/MLCQCodeSmellSamples/scripts/../dataset/commons-configuration_34357e075d63c3634310878636f9498847badcab/src/main/java/org/apache/commons/configuration2/builder/BasicConfigurationBuilder.java,org.apache.commons.configuration2.builder.BasicConfigurationBuilder,isAllowFailOnInit/0,allowFailOnInit,1
/home/sandro/workspace/sandro/MLCQCodeSmellSamples/scripts/../dataset/commons-configuration_34357e075d63c3634310878636f9498847badcab/src/main/java/org/apache/commons/configuration2/builder/BasicConfigurationBuilder.java,org.apache.commons.configuration2.builder.BasicConfigurationBuilder,"installEventListener/2[org.apache.commons.configuration2.event.EventType<E>,org.apache.commons.configuration2.event.EventListener<? super E>]",eventListeners,1
/home/sandro/workspace/sandro/MLCQCodeSmellSamples/scripts/../dataset/commons-configuration_34357e075d63c3634310878636f9498847badcab/src/main/java/org/apache/commons/configuration2/builder/BasicConfigurationBuilder.java,org.apache.commons.configuration2.builder.BasicConfigurationBuilder,getParameters/0,parameters,2
/home/sandro/workspace/sandro/MLCQCodeSmellSamples/scripts/../dataset/commons-configuration_34357e075d63c3634310878636f9498847badcab/src/main/java/org/apache/commons/configuration2/builder/BasicConfigurationBuilder.java,org.apache.commons.configuration2.builder.BasicConfigurationBuilder,getConfiguration/0,result,3
/home/sandro/workspace/sandro/MLCQCodeSmellSamples/scripts/../dataset/commons-configuration_34357e075d63c3634310878636f9498847badcab/src/main/java/org/apache/commons/configuration2/builder/BasicConfigurationBuilder.java,org.apache.commons.configuration2.builder.BasicConfigurationBuilder,fireBuilderEvent/1[org.apache.commons.configuration2.builder.ConfigurationBuilderEvent],eventListeners,1
/home/sandro/workspace/sandro/MLCQCodeSmellSamples/scripts/../dataset/commons-configuration_34357e075d63c3634310878636f9498847badcab/src/main/java/org/apache/commons/configuration2/builder/BasicConfigurationBuilder.java,org.apache.commons.configuration2.builder.BasicConfigurationBuilder,fetchEventSource/0,result,1
/home/sandro/workspace/sandro/MLCQCodeSmellSamples/scripts/../dataset/commons-configuration_34357e075d63c3634310878636f9498847badcab/src/main/java/org/apache/commons/configuration2/builder/BasicConfigurationBuilder.java,org.apache.commons.configuration2.builder.BasicConfigurationBuilder,handleEventListenerProviders/1[org.apache.commons.configuration2.builder.BuilderParameters],eventListeners,1
/home/sandro/workspace/sandro/MLCQCodeSmellSamples/scripts/../dataset/commons-configuration_34357e075d63c3634310878636f9498847badcab/src/main/java/org/apache/commons/configuration2/builder/BasicConfigurationBuilder.java,org.apache.commons.configuration2.builder.BasicConfigurationBuilder,"BasicConfigurationBuilder/3[java.lang.Class<? extends T>,java.util.Map<java.lang.String,java.lang.Object>,boolean]",eventListeners,1
/home/sandro/workspace/sandro/MLCQCodeSmellSamples/scripts/../dataset/commons-configuration_34357e075d63c3634310878636f9498847badcab/src/main/java/org/apache/commons/configuration2/builder/BasicConfigurationBuilder.java,org.apache.commons.configuration2.builder.BasicConfigurationBuilder,"BasicConfigurationBuilder/3[java.lang.Class<? extends T>,java.util.Map<java.lang.String,java.lang.Object>,boolean]",resultClass,1
/home/sandro/workspace/sandro/MLCQCodeSmellSamples/scripts/../dataset/commons-configuration_34357e075d63c3634310878636f9498847badcab/src/main/java/org/apache/commons/configuration2/builder/BasicConfigurationBuilder.java,org.apache.commons.configuration2.builder.BasicConfigurationBuilder,"BasicConfigurationBuilder/3[java.lang.Class<? extends T>,java.util.Map<java.lang.String,java.lang.Object>,boolean]",allowFailOnInit,4
/home/sandro/workspace/sandro/MLCQCodeSmellSamples/scripts/../dataset/commons-configuration_34357e075d63c3634310878636f9498847badcab/src/main/java/org/apache/commons/configuration2/builder/BasicConfigurationBuilder.java,org.apache.commons.configuration2.builder.BasicConfigurationBuilder,registerEventListeners/1[T],eventListeners,1
/home/sandro/workspace/sandro/MLCQCodeSmellSamples/scripts/../dataset/commons-configuration_34357e075d63c3634310878636f9498847badcab/src/main/java/org/apache/commons/configuration2/builder/BasicConfigurationBuilder.java,org.apache.commons.configuration2.builder.BasicConfigurationBuilder,getResultDeclaration/0,resultDeclaration,3
/home/sandro/workspace/sandro/MLCQCodeSmellSamples/scripts/../dataset/commons-configuration_34357e075d63c3634310878636f9498847badcab/src/main/java/org/apache/commons/configuration2/builder/BasicConfigurationBuilder.java,org.apache.commons.configuration2.builder.BasicConfigurationBuilder,"removeEventListener/2[org.apache.commons.configuration2.event.EventType<E>,org.apache.commons.configuration2.event.EventListener<? super E>]",eventListeners,1
/home/sandro/workspace/sandro/MLCQCodeSmellSamples/scripts/../dataset/commons-configuration_34357e075d63c3634310878636f9498847badcab/src/test/java/org/apache/commons/configuration2/event/TestEventSource.java,org.apache.commons.configuration2.event.TestEventSource,testRemoveEventListener/0,source,6
/home/sandro/workspace/sandro/MLCQCodeSmellSamples/scripts/../dataset/commons-configuration_34357e075d63c3634310878636f9498847badcab/src/test/java/org/apache/commons/configuration2/event/TestEventSource.java,org.apache.commons.configuration2.event.TestEventSource,testClearEventListeners/0,source,7
/home/sandro/workspace/sandro/MLCQCodeSmellSamples/scripts/../dataset/commons-configuration_34357e075d63c3634310878636f9498847badcab/src/test/java/org/apache/commons/configuration2/event/TestEventSource.java,org.apache.commons.configuration2.event.TestEventSource,testRemoveListenerInFireEvent/0,TEST_PROPNAME,2
/home/sandro/workspace/sandro/MLCQCodeSmellSamples/scripts/../dataset/commons-configuration_34357e075d63c3634310878636f9498847badcab/src/test/java/org/apache/commons/configuration2/event/TestEventSource.java,org.apache.commons.configuration2.event.TestEventSource,testRemoveListenerInFireEvent/0,TEST_PROPVALUE,2
/home/sandro/workspace/sandro/MLCQCodeSmellSamples/scripts/../dataset/commons-configuration_34357e075d63c3634310878636f9498847badcab/src/test/java/org/apache/commons/configuration2/event/TestEventSource.java,org.apache.commons.configuration2.event.TestEventSource,testRemoveListenerInFireEvent/0,source,5
/home/sandro/workspace/sandro/MLCQCodeSmellSamples/scripts/../dataset/commons-configuration_34357e075d63c3634310878636f9498847badcab/src/test/java/org/apache/commons/configuration2/event/TestEventSource.java,org.apache.commons.configuration2.event.TestEventSource,setUp/0,source,1
/home/sandro/workspace/sandro/MLCQCodeSmellSamples/scripts/../dataset/commons-configuration_34357e075d63c3634310878636f9498847badcab/src/test/java/org/apache/commons/configuration2/event/TestEventSource.java,org.apache.commons.configuration2.event.TestEventSource,testFireError/0,TEST_PROPNAME,3
/home/sandro/workspace/sandro/MLCQCodeSmellSamples/scripts/../dataset/commons-configuration_34357e075d63c3634310878636f9498847badcab/src/test/java/org/apache/commons/configuration2/event/TestEventSource.java,org.apache.commons.configuration2.event.TestEventSource,testFireError/0,TEST_PROPVALUE,3
/home/sandro/workspace/sandro/MLCQCodeSmellSamples/scripts/../dataset/commons-configuration_34357e075d63c3634310878636f9498847badcab/src/test/java/org/apache/commons/configuration2/event/TestEventSource.java,org.apache.commons.configuration2.event.TestEventSource,testFireError/0,source,7
/home/sandro/workspace/sandro/MLCQCodeSmellSamples/scripts/../dataset/commons-configuration_34357e075d63c3634310878636f9498847badcab/src/test/java/org/apache/commons/configuration2/event/TestEventSource.java,org.apache.commons.configuration2.event.TestEventSource,testClone/0,source,3
/home/sandro/workspace/sandro/MLCQCodeSmellSamples/scripts/../dataset/commons-configuration_34357e075d63c3634310878636f9498847badcab/src/test/java/org/apache/commons/configuration2/event/TestEventSource.java,org.apache.commons.configuration2.event.TestEventSource,testCopyEventListenersNullSource/0,source,1
/home/sandro/workspace/sandro/MLCQCodeSmellSamples/scripts/../dataset/commons-configuration_34357e075d63c3634310878636f9498847badcab/src/test/java/org/apache/commons/configuration2/event/TestEventSource.java,org.apache.commons.configuration2.event.TestEventSource,testAddNullEventListener/0,source,1
/home/sandro/workspace/sandro/MLCQCodeSmellSamples/scripts/../dataset/commons-configuration_34357e075d63c3634310878636f9498847badcab/src/test/java/org/apache/commons/configuration2/event/TestEventSource.java,org.apache.commons.configuration2.event.TestEventSource,testInit/0,source,3
/home/sandro/workspace/sandro/MLCQCodeSmellSamples/scripts/../dataset/commons-configuration_34357e075d63c3634310878636f9498847badcab/src/test/java/org/apache/commons/configuration2/event/TestEventSource.java,org.apache.commons.configuration2.event.TestEventSource,testFireErrorNoListeners/0,TEST_PROPNAME,1
/home/sandro/workspace/sandro/MLCQCodeSmellSamples/scripts/../dataset/commons-configuration_34357e075d63c3634310878636f9498847badcab/src/test/java/org/apache/commons/configuration2/event/TestEventSource.java,org.apache.commons.configuration2.event.TestEventSource,testFireErrorNoListeners/0,TEST_PROPVALUE,1
/home/sandro/workspace/sandro/MLCQCodeSmellSamples/scripts/../dataset/commons-configuration_34357e075d63c3634310878636f9498847badcab/src/test/java/org/apache/commons/configuration2/event/TestEventSource.java,org.apache.commons.configuration2.event.TestEventSource,testFireErrorNoListeners/0,source,1
/home/sandro/workspace/sandro/MLCQCodeSmellSamples/scripts/../dataset/commons-configuration_34357e075d63c3634310878636f9498847badcab/src/test/java/org/apache/commons/configuration2/event/TestEventSource.java,org.apache.commons.configuration2.event.TestEventSource,testCopyEventListeners/0,source,5
/home/sandro/workspace/sandro/MLCQCodeSmellSamples/scripts/../dataset/commons-configuration_34357e075d63c3634310878636f9498847badcab/src/test/java/org/apache/commons/configuration2/event/TestEventSource.java,org.apache.commons.configuration2.event.TestEventSource,testRemoveNullEventListener/0,source,3
/home/sandro/workspace/sandro/MLCQCodeSmellSamples/scripts/../dataset/commons-configuration_34357e075d63c3634310878636f9498847badcab/src/test/java/org/apache/commons/configuration2/event/TestEventSource.java,org.apache.commons.configuration2.event.TestEventSource,testGetEventListenersAddNew/0,source,2
/home/sandro/workspace/sandro/MLCQCodeSmellSamples/scripts/../dataset/commons-configuration_34357e075d63c3634310878636f9498847badcab/src/test/java/org/apache/commons/configuration2/event/TestEventSource.java,org.apache.commons.configuration2.event.TestEventSource,testClearErrorListeners/0,source,6
/home/sandro/workspace/sandro/MLCQCodeSmellSamples/scripts/../dataset/commons-configuration_34357e075d63c3634310878636f9498847badcab/src/test/java/org/apache/commons/configuration2/event/TestEventSource.java,org.apache.commons.configuration2.event.TestEventSource,testFireEvent/0,TEST_PROPNAME,2
/home/sandro/workspace/sandro/MLCQCodeSmellSamples/scripts/../dataset/commons-configuration_34357e075d63c3634310878636f9498847badcab/src/test/java/org/apache/commons/configuration2/event/TestEventSource.java,org.apache.commons.configuration2.event.TestEventSource,testFireEvent/0,TEST_PROPVALUE,2
/home/sandro/workspace/sandro/MLCQCodeSmellSamples/scripts/../dataset/commons-configuration_34357e075d63c3634310878636f9498847badcab/src/test/java/org/apache/commons/configuration2/event/TestEventSource.java,org.apache.commons.configuration2.event.TestEventSource,testFireEvent/0,source,3
/home/sandro/workspace/sandro/MLCQCodeSmellSamples/scripts/../dataset/commons-configuration_34357e075d63c3634310878636f9498847badcab/src/test/java/org/apache/commons/configuration2/event/TestEventSource.java,org.apache.commons.configuration2.event.TestEventSource,testFireEventNoListeners/0,TEST_PROPNAME,1
/home/sandro/workspace/sandro/MLCQCodeSmellSamples/scripts/../dataset/commons-configuration_34357e075d63c3634310878636f9498847badcab/src/test/java/org/apache/commons/configuration2/event/TestEventSource.java,org.apache.commons.configuration2.event.TestEventSource,testFireEventNoListeners/0,TEST_PROPVALUE,1
/home/sandro/workspace/sandro/MLCQCodeSmellSamples/scripts/../dataset/commons-configuration_34357e075d63c3634310878636f9498847badcab/src/test/java/org/apache/commons/configuration2/event/TestEventSource.java,org.apache.commons.configuration2.event.TestEventSource,testFireEventNoListeners/0,source,1
/home/sandro/workspace/sandro/MLCQCodeSmellSamples/scripts/../dataset/commons-configuration_34357e075d63c3634310878636f9498847badcab/src/test/java/org/apache/commons/configuration2/event/TestEventSource.java,org.apache.commons.configuration2.event.TestEventSource,testFireEventNoDetails/0,TEST_PROPNAME,1
/home/sandro/workspace/sandro/MLCQCodeSmellSamples/scripts/../dataset/commons-configuration_34357e075d63c3634310878636f9498847badcab/src/test/java/org/apache/commons/configuration2/event/TestEventSource.java,org.apache.commons.configuration2.event.TestEventSource,testFireEventNoDetails/0,TEST_PROPVALUE,1
/home/sandro/workspace/sandro/MLCQCodeSmellSamples/scripts/../dataset/commons-configuration_34357e075d63c3634310878636f9498847badcab/src/test/java/org/apache/commons/configuration2/event/TestEventSource.java,org.apache.commons.configuration2.event.TestEventSource,testFireEventNoDetails/0,source,4
/home/sandro/workspace/sandro/MLCQCodeSmellSamples/scripts/../dataset/commons-configuration_34357e075d63c3634310878636f9498847badcab/src/test/java/org/apache/commons/configuration2/event/TestEventSource.java,org.apache.commons.configuration2.event.TestEventSource,testAddEventListener/0,source,2
/home/sandro/workspace/sandro/MLCQCodeSmellSamples/scripts/../dataset/commons-configuration_34357e075d63c3634310878636f9498847badcab/src/test/java/org/apache/commons/configuration2/event/TestEventSource.java,org.apache.commons.configuration2.event.TestEventSource,testGetEventListenersUpdate/0,source,2
/home/sandro/workspace/sandro/MLCQCodeSmellSamples/scripts/../dataset/commons-configuration_34357e075d63c3634310878636f9498847badcab/src/test/java/org/apache/commons/configuration2/event/TestEventSource.java,org.apache.commons.configuration2.event.TestEventSource,testSetDetailEvents/0,source,7
/home/sandro/workspace/sandro/MLCQCodeSmellSamples/scripts/../dataset/commons-configuration_34357e075d63c3634310878636f9498847badcab/src/test/java/org/apache/commons/configuration2/builder/TestFileBasedConfigurationBuilder.java,org.apache.commons.configuration2.builder.TestFileBasedConfigurationBuilder,testFileBasedConfigurationBuilderWithHomeDirectoryLocationStrategy/0,folder,3
/home/sandro/workspace/sandro/MLCQCodeSmellSamples/scripts/../dataset/commons-configuration_34357e075d63c3634310878636f9498847badcab/src/test/java/org/apache/commons/configuration2/builder/TestFileBasedConfigurationBuilder.java,org.apache.commons.configuration2.builder.TestFileBasedConfigurationBuilder,testChangeLocationAfterReset/0,PROP,2
/home/sandro/workspace/sandro/MLCQCodeSmellSamples/scripts/../dataset/commons-configuration_34357e075d63c3634310878636f9498847badcab/src/test/java/org/apache/commons/configuration2/builder/TestFileBasedConfigurationBuilder.java,org.apache.commons.configuration2.builder.TestFileBasedConfigurationBuilder,testSaveNewFile/0,folder,1
/home/sandro/workspace/sandro/MLCQCodeSmellSamples/scripts/../dataset/commons-configuration_34357e075d63c3634310878636f9498847badcab/src/test/java/org/apache/commons/configuration2/builder/TestFileBasedConfigurationBuilder.java,org.apache.commons.configuration2.builder.TestFileBasedConfigurationBuilder,testSaveNewFile/0,PROP,1
/home/sandro/workspace/sandro/MLCQCodeSmellSamples/scripts/../dataset/commons-configuration_34357e075d63c3634310878636f9498847badcab/src/test/java/org/apache/commons/configuration2/builder/TestFileBasedConfigurationBuilder.java,org.apache.commons.configuration2.builder.TestFileBasedConfigurationBuilder,testAutoSave/0,PROP,1
/home/sandro/workspace/sandro/MLCQCodeSmellSamples/scripts/../dataset/commons-configuration_34357e075d63c3634310878636f9498847badcab/src/test/java/org/apache/commons/configuration2/builder/TestFileBasedConfigurationBuilder.java,org.apache.commons.configuration2.builder.TestFileBasedConfigurationBuilder,testAutoSaveWithPropertiesConfiguration/0,folder,1
/home/sandro/workspace/sandro/MLCQCodeSmellSamples/scripts/../dataset/commons-configuration_34357e075d63c3634310878636f9498847badcab/src/test/java/org/apache/commons/configuration2/builder/TestFileBasedConfigurationBuilder.java,org.apache.commons.configuration2.builder.TestFileBasedConfigurationBuilder,testAutoSaveWithPropertiesConfiguration/0,PROP,1
/home/sandro/workspace/sandro/MLCQCodeSmellSamples/scripts/../dataset/commons-configuration_34357e075d63c3634310878636f9498847badcab/src/test/java/org/apache/commons/configuration2/builder/TestFileBasedConfigurationBuilder.java,org.apache.commons.configuration2.builder.TestFileBasedConfigurationBuilder,testSave/0,PROP,1
/home/sandro/workspace/sandro/MLCQCodeSmellSamples/scripts/../dataset/commons-configuration_34357e075d63c3634310878636f9498847badcab/src/test/java/org/apache/commons/configuration2/builder/TestFileBasedConfigurationBuilder.java,org.apache.commons.configuration2.builder.TestFileBasedConfigurationBuilder,testLocationSurvivesResetResult/0,PROP,1
/home/sandro/workspace/sandro/MLCQCodeSmellSamples/scripts/../dataset/commons-configuration_34357e075d63c3634310878636f9498847badcab/src/test/java/org/apache/commons/configuration2/builder/TestFileBasedConfigurationBuilder.java,org.apache.commons.configuration2.builder.TestFileBasedConfigurationBuilder,testGetConfigurationLoadFromFile/0,PROP,1
/home/sandro/workspace/sandro/MLCQCodeSmellSamples/scripts/../dataset/commons-configuration_34357e075d63c3634310878636f9498847badcab/src/test/java/org/apache/commons/configuration2/builder/TestFileBasedConfigurationBuilder.java,org.apache.commons.configuration2.builder.TestFileBasedConfigurationBuilder,testCreateConfigurationNonExistingFileAndThenSave/0,PROP,1
/home/sandro/workspace/sandro/MLCQCodeSmellSamples/scripts/../dataset/commons-configuration_34357e075d63c3634310878636f9498847badcab/src/test/java/org/apache/commons/configuration2/builder/TestFileBasedConfigurationBuilder.java,org.apache.commons.configuration2.builder.TestFileBasedConfigurationBuilder,testChangeLocationAfterCreation/0,PROP,1
/home/sandro/workspace/sandro/MLCQCodeSmellSamples/scripts/../dataset/commons-configuration_34357e075d63c3634310878636f9498847badcab/src/test/java/org/apache/commons/configuration2/builder/TestFileBasedConfigurationBuilder.java,org.apache.commons.configuration2.builder.TestFileBasedConfigurationBuilder,testAutoSaveWithReset/0,PROP,2
/home/sandro/workspace/sandro/MLCQCodeSmellSamples/scripts/../dataset/commons-configuration_34357e075d63c3634310878636f9498847badcab/src/test/java/org/apache/commons/configuration2/builder/TestFileBasedConfigurationBuilder.java,org.apache.commons.configuration2.builder.TestFileBasedConfigurationBuilder,"checkSavedConfig/2[java.io.File,int]",PROP,1
/home/sandro/workspace/sandro/MLCQCodeSmellSamples/scripts/../dataset/commons-configuration_34357e075d63c3634310878636f9498847badcab/src/test/java/org/apache/commons/configuration2/builder/TestFileBasedConfigurationBuilder.java,org.apache.commons.configuration2.builder.TestFileBasedConfigurationBuilder,testDisableAutoSave/0,PROP,2
/home/sandro/workspace/sandro/MLCQCodeSmellSamples/scripts/../dataset/commons-configuration_34357e075d63c3634310878636f9498847badcab/src/test/java/org/apache/commons/configuration2/builder/TestFileBasedConfigurationBuilder.java,org.apache.commons.configuration2.builder.TestFileBasedConfigurationBuilder,createTestFile/1[int],folder,1
/home/sandro/workspace/sandro/MLCQCodeSmellSamples/scripts/../dataset/commons-configuration_34357e075d63c3634310878636f9498847badcab/src/test/java/org/apache/commons/configuration2/builder/TestFileBasedConfigurationBuilder.java,org.apache.commons.configuration2.builder.TestFileBasedConfigurationBuilder,createTestFile/1[int],PROP,1
/home/sandro/workspace/sandro/MLCQCodeSmellSamples/scripts/../dataset/commons-configuration_34357e075d63c3634310878636f9498847badcab/src/test/java/org/apache/commons/configuration2/tree/xpath/TestXPathContextFactory.java,org.apache.commons.configuration2.tree.xpath.TestXPathContextFactory,testCreateContext/0,factory,1
/home/sandro/workspace/sandro/MLCQCodeSmellSamples/scripts/../dataset/commons-configuration_34357e075d63c3634310878636f9498847badcab/src/test/java/org/apache/commons/configuration2/tree/xpath/TestXPathContextFactory.java,org.apache.commons.configuration2.tree.xpath.TestXPathContextFactory,setUp/0,factory,1
/home/sandro/workspace/sandro/MLCQCodeSmellSamples/scripts/../dataset/commons-configuration_34357e075d63c3634310878636f9498847badcab/src/main/java/org/apache/commons/configuration2/reloading/ReloadingController.java,org.apache.commons.configuration2.reloading.ReloadingController,isInReloadingState/0,reloadingState,1
/home/sandro/workspace/sandro/MLCQCodeSmellSamples/scripts/../dataset/commons-configuration_34357e075d63c3634310878636f9498847badcab/src/main/java/org/apache/commons/configuration2/reloading/ReloadingController.java,org.apache.commons.configuration2.reloading.ReloadingController,"addEventListener/2[org.apache.commons.configuration2.event.EventType<T>,org.apache.commons.configuration2.event.EventListener<? super T>]",listeners,1
/home/sandro/workspace/sandro/MLCQCodeSmellSamples/scripts/../dataset/commons-configuration_34357e075d63c3634310878636f9498847badcab/src/main/java/org/apache/commons/configuration2/reloading/ReloadingController.java,org.apache.commons.configuration2.reloading.ReloadingController,checkForReloading/1[java.lang.Object],listeners,1
/home/sandro/workspace/sandro/MLCQCodeSmellSamples/scripts/../dataset/commons-configuration_34357e075d63c3634310878636f9498847badcab/src/main/java/org/apache/commons/configuration2/reloading/ReloadingController.java,org.apache.commons.configuration2.reloading.ReloadingController,checkForReloading/1[java.lang.Object],reloadingState,1
/home/sandro/workspace/sandro/MLCQCodeSmellSamples/scripts/../dataset/commons-configuration_34357e075d63c3634310878636f9498847badcab/src/main/java/org/apache/commons/configuration2/reloading/ReloadingController.java,org.apache.commons.configuration2.reloading.ReloadingController,ReloadingController/1[org.apache.commons.configuration2.reloading.ReloadingDetector],listeners,1
/home/sandro/workspace/sandro/MLCQCodeSmellSamples/scripts/../dataset/commons-configuration_34357e075d63c3634310878636f9498847badcab/src/main/java/org/apache/commons/configuration2/reloading/ReloadingController.java,org.apache.commons.configuration2.reloading.ReloadingController,ReloadingController/1[org.apache.commons.configuration2.reloading.ReloadingDetector],detector,1
/home/sandro/workspace/sandro/MLCQCodeSmellSamples/scripts/../dataset/commons-configuration_34357e075d63c3634310878636f9498847badcab/src/main/java/org/apache/commons/configuration2/reloading/ReloadingController.java,org.apache.commons.configuration2.reloading.ReloadingController,resetReloadingState/0,reloadingState,1
/home/sandro/workspace/sandro/MLCQCodeSmellSamples/scripts/../dataset/commons-configuration_34357e075d63c3634310878636f9498847badcab/src/main/java/org/apache/commons/configuration2/reloading/ReloadingController.java,org.apache.commons.configuration2.reloading.ReloadingController,getDetector/0,detector,1
/home/sandro/workspace/sandro/MLCQCodeSmellSamples/scripts/../dataset/commons-configuration_34357e075d63c3634310878636f9498847badcab/src/main/java/org/apache/commons/configuration2/reloading/ReloadingController.java,org.apache.commons.configuration2.reloading.ReloadingController,"removeEventListener/2[org.apache.commons.configuration2.event.EventType<T>,org.apache.commons.configuration2.event.EventListener<? super T>]",listeners,1
/home/sandro/workspace/sandro/MLCQCodeSmellSamples/scripts/../dataset/commons-configuration_34357e075d63c3634310878636f9498847badcab/src/test/java/org/apache/commons/configuration2/builder/combined/TestCombinedConfigurationBuilder.java,org.apache.commons.configuration2.builder.combined.TestCombinedConfigurationBuilder$TestLookup,TestLookup/0,map,3
/home/sandro/workspace/sandro/MLCQCodeSmellSamples/scripts/../dataset/commons-configuration_34357e075d63c3634310878636f9498847badcab/src/test/java/org/apache/commons/configuration2/builder/combined/TestCombinedConfigurationBuilder.java,org.apache.commons.configuration2.builder.combined.TestCombinedConfigurationBuilder$TestLookup,lookup/1[java.lang.String],map,1
/home/sandro/workspace/sandro/MLCQCodeSmellSamples/scripts/../dataset/commons-configuration_34357e075d63c3634310878636f9498847badcab/src/main/java/org/apache/commons/configuration2/builder/BuilderConfigurationWrapperFactory.java,org.apache.commons.configuration2.builder.BuilderConfigurationWrapperFactory$BuilderConfigurationWrapperInvocationHandler,"handleEventSourceInvocation/2[java.lang.reflect.Method,java.lang.Object[]]",eventSourceSupport,1
/home/sandro/workspace/sandro/MLCQCodeSmellSamples/scripts/../dataset/commons-configuration_34357e075d63c3634310878636f9498847badcab/src/main/java/org/apache/commons/configuration2/builder/BuilderConfigurationWrapperFactory.java,org.apache.commons.configuration2.builder.BuilderConfigurationWrapperFactory$BuilderConfigurationWrapperInvocationHandler,"handleEventSourceInvocation/2[java.lang.reflect.Method,java.lang.Object[]]",builder,1
/home/sandro/workspace/sandro/MLCQCodeSmellSamples/scripts/../dataset/commons-configuration_34357e075d63c3634310878636f9498847badcab/src/main/java/org/apache/commons/configuration2/builder/BuilderConfigurationWrapperFactory.java,org.apache.commons.configuration2.builder.BuilderConfigurationWrapperFactory$BuilderConfigurationWrapperInvocationHandler,"BuilderConfigurationWrapperInvocationHandler/2[org.apache.commons.configuration2.builder.ConfigurationBuilder<? extends org.apache.commons.configuration2.ImmutableConfiguration>,org.apache.commons.configuration2.builder.BuilderConfigurationWrapperFactory.EventSourceSupport]",builder,1
/home/sandro/workspace/sandro/MLCQCodeSmellSamples/scripts/../dataset/commons-configuration_34357e075d63c3634310878636f9498847badcab/src/main/java/org/apache/commons/configuration2/builder/BuilderConfigurationWrapperFactory.java,org.apache.commons.configuration2.builder.BuilderConfigurationWrapperFactory$BuilderConfigurationWrapperInvocationHandler,"BuilderConfigurationWrapperInvocationHandler/2[org.apache.commons.configuration2.builder.ConfigurationBuilder<? extends org.apache.commons.configuration2.ImmutableConfiguration>,org.apache.commons.configuration2.builder.BuilderConfigurationWrapperFactory.EventSourceSupport]",eventSourceSupport,1
/home/sandro/workspace/sandro/MLCQCodeSmellSamples/scripts/../dataset/commons-configuration_34357e075d63c3634310878636f9498847badcab/src/main/java/org/apache/commons/configuration2/builder/BuilderConfigurationWrapperFactory.java,org.apache.commons.configuration2.builder.BuilderConfigurationWrapperFactory$BuilderConfigurationWrapperInvocationHandler,"handleConfigurationInvocation/2[java.lang.reflect.Method,java.lang.Object[]]",builder,1
/home/sandro/workspace/sandro/MLCQCodeSmellSamples/scripts/../dataset/commons-configuration_34357e075d63c3634310878636f9498847badcab/src/test/java/org/apache/commons/configuration2/TestPropertiesConfigurationLayout.java,org.apache.commons.configuration2.TestPropertiesConfigurationLayout$LayoutTestConfiguration,"propertyLoaded/2[java.lang.String,java.lang.String]",builder,2
/home/sandro/workspace/sandro/MLCQCodeSmellSamples/scripts/../dataset/commons-configuration_34357e075d63c3634310878636f9498847badcab/src/test/java/org/apache/commons/configuration2/io/TestFileHandler.java,org.apache.commons.configuration2.io.TestFileHandler$FileBasedFileLocatorAwareTestImpl,read/1[java.io.Reader],locator,1
/home/sandro/workspace/sandro/MLCQCodeSmellSamples/scripts/../dataset/commons-configuration_34357e075d63c3634310878636f9498847badcab/src/test/java/org/apache/commons/configuration2/io/TestFileHandler.java,org.apache.commons.configuration2.io.TestFileHandler$FileBasedFileLocatorAwareTestImpl,getLocator/0,locator,1
/home/sandro/workspace/sandro/MLCQCodeSmellSamples/scripts/../dataset/commons-configuration_34357e075d63c3634310878636f9498847badcab/src/test/java/org/apache/commons/configuration2/io/TestFileHandler.java,org.apache.commons.configuration2.io.TestFileHandler$FileBasedFileLocatorAwareTestImpl,write/1[java.io.Writer],locator,1
/home/sandro/workspace/sandro/MLCQCodeSmellSamples/scripts/../dataset/commons-configuration_34357e075d63c3634310878636f9498847badcab/src/test/java/org/apache/commons/configuration2/io/TestFileHandler.java,org.apache.commons.configuration2.io.TestFileHandler$FileBasedFileLocatorAwareTestImpl,initFileLocator/1[org.apache.commons.configuration2.io.FileLocator],locator,1
/home/sandro/workspace/sandro/MLCQCodeSmellSamples/scripts/../dataset/commons-configuration_34357e075d63c3634310878636f9498847badcab/src/test/java/org/apache/commons/configuration2/sync/TestReadWriteSynchronizer.java,org.apache.commons.configuration2.sync.TestReadWriteSynchronizer$ReaderThread,getErrors/0,errors,1
/home/sandro/workspace/sandro/MLCQCodeSmellSamples/scripts/../dataset/commons-configuration_34357e075d63c3634310878636f9498847badcab/src/test/java/org/apache/commons/configuration2/sync/TestReadWriteSynchronizer.java,org.apache.commons.configuration2.sync.TestReadWriteSynchronizer$ReaderThread,"ReaderThread/3[org.apache.commons.configuration2.sync.Synchronizer,int,org.apache.commons.configuration2.sync.TestReadWriteSynchronizer.Account[]]",numberOfReads,1
/home/sandro/workspace/sandro/MLCQCodeSmellSamples/scripts/../dataset/commons-configuration_34357e075d63c3634310878636f9498847badcab/src/test/java/org/apache/commons/configuration2/sync/TestReadWriteSynchronizer.java,org.apache.commons.configuration2.sync.TestReadWriteSynchronizer$ReaderThread,"ReaderThread/3[org.apache.commons.configuration2.sync.Synchronizer,int,org.apache.commons.configuration2.sync.TestReadWriteSynchronizer.Account[]]",accounts,1
/home/sandro/workspace/sandro/MLCQCodeSmellSamples/scripts/../dataset/commons-configuration_34357e075d63c3634310878636f9498847badcab/src/test/java/org/apache/commons/configuration2/sync/TestReadWriteSynchronizer.java,org.apache.commons.configuration2.sync.TestReadWriteSynchronizer$ReaderThread,"ReaderThread/3[org.apache.commons.configuration2.sync.Synchronizer,int,org.apache.commons.configuration2.sync.TestReadWriteSynchronizer.Account[]]",sync,1
/home/sandro/workspace/sandro/MLCQCodeSmellSamples/scripts/../dataset/commons-configuration_34357e075d63c3634310878636f9498847badcab/src/test/java/org/apache/commons/configuration2/sync/TestReadWriteSynchronizer.java,org.apache.commons.configuration2.sync.TestReadWriteSynchronizer$ReaderThread,run/0,numberOfReads,1
/home/sandro/workspace/sandro/MLCQCodeSmellSamples/scripts/../dataset/commons-configuration_34357e075d63c3634310878636f9498847badcab/src/test/java/org/apache/commons/configuration2/sync/TestReadWriteSynchronizer.java,org.apache.commons.configuration2.sync.TestReadWriteSynchronizer$ReaderThread,run/0,accounts,1
/home/sandro/workspace/sandro/MLCQCodeSmellSamples/scripts/../dataset/commons-configuration_34357e075d63c3634310878636f9498847badcab/src/test/java/org/apache/commons/configuration2/sync/TestReadWriteSynchronizer.java,org.apache.commons.configuration2.sync.TestReadWriteSynchronizer$ReaderThread,run/0,sync,2
/home/sandro/workspace/sandro/MLCQCodeSmellSamples/scripts/../dataset/commons-configuration_34357e075d63c3634310878636f9498847badcab/src/test/java/org/apache/commons/configuration2/sync/TestReadWriteSynchronizer.java,org.apache.commons.configuration2.sync.TestReadWriteSynchronizer$ReaderThread,run/0,errors,1
/home/sandro/workspace/sandro/MLCQCodeSmellSamples/scripts/../dataset/commons-configuration_34357e075d63c3634310878636f9498847badcab/src/test/java/org/apache/commons/configuration2/NonStringTestHolder.java,org.apache.commons.configuration2.NonStringTestHolder,testFloatDefaultValue/0,configuration,1
/home/sandro/workspace/sandro/MLCQCodeSmellSamples/scripts/../dataset/commons-configuration_34357e075d63c3634310878636f9498847badcab/src/test/java/org/apache/commons/configuration2/NonStringTestHolder.java,org.apache.commons.configuration2.NonStringTestHolder,testDouble/0,configuration,2
/home/sandro/workspace/sandro/MLCQCodeSmellSamples/scripts/../dataset/commons-configuration_34357e075d63c3634310878636f9498847badcab/src/test/java/org/apache/commons/configuration2/NonStringTestHolder.java,org.apache.commons.configuration2.NonStringTestHolder,testFloat/0,configuration,2
/home/sandro/workspace/sandro/MLCQCodeSmellSamples/scripts/../dataset/commons-configuration_34357e075d63c3634310878636f9498847badcab/src/test/java/org/apache/commons/configuration2/NonStringTestHolder.java,org.apache.commons.configuration2.NonStringTestHolder,setConfiguration/1[org.apache.commons.configuration2.Configuration],configuration,3
/home/sandro/workspace/sandro/MLCQCodeSmellSamples/scripts/../dataset/commons-configuration_34357e075d63c3634310878636f9498847badcab/src/test/java/org/apache/commons/configuration2/NonStringTestHolder.java,org.apache.commons.configuration2.NonStringTestHolder,testShort/0,configuration,2
/home/sandro/workspace/sandro/MLCQCodeSmellSamples/scripts/../dataset/commons-configuration_34357e075d63c3634310878636f9498847badcab/src/test/java/org/apache/commons/configuration2/NonStringTestHolder.java,org.apache.commons.configuration2.NonStringTestHolder,testInteger/0,configuration,2
/home/sandro/workspace/sandro/MLCQCodeSmellSamples/scripts/../dataset/commons-configuration_34357e075d63c3634310878636f9498847badcab/src/test/java/org/apache/commons/configuration2/NonStringTestHolder.java,org.apache.commons.configuration2.NonStringTestHolder,testListMissing/0,configuration,1
/home/sandro/workspace/sandro/MLCQCodeSmellSamples/scripts/../dataset/commons-configuration_34357e075d63c3634310878636f9498847badcab/src/test/java/org/apache/commons/configuration2/NonStringTestHolder.java,org.apache.commons.configuration2.NonStringTestHolder,testIntegerDefaultValue/0,configuration,1
/home/sandro/workspace/sandro/MLCQCodeSmellSamples/scripts/../dataset/commons-configuration_34357e075d63c3634310878636f9498847badcab/src/test/java/org/apache/commons/configuration2/NonStringTestHolder.java,org.apache.commons.configuration2.NonStringTestHolder,testBooleanDefaultValue/0,configuration,2
/home/sandro/workspace/sandro/MLCQCodeSmellSamples/scripts/../dataset/commons-configuration_34357e075d63c3634310878636f9498847badcab/src/test/java/org/apache/commons/configuration2/NonStringTestHolder.java,org.apache.commons.configuration2.NonStringTestHolder,testDoubleDefaultValue/0,configuration,1
/home/sandro/workspace/sandro/MLCQCodeSmellSamples/scripts/../dataset/commons-configuration_34357e075d63c3634310878636f9498847badcab/src/test/java/org/apache/commons/configuration2/NonStringTestHolder.java,org.apache.commons.configuration2.NonStringTestHolder,testSubset/0,configuration,1
/home/sandro/workspace/sandro/MLCQCodeSmellSamples/scripts/../dataset/commons-configuration_34357e075d63c3634310878636f9498847badcab/src/test/java/org/apache/commons/configuration2/NonStringTestHolder.java,org.apache.commons.configuration2.NonStringTestHolder,testBoolean/0,configuration,2
/home/sandro/workspace/sandro/MLCQCodeSmellSamples/scripts/../dataset/commons-configuration_34357e075d63c3634310878636f9498847badcab/src/test/java/org/apache/commons/configuration2/NonStringTestHolder.java,org.apache.commons.configuration2.NonStringTestHolder,testIsEmpty/0,configuration,1
/home/sandro/workspace/sandro/MLCQCodeSmellSamples/scripts/../dataset/commons-configuration_34357e075d63c3634310878636f9498847badcab/src/test/java/org/apache/commons/configuration2/NonStringTestHolder.java,org.apache.commons.configuration2.NonStringTestHolder,testShortDefaultValue/0,configuration,1
/home/sandro/workspace/sandro/MLCQCodeSmellSamples/scripts/../dataset/commons-configuration_34357e075d63c3634310878636f9498847badcab/src/test/java/org/apache/commons/configuration2/NonStringTestHolder.java,org.apache.commons.configuration2.NonStringTestHolder,testByte/0,configuration,2
/home/sandro/workspace/sandro/MLCQCodeSmellSamples/scripts/../dataset/commons-configuration_34357e075d63c3634310878636f9498847badcab/src/test/java/org/apache/commons/configuration2/NonStringTestHolder.java,org.apache.commons.configuration2.NonStringTestHolder,testLongDefaultValue/0,configuration,1
/home/sandro/workspace/sandro/MLCQCodeSmellSamples/scripts/../dataset/commons-configuration_34357e075d63c3634310878636f9498847badcab/src/test/java/org/apache/commons/configuration2/NonStringTestHolder.java,org.apache.commons.configuration2.NonStringTestHolder,testLong/0,configuration,2
/home/sandro/workspace/sandro/MLCQCodeSmellSamples/scripts/../dataset/commons-configuration_34357e075d63c3634310878636f9498847badcab/src/main/java/org/apache/commons/configuration2/io/FileHandler.java,org.apache.commons.configuration2.io.FileHandler,"createLocatorWithFileName/2[java.lang.String,org.apache.commons.configuration2.io.FileLocator]",fileLocator,1
/home/sandro/workspace/sandro/MLCQCodeSmellSamples/scripts/../dataset/commons-configuration_34357e075d63c3634310878636f9498847badcab/src/main/java/org/apache/commons/configuration2/io/FileHandler.java,org.apache.commons.configuration2.io.FileHandler,addFileHandlerListener/1[org.apache.commons.configuration2.io.FileHandlerListener],listeners,1
/home/sandro/workspace/sandro/MLCQCodeSmellSamples/scripts/../dataset/commons-configuration_34357e075d63c3634310878636f9498847badcab/src/main/java/org/apache/commons/configuration2/io/FileHandler.java,org.apache.commons.configuration2.io.FileHandler,fireSavingEvent/0,listeners,1
/home/sandro/workspace/sandro/MLCQCodeSmellSamples/scripts/../dataset/commons-configuration_34357e075d63c3634310878636f9498847badcab/src/main/java/org/apache/commons/configuration2/io/FileHandler.java,org.apache.commons.configuration2.io.FileHandler,locate/0,fileLocator,1
/home/sandro/workspace/sandro/MLCQCodeSmellSamples/scripts/../dataset/commons-configuration_34357e075d63c3634310878636f9498847badcab/src/main/java/org/apache/commons/configuration2/io/FileHandler.java,org.apache.commons.configuration2.io.FileHandler,removeFileHandlerListener/1[org.apache.commons.configuration2.io.FileHandlerListener],listeners,1
/home/sandro/workspace/sandro/MLCQCodeSmellSamples/scripts/../dataset/commons-configuration_34357e075d63c3634310878636f9498847badcab/src/main/java/org/apache/commons/configuration2/io/FileHandler.java,org.apache.commons.configuration2.io.FileHandler,fireSavedEvent/0,listeners,1
/home/sandro/workspace/sandro/MLCQCodeSmellSamples/scripts/../dataset/commons-configuration_34357e075d63c3634310878636f9498847badcab/src/main/java/org/apache/commons/configuration2/io/FileHandler.java,org.apache.commons.configuration2.io.FileHandler,fireLocationChangedEvent/0,listeners,1
/home/sandro/workspace/sandro/MLCQCodeSmellSamples/scripts/../dataset/commons-configuration_34357e075d63c3634310878636f9498847badcab/src/main/java/org/apache/commons/configuration2/io/FileHandler.java,org.apache.commons.configuration2.io.FileHandler,fireLoadingEvent/0,listeners,1
/home/sandro/workspace/sandro/MLCQCodeSmellSamples/scripts/../dataset/commons-configuration_34357e075d63c3634310878636f9498847badcab/src/main/java/org/apache/commons/configuration2/io/FileHandler.java,org.apache.commons.configuration2.io.FileHandler,getFileLocator/0,fileLocator,1
/home/sandro/workspace/sandro/MLCQCodeSmellSamples/scripts/../dataset/commons-configuration_34357e075d63c3634310878636f9498847badcab/src/main/java/org/apache/commons/configuration2/io/FileHandler.java,org.apache.commons.configuration2.io.FileHandler,emptyFileLocator/0,fileLocator,1
/home/sandro/workspace/sandro/MLCQCodeSmellSamples/scripts/../dataset/commons-configuration_34357e075d63c3634310878636f9498847badcab/src/main/java/org/apache/commons/configuration2/io/FileHandler.java,org.apache.commons.configuration2.io.FileHandler,getContent/0,content,1
/home/sandro/workspace/sandro/MLCQCodeSmellSamples/scripts/../dataset/commons-configuration_34357e075d63c3634310878636f9498847badcab/src/main/java/org/apache/commons/configuration2/io/FileHandler.java,org.apache.commons.configuration2.io.FileHandler,normalizeFileURL/1[java.lang.String],FILE_SCHEME,2
/home/sandro/workspace/sandro/MLCQCodeSmellSamples/scripts/../dataset/commons-configuration_34357e075d63c3634310878636f9498847badcab/src/main/java/org/apache/commons/configuration2/io/FileHandler.java,org.apache.commons.configuration2.io.FileHandler,normalizeFileURL/1[java.lang.String],FILE_SCHEME_SLASH,2
/home/sandro/workspace/sandro/MLCQCodeSmellSamples/scripts/../dataset/commons-configuration_34357e075d63c3634310878636f9498847badcab/src/main/java/org/apache/commons/configuration2/io/FileHandler.java,org.apache.commons.configuration2.io.FileHandler,fireLoadedEvent/0,listeners,1
/home/sandro/workspace/sandro/MLCQCodeSmellSamples/scripts/../dataset/commons-configuration_34357e075d63c3634310878636f9498847badcab/src/main/java/org/apache/commons/configuration2/io/FileHandler.java,org.apache.commons.configuration2.io.FileHandler,setFileLocator/1[org.apache.commons.configuration2.io.FileLocator],fileLocator,1
/home/sandro/workspace/sandro/MLCQCodeSmellSamples/scripts/../dataset/commons-configuration_34357e075d63c3634310878636f9498847badcab/src/main/java/org/apache/commons/configuration2/io/FileHandler.java,org.apache.commons.configuration2.io.FileHandler,"FileHandler/2[org.apache.commons.configuration2.io.FileBased,org.apache.commons.configuration2.io.FileLocator]",fileLocator,1
/home/sandro/workspace/sandro/MLCQCodeSmellSamples/scripts/../dataset/commons-configuration_34357e075d63c3634310878636f9498847badcab/src/main/java/org/apache/commons/configuration2/io/FileHandler.java,org.apache.commons.configuration2.io.FileHandler,"FileHandler/2[org.apache.commons.configuration2.io.FileBased,org.apache.commons.configuration2.io.FileLocator]",content,1
/home/sandro/workspace/sandro/MLCQCodeSmellSamples/scripts/../dataset/commons-configuration_34357e075d63c3634310878636f9498847badcab/src/main/java/org/apache/commons/configuration2/io/FileHandler.java,org.apache.commons.configuration2.io.FileHandler,fetchSynchronizerSupport/0,DUMMY_SYNC_SUPPORT,1
/home/sandro/workspace/sandro/MLCQCodeSmellSamples/scripts/../dataset/commons-configuration_34357e075d63c3634310878636f9498847badcab/src/main/java/org/apache/commons/configuration2/io/FileHandler.java,org.apache.commons.configuration2.io.FileHandler,prepareNullLocatorBuilder/0,fileLocator,1
/home/sandro/workspace/sandro/MLCQCodeSmellSamples/scripts/../dataset/commons-configuration_34357e075d63c3634310878636f9498847badcab/src/main/java/org/apache/commons/configuration2/event/EventListenerList.java,org.apache.commons.configuration2.event.EventListenerList,"addEventListener/2[org.apache.commons.configuration2.event.EventType<T>,org.apache.commons.configuration2.event.EventListener<? super T>]",listeners,1
/home/sandro/workspace/sandro/MLCQCodeSmellSamples/scripts/../dataset/commons-configuration_34357e075d63c3634310878636f9498847badcab/src/main/java/org/apache/commons/configuration2/event/EventListenerList.java,org.apache.commons.configuration2.event.EventListenerList,addEventListener/1[org.apache.commons.configuration2.event.EventListenerRegistrationData<T>],listeners,1
/home/sandro/workspace/sandro/MLCQCodeSmellSamples/scripts/../dataset/commons-configuration_34357e075d63c3634310878636f9498847badcab/src/main/java/org/apache/commons/configuration2/event/EventListenerList.java,org.apache.commons.configuration2.event.EventListenerList,getRegistrations/0,listeners,1
/home/sandro/workspace/sandro/MLCQCodeSmellSamples/scripts/../dataset/commons-configuration_34357e075d63c3634310878636f9498847badcab/src/main/java/org/apache/commons/configuration2/event/EventListenerList.java,org.apache.commons.configuration2.event.EventListenerList,getRegistrationsForSuperType/1[org.apache.commons.configuration2.event.EventType<T>],listeners,1
/home/sandro/workspace/sandro/MLCQCodeSmellSamples/scripts/../dataset/commons-configuration_34357e075d63c3634310878636f9498847badcab/src/main/java/org/apache/commons/configuration2/event/EventListenerList.java,org.apache.commons.configuration2.event.EventListenerList,clear/0,listeners,1
/home/sandro/workspace/sandro/MLCQCodeSmellSamples/scripts/../dataset/commons-configuration_34357e075d63c3634310878636f9498847badcab/src/main/java/org/apache/commons/configuration2/event/EventListenerList.java,org.apache.commons.configuration2.event.EventListenerList,EventListenerList/0,listeners,1
/home/sandro/workspace/sandro/MLCQCodeSmellSamples/scripts/../dataset/commons-configuration_34357e075d63c3634310878636f9498847badcab/src/main/java/org/apache/commons/configuration2/event/EventListenerList.java,org.apache.commons.configuration2.event.EventListenerList,removeEventListener/1[org.apache.commons.configuration2.event.EventListenerRegistrationData<T>],listeners,1
/home/sandro/workspace/sandro/MLCQCodeSmellSamples/scripts/../dataset/commons-configuration_34357e075d63c3634310878636f9498847badcab/src/main/java/org/apache/commons/configuration2/event/EventListenerList.java,org.apache.commons.configuration2.event.EventListenerList,getEventListenerIterator/1[org.apache.commons.configuration2.event.EventType<T>],listeners,1
/home/sandro/workspace/sandro/MLCQCodeSmellSamples/scripts/../dataset/commons-configuration_34357e075d63c3634310878636f9498847badcab/src/test/java/org/apache/commons/configuration2/TestPatternSubtreeConfiguration.java,org.apache.commons.configuration2.TestPatternSubtreeConfiguration,setUp/0,CONFIG_FILE,1
/home/sandro/workspace/sandro/MLCQCodeSmellSamples/scripts/../dataset/commons-configuration_34357e075d63c3634310878636f9498847badcab/src/test/java/org/apache/commons/configuration2/TestPatternSubtreeConfiguration.java,org.apache.commons.configuration2.TestPatternSubtreeConfiguration,setUp/0,conf,2
/home/sandro/workspace/sandro/MLCQCodeSmellSamples/scripts/../dataset/commons-configuration_34357e075d63c3634310878636f9498847badcab/src/test/java/org/apache/commons/configuration2/TestPatternSubtreeConfiguration.java,org.apache.commons.configuration2.TestPatternSubtreeConfiguration,testMultiConfiguration/0,PATTERN,1
/home/sandro/workspace/sandro/MLCQCodeSmellSamples/scripts/../dataset/commons-configuration_34357e075d63c3634310878636f9498847badcab/src/test/java/org/apache/commons/configuration2/TestPatternSubtreeConfiguration.java,org.apache.commons.configuration2.TestPatternSubtreeConfiguration,testMultiConfiguration/0,conf,1
/home/sandro/workspace/sandro/MLCQCodeSmellSamples/scripts/../dataset/commons-configuration_34357e075d63c3634310878636f9498847badcab/src/test/java/org/apache/commons/configuration2/TestPatternSubtreeConfiguration.java,org.apache.commons.configuration2.TestPatternSubtreeConfiguration,testReadNotFileBased/0,CONFIG_FILE,1
/home/sandro/workspace/sandro/MLCQCodeSmellSamples/scripts/../dataset/commons-configuration_34357e075d63c3634310878636f9498847badcab/src/test/java/org/apache/commons/configuration2/TestPatternSubtreeConfiguration.java,org.apache.commons.configuration2.TestPatternSubtreeConfiguration,testReadNotFileBased/0,PATTERN,1
/home/sandro/workspace/sandro/MLCQCodeSmellSamples/scripts/../dataset/commons-configuration_34357e075d63c3634310878636f9498847badcab/src/test/java/org/apache/commons/configuration2/TestPatternSubtreeConfiguration.java,org.apache.commons.configuration2.TestPatternSubtreeConfiguration,testSaveNotFileBased/0,PATTERN,1
/home/sandro/workspace/sandro/MLCQCodeSmellSamples/scripts/../dataset/commons-configuration_34357e075d63c3634310878636f9498847badcab/src/main/java/org/apache/commons/configuration2/reloading/ReloadingEvent.java,org.apache.commons.configuration2.reloading.ReloadingEvent,getData/0,data,1
/home/sandro/workspace/sandro/MLCQCodeSmellSamples/scripts/../dataset/commons-configuration_34357e075d63c3634310878636f9498847badcab/src/main/java/org/apache/commons/configuration2/reloading/ReloadingEvent.java,org.apache.commons.configuration2.reloading.ReloadingEvent,"ReloadingEvent/2[org.apache.commons.configuration2.reloading.ReloadingController,java.lang.Object]",data,1
/home/sandro/workspace/sandro/MLCQCodeSmellSamples/scripts/../dataset/commons-configuration_34357e075d63c3634310878636f9498847badcab/src/main/java/org/apache/commons/configuration2/reloading/ReloadingEvent.java,org.apache.commons.configuration2.reloading.ReloadingEvent,"ReloadingEvent/2[org.apache.commons.configuration2.reloading.ReloadingController,java.lang.Object]",ANY,1
/home/sandro/workspace/sandro/MLCQCodeSmellSamples/scripts/../dataset/commons-configuration_34357e075d63c3634310878636f9498847badcab/src/test/java/org/apache/commons/configuration2/tree/xpath/TestXPathExpressionEngineInConfig.java,org.apache.commons.configuration2.tree.xpath.TestXPathExpressionEngineInConfig,testSetPropertyExisting/0,VALUE,2
/home/sandro/workspace/sandro/MLCQCodeSmellSamples/scripts/../dataset/commons-configuration_34357e075d63c3634310878636f9498847badcab/src/test/java/org/apache/commons/configuration2/tree/xpath/TestXPathExpressionEngineInConfig.java,org.apache.commons.configuration2.tree.xpath.TestXPathExpressionEngineInConfig,testSetPropertyExisting/0,config,3
/home/sandro/workspace/sandro/MLCQCodeSmellSamples/scripts/../dataset/commons-configuration_34357e075d63c3634310878636f9498847badcab/src/test/java/org/apache/commons/configuration2/tree/xpath/TestXPathExpressionEngineInConfig.java,org.apache.commons.configuration2.tree.xpath.TestXPathExpressionEngineInConfig,testSetPropertyExisting/0,KEY,3
/home/sandro/workspace/sandro/MLCQCodeSmellSamples/scripts/../dataset/commons-configuration_34357e075d63c3634310878636f9498847badcab/src/test/java/org/apache/commons/configuration2/tree/xpath/TestXPathExpressionEngineInConfig.java,org.apache.commons.configuration2.tree.xpath.TestXPathExpressionEngineInConfig,testAddPropertyComplexStructures/0,config,8
/home/sandro/workspace/sandro/MLCQCodeSmellSamples/scripts/../dataset/commons-configuration_34357e075d63c3634310878636f9498847badcab/src/test/java/org/apache/commons/configuration2/tree/xpath/TestXPathExpressionEngineInConfig.java,org.apache.commons.configuration2.tree.xpath.TestXPathExpressionEngineInConfig,setUp/0,config,2
/home/sandro/workspace/sandro/MLCQCodeSmellSamples/scripts/../dataset/commons-configuration_34357e075d63c3634310878636f9498847badcab/src/test/java/org/apache/commons/configuration2/tree/xpath/TestXPathExpressionEngineInConfig.java,org.apache.commons.configuration2.tree.xpath.TestXPathExpressionEngineInConfig,testSetPropertyNewAttribute/0,VALUE,2
/home/sandro/workspace/sandro/MLCQCodeSmellSamples/scripts/../dataset/commons-configuration_34357e075d63c3634310878636f9498847badcab/src/test/java/org/apache/commons/configuration2/tree/xpath/TestXPathExpressionEngineInConfig.java,org.apache.commons.configuration2.tree.xpath.TestXPathExpressionEngineInConfig,testSetPropertyNewAttribute/0,config,3
/home/sandro/workspace/sandro/MLCQCodeSmellSamples/scripts/../dataset/commons-configuration_34357e075d63c3634310878636f9498847badcab/src/test/java/org/apache/commons/configuration2/tree/xpath/TestXPathExpressionEngineInConfig.java,org.apache.commons.configuration2.tree.xpath.TestXPathExpressionEngineInConfig,testSetPropertyNewAttribute/0,KEY,2
/home/sandro/workspace/sandro/MLCQCodeSmellSamples/scripts/../dataset/commons-configuration_34357e075d63c3634310878636f9498847badcab/src/test/java/org/apache/commons/configuration2/tree/xpath/TestXPathExpressionEngineInConfig.java,org.apache.commons.configuration2.tree.xpath.TestXPathExpressionEngineInConfig,testPropertiesWithNamespace/0,config,3
/home/sandro/workspace/sandro/MLCQCodeSmellSamples/scripts/../dataset/commons-configuration_34357e075d63c3634310878636f9498847badcab/src/test/java/org/apache/commons/configuration2/tree/xpath/TestXPathExpressionEngineInConfig.java,org.apache.commons.configuration2.tree.xpath.TestXPathExpressionEngineInConfig,testSetPropertyNewKey/0,VALUE,2
/home/sandro/workspace/sandro/MLCQCodeSmellSamples/scripts/../dataset/commons-configuration_34357e075d63c3634310878636f9498847badcab/src/test/java/org/apache/commons/configuration2/tree/xpath/TestXPathExpressionEngineInConfig.java,org.apache.commons.configuration2.tree.xpath.TestXPathExpressionEngineInConfig,testSetPropertyNewKey/0,config,2
/home/sandro/workspace/sandro/MLCQCodeSmellSamples/scripts/../dataset/commons-configuration_34357e075d63c3634310878636f9498847badcab/src/test/java/org/apache/commons/configuration2/tree/xpath/TestXPathExpressionEngineInConfig.java,org.apache.commons.configuration2.tree.xpath.TestXPathExpressionEngineInConfig,testSetPropertyNewKey/0,KEY,2
/home/sandro/workspace/sandro/MLCQCodeSmellSamples/scripts/../dataset/commons-configuration_34357e075d63c3634310878636f9498847badcab/src/test/java/org/apache/commons/configuration2/tree/xpath/TestXPathExpressionEngineInConfig.java,org.apache.commons.configuration2.tree.xpath.TestXPathExpressionEngineInConfig,testSetPropertyPartlyExisting/0,VALUE,2
/home/sandro/workspace/sandro/MLCQCodeSmellSamples/scripts/../dataset/commons-configuration_34357e075d63c3634310878636f9498847badcab/src/test/java/org/apache/commons/configuration2/tree/xpath/TestXPathExpressionEngineInConfig.java,org.apache.commons.configuration2.tree.xpath.TestXPathExpressionEngineInConfig,testSetPropertyPartlyExisting/0,config,3
/home/sandro/workspace/sandro/MLCQCodeSmellSamples/scripts/../dataset/commons-configuration_34357e075d63c3634310878636f9498847badcab/src/test/java/org/apache/commons/configuration2/tree/xpath/TestXPathExpressionEngineInConfig.java,org.apache.commons.configuration2.tree.xpath.TestXPathExpressionEngineInConfig,testSetPropertyPartlyExisting/0,KEY,2
/home/sandro/workspace/sandro/MLCQCodeSmellSamples/scripts/../dataset/commons-configuration_34357e075d63c3634310878636f9498847badcab/src/test/java/org/apache/commons/configuration2/beanutils/BeanDeclarationTestImpl.java,org.apache.commons.configuration2.beanutils.BeanDeclarationTestImpl,setBeanFactoryParameter/1[java.lang.Object],beanFactoryParameter,3
/home/sandro/workspace/sandro/MLCQCodeSmellSamples/scripts/../dataset/commons-configuration_34357e075d63c3634310878636f9498847badcab/src/test/java/org/apache/commons/configuration2/beanutils/BeanDeclarationTestImpl.java,org.apache.commons.configuration2.beanutils.BeanDeclarationTestImpl,setBeanClassName/1[java.lang.String],beanClassName,3
/home/sandro/workspace/sandro/MLCQCodeSmellSamples/scripts/../dataset/commons-configuration_34357e075d63c3634310878636f9498847badcab/src/test/java/org/apache/commons/configuration2/beanutils/BeanDeclarationTestImpl.java,org.apache.commons.configuration2.beanutils.BeanDeclarationTestImpl,getBeanClassName/0,beanClassName,1
/home/sandro/workspace/sandro/MLCQCodeSmellSamples/scripts/../dataset/commons-configuration_34357e075d63c3634310878636f9498847badcab/src/test/java/org/apache/commons/configuration2/beanutils/BeanDeclarationTestImpl.java,org.apache.commons.configuration2.beanutils.BeanDeclarationTestImpl,setConstructorArgs/1[java.util.Collection<org.apache.commons.configuration2.beanutils.ConstructorArg>],constructorArgs,1
/home/sandro/workspace/sandro/MLCQCodeSmellSamples/scripts/../dataset/commons-configuration_34357e075d63c3634310878636f9498847badcab/src/test/java/org/apache/commons/configuration2/beanutils/BeanDeclarationTestImpl.java,org.apache.commons.configuration2.beanutils.BeanDeclarationTestImpl,"setBeanProperties/1[java.util.Map<java.lang.String,java.lang.Object>]",beanProperties,3
/home/sandro/workspace/sandro/MLCQCodeSmellSamples/scripts/../dataset/commons-configuration_34357e075d63c3634310878636f9498847badcab/src/test/java/org/apache/commons/configuration2/beanutils/BeanDeclarationTestImpl.java,org.apache.commons.configuration2.beanutils.BeanDeclarationTestImpl,getBeanFactoryName/0,beanFactoryName,1
/home/sandro/workspace/sandro/MLCQCodeSmellSamples/scripts/../dataset/commons-configuration_34357e075d63c3634310878636f9498847badcab/src/test/java/org/apache/commons/configuration2/beanutils/BeanDeclarationTestImpl.java,org.apache.commons.configuration2.beanutils.BeanDeclarationTestImpl,setBeanFactoryName/1[java.lang.String],beanFactoryName,3
/home/sandro/workspace/sandro/MLCQCodeSmellSamples/scripts/../dataset/commons-configuration_34357e075d63c3634310878636f9498847badcab/src/test/java/org/apache/commons/configuration2/beanutils/BeanDeclarationTestImpl.java,org.apache.commons.configuration2.beanutils.BeanDeclarationTestImpl,getConstructorArgs/0,constructorArgs,1
/home/sandro/workspace/sandro/MLCQCodeSmellSamples/scripts/../dataset/commons-configuration_34357e075d63c3634310878636f9498847badcab/src/test/java/org/apache/commons/configuration2/beanutils/BeanDeclarationTestImpl.java,org.apache.commons.configuration2.beanutils.BeanDeclarationTestImpl,"setNestedBeanDeclarations/1[java.util.Map<java.lang.String,java.lang.Object>]",nestedBeanDeclarations,3
/home/sandro/workspace/sandro/MLCQCodeSmellSamples/scripts/../dataset/commons-configuration_34357e075d63c3634310878636f9498847badcab/src/test/java/org/apache/commons/configuration2/beanutils/BeanDeclarationTestImpl.java,org.apache.commons.configuration2.beanutils.BeanDeclarationTestImpl,getNestedBeanDeclarations/0,nestedBeanDeclarations,1
/home/sandro/workspace/sandro/MLCQCodeSmellSamples/scripts/../dataset/commons-configuration_34357e075d63c3634310878636f9498847badcab/src/test/java/org/apache/commons/configuration2/beanutils/BeanDeclarationTestImpl.java,org.apache.commons.configuration2.beanutils.BeanDeclarationTestImpl,getBeanFactoryParameter/0,beanFactoryParameter,1
/home/sandro/workspace/sandro/MLCQCodeSmellSamples/scripts/../dataset/commons-configuration_34357e075d63c3634310878636f9498847badcab/src/test/java/org/apache/commons/configuration2/beanutils/BeanDeclarationTestImpl.java,org.apache.commons.configuration2.beanutils.BeanDeclarationTestImpl,getBeanProperties/0,beanProperties,1
/home/sandro/workspace/sandro/MLCQCodeSmellSamples/scripts/../dataset/commons-configuration_34357e075d63c3634310878636f9498847badcab/src/test/java/org/apache/commons/configuration2/builder/BuilderEventListenerImpl.java,org.apache.commons.configuration2.builder.BuilderEventListenerImpl,onEvent/1[org.apache.commons.configuration2.builder.ConfigurationBuilderEvent],events,1
/home/sandro/workspace/sandro/MLCQCodeSmellSamples/scripts/../dataset/commons-configuration_34357e075d63c3634310878636f9498847badcab/src/test/java/org/apache/commons/configuration2/builder/BuilderEventListenerImpl.java,org.apache.commons.configuration2.builder.BuilderEventListenerImpl,initIterator/0,iterator,4
/home/sandro/workspace/sandro/MLCQCodeSmellSamples/scripts/../dataset/commons-configuration_34357e075d63c3634310878636f9498847badcab/src/test/java/org/apache/commons/configuration2/builder/BuilderEventListenerImpl.java,org.apache.commons.configuration2.builder.BuilderEventListenerImpl,initIterator/0,events,1
/home/sandro/workspace/sandro/MLCQCodeSmellSamples/scripts/../dataset/commons-configuration_34357e075d63c3634310878636f9498847badcab/src/test/java/org/apache/commons/configuration2/TestCompositeConfigurationNonStringProperties.java,org.apache.commons.configuration2.TestCompositeConfigurationNonStringProperties,setUp/0,testProperties,1
/home/sandro/workspace/sandro/MLCQCodeSmellSamples/scripts/../dataset/commons-configuration_34357e075d63c3634310878636f9498847badcab/src/test/java/org/apache/commons/configuration2/TestXMLPropertiesConfiguration.java,org.apache.commons.configuration2.TestXMLPropertiesConfiguration,testDOMLoad/0,TEST_PROPERTIES_FILE,1
/home/sandro/workspace/sandro/MLCQCodeSmellSamples/scripts/../dataset/commons-configuration_34357e075d63c3634310878636f9498847badcab/src/test/java/org/apache/commons/configuration2/TestXMLPropertiesConfiguration.java,org.apache.commons.configuration2.TestXMLPropertiesConfiguration,testDOMSave/0,folder,1
/home/sandro/workspace/sandro/MLCQCodeSmellSamples/scripts/../dataset/commons-configuration_34357e075d63c3634310878636f9498847badcab/src/test/java/org/apache/commons/configuration2/TestXMLPropertiesConfiguration.java,org.apache.commons.configuration2.TestXMLPropertiesConfiguration,testDOMSave/0,TEST_PROPERTIES_FILE,1
/home/sandro/workspace/sandro/MLCQCodeSmellSamples/scripts/../dataset/commons-configuration_34357e075d63c3634310878636f9498847badcab/src/test/java/org/apache/commons/configuration2/TestXMLPropertiesConfiguration.java,org.apache.commons.configuration2.TestXMLPropertiesConfiguration,testLoad/0,TEST_PROPERTIES_FILE,1
/home/sandro/workspace/sandro/MLCQCodeSmellSamples/scripts/../dataset/commons-configuration_34357e075d63c3634310878636f9498847badcab/src/test/java/org/apache/commons/configuration2/TestXMLPropertiesConfiguration.java,org.apache.commons.configuration2.TestXMLPropertiesConfiguration,testSave/0,folder,1
/home/sandro/workspace/sandro/MLCQCodeSmellSamples/scripts/../dataset/commons-configuration_34357e075d63c3634310878636f9498847badcab/src/test/java/org/apache/commons/configuration2/TestXMLPropertiesConfiguration.java,org.apache.commons.configuration2.TestXMLPropertiesConfiguration,testSave/0,TEST_PROPERTIES_FILE,1
/home/sandro/workspace/sandro/MLCQCodeSmellSamples/scripts/../dataset/commons-configuration_34357e075d63c3634310878636f9498847badcab/src/main/java/org/apache/commons/configuration2/builder/INIBuilderParametersImpl.java,org.apache.commons.configuration2.builder.INIBuilderParametersImpl,setSeparatorUsedInInput/1[java.lang.String],PROP_SEPARATOR_USED_IN_INI_INPUT,1
/home/sandro/workspace/sandro/MLCQCodeSmellSamples/scripts/../dataset/commons-configuration_34357e075d63c3634310878636f9498847badcab/src/main/java/org/apache/commons/configuration2/builder/INIBuilderParametersImpl.java,org.apache.commons.configuration2.builder.INIBuilderParametersImpl,setSeparatorUsedInOutput/1[java.lang.String],PROP_SEPARATOR_USED_IN_INI_OUTPUT,1
/home/sandro/workspace/sandro/MLCQCodeSmellSamples/scripts/../dataset/commons-configuration_34357e075d63c3634310878636f9498847badcab/src/main/java/org/apache/commons/configuration2/builder/INIBuilderParametersImpl.java,org.apache.commons.configuration2.builder.INIBuilderParametersImpl,setCommentLeadingCharsUsedInInput/1[java.lang.String],PROP_COMMENT_LEADING_SEPARATOR_USED_IN_INI_INPUT,1
/home/sandro/workspace/sandro/MLCQCodeSmellSamples/scripts/../dataset/commons-configuration_34357e075d63c3634310878636f9498847badcab/src/main/java/org/apache/commons/configuration2/builder/INIBuilderParametersImpl.java,org.apache.commons.configuration2.builder.INIBuilderParametersImpl,"inheritFrom/1[java.util.Map<java.lang.String,?>]",PROP_SEPARATOR_USED_IN_INI_INPUT,1
/home/sandro/workspace/sandro/MLCQCodeSmellSamples/scripts/../dataset/commons-configuration_34357e075d63c3634310878636f9498847badcab/src/main/java/org/apache/commons/configuration2/builder/INIBuilderParametersImpl.java,org.apache.commons.configuration2.builder.INIBuilderParametersImpl,"inheritFrom/1[java.util.Map<java.lang.String,?>]",PROP_COMMENT_LEADING_SEPARATOR_USED_IN_INI_INPUT,1
/home/sandro/workspace/sandro/MLCQCodeSmellSamples/scripts/../dataset/commons-configuration_34357e075d63c3634310878636f9498847badcab/src/main/java/org/apache/commons/configuration2/builder/INIBuilderParametersImpl.java,org.apache.commons.configuration2.builder.INIBuilderParametersImpl,"inheritFrom/1[java.util.Map<java.lang.String,?>]",PROP_SEPARATOR_USED_IN_INI_OUTPUT,1
/home/sandro/workspace/sandro/MLCQCodeSmellSamples/scripts/../dataset/commons-configuration_34357e075d63c3634310878636f9498847badcab/src/test/java/org/apache/commons/configuration2/TestAbstractConfigurationSynchronization.java,org.apache.commons.configuration2.TestAbstractConfigurationSynchronization,testUnlockWrite/0,config,1
/home/sandro/workspace/sandro/MLCQCodeSmellSamples/scripts/../dataset/commons-configuration_34357e075d63c3634310878636f9498847badcab/src/test/java/org/apache/commons/configuration2/TestAbstractConfigurationSynchronization.java,org.apache.commons.configuration2.TestAbstractConfigurationSynchronization,testUnlockWrite/0,sync,1
/home/sandro/workspace/sandro/MLCQCodeSmellSamples/scripts/../dataset/commons-configuration_34357e075d63c3634310878636f9498847badcab/src/test/java/org/apache/commons/configuration2/TestAbstractConfigurationSynchronization.java,org.apache.commons.configuration2.TestAbstractConfigurationSynchronization,setUp/0,sync,2
/home/sandro/workspace/sandro/MLCQCodeSmellSamples/scripts/../dataset/commons-configuration_34357e075d63c3634310878636f9498847badcab/src/test/java/org/apache/commons/configuration2/TestAbstractConfigurationSynchronization.java,org.apache.commons.configuration2.TestAbstractConfigurationSynchronization,setUp/0,config,1
/home/sandro/workspace/sandro/MLCQCodeSmellSamples/scripts/../dataset/commons-configuration_34357e075d63c3634310878636f9498847badcab/src/test/java/org/apache/commons/configuration2/TestAbstractConfigurationSynchronization.java,org.apache.commons.configuration2.TestAbstractConfigurationSynchronization,testLockRead/0,config,1
/home/sandro/workspace/sandro/MLCQCodeSmellSamples/scripts/../dataset/commons-configuration_34357e075d63c3634310878636f9498847badcab/src/test/java/org/apache/commons/configuration2/TestAbstractConfigurationSynchronization.java,org.apache.commons.configuration2.TestAbstractConfigurationSynchronization,testLockRead/0,sync,1
/home/sandro/workspace/sandro/MLCQCodeSmellSamples/scripts/../dataset/commons-configuration_34357e075d63c3634310878636f9498847badcab/src/test/java/org/apache/commons/configuration2/TestAbstractConfigurationSynchronization.java,org.apache.commons.configuration2.TestAbstractConfigurationSynchronization,testIsEmptySynchronized/0,config,1
/home/sandro/workspace/sandro/MLCQCodeSmellSamples/scripts/../dataset/commons-configuration_34357e075d63c3634310878636f9498847badcab/src/test/java/org/apache/commons/configuration2/TestAbstractConfigurationSynchronization.java,org.apache.commons.configuration2.TestAbstractConfigurationSynchronization,testIsEmptySynchronized/0,sync,1
/home/sandro/workspace/sandro/MLCQCodeSmellSamples/scripts/../dataset/commons-configuration_34357e075d63c3634310878636f9498847badcab/src/test/java/org/apache/commons/configuration2/TestAbstractConfigurationSynchronization.java,org.apache.commons.configuration2.TestAbstractConfigurationSynchronization,testLockWrite/0,config,1
/home/sandro/workspace/sandro/MLCQCodeSmellSamples/scripts/../dataset/commons-configuration_34357e075d63c3634310878636f9498847badcab/src/test/java/org/apache/commons/configuration2/TestAbstractConfigurationSynchronization.java,org.apache.commons.configuration2.TestAbstractConfigurationSynchronization,testLockWrite/0,sync,1
/home/sandro/workspace/sandro/MLCQCodeSmellSamples/scripts/../dataset/commons-configuration_34357e075d63c3634310878636f9498847badcab/src/test/java/org/apache/commons/configuration2/TestAbstractConfigurationSynchronization.java,org.apache.commons.configuration2.TestAbstractConfigurationSynchronization,testSubsetSynchronized/0,config,1
/home/sandro/workspace/sandro/MLCQCodeSmellSamples/scripts/../dataset/commons-configuration_34357e075d63c3634310878636f9498847badcab/src/test/java/org/apache/commons/configuration2/TestAbstractConfigurationSynchronization.java,org.apache.commons.configuration2.TestAbstractConfigurationSynchronization,testSubsetSynchronized/0,sync,1
/home/sandro/workspace/sandro/MLCQCodeSmellSamples/scripts/../dataset/commons-configuration_34357e075d63c3634310878636f9498847badcab/src/test/java/org/apache/commons/configuration2/TestAbstractConfigurationSynchronization.java,org.apache.commons.configuration2.TestAbstractConfigurationSynchronization,testGetPropertySynchronized/0,PROP,2
/home/sandro/workspace/sandro/MLCQCodeSmellSamples/scripts/../dataset/commons-configuration_34357e075d63c3634310878636f9498847badcab/src/test/java/org/apache/commons/configuration2/TestAbstractConfigurationSynchronization.java,org.apache.commons.configuration2.TestAbstractConfigurationSynchronization,testGetPropertySynchronized/0,config,2
/home/sandro/workspace/sandro/MLCQCodeSmellSamples/scripts/../dataset/commons-configuration_34357e075d63c3634310878636f9498847badcab/src/test/java/org/apache/commons/configuration2/TestAbstractConfigurationSynchronization.java,org.apache.commons.configuration2.TestAbstractConfigurationSynchronization,testGetPropertySynchronized/0,sync,1
/home/sandro/workspace/sandro/MLCQCodeSmellSamples/scripts/../dataset/commons-configuration_34357e075d63c3634310878636f9498847badcab/src/test/java/org/apache/commons/configuration2/TestAbstractConfigurationSynchronization.java,org.apache.commons.configuration2.TestAbstractConfigurationSynchronization,testGetKeysPrefixSynchronized/0,config,1
/home/sandro/workspace/sandro/MLCQCodeSmellSamples/scripts/../dataset/commons-configuration_34357e075d63c3634310878636f9498847badcab/src/test/java/org/apache/commons/configuration2/TestAbstractConfigurationSynchronization.java,org.apache.commons.configuration2.TestAbstractConfigurationSynchronization,testGetKeysPrefixSynchronized/0,sync,1
/home/sandro/workspace/sandro/MLCQCodeSmellSamples/scripts/../dataset/commons-configuration_34357e075d63c3634310878636f9498847badcab/src/test/java/org/apache/commons/configuration2/TestAbstractConfigurationSynchronization.java,org.apache.commons.configuration2.TestAbstractConfigurationSynchronization,testSetPropertySynchronized/0,PROP,1
/home/sandro/workspace/sandro/MLCQCodeSmellSamples/scripts/../dataset/commons-configuration_34357e075d63c3634310878636f9498847badcab/src/test/java/org/apache/commons/configuration2/TestAbstractConfigurationSynchronization.java,org.apache.commons.configuration2.TestAbstractConfigurationSynchronization,testSetPropertySynchronized/0,config,1
/home/sandro/workspace/sandro/MLCQCodeSmellSamples/scripts/../dataset/commons-configuration_34357e075d63c3634310878636f9498847badcab/src/test/java/org/apache/commons/configuration2/TestAbstractConfigurationSynchronization.java,org.apache.commons.configuration2.TestAbstractConfigurationSynchronization,testSetPropertySynchronized/0,sync,2
/home/sandro/workspace/sandro/MLCQCodeSmellSamples/scripts/../dataset/commons-configuration_34357e075d63c3634310878636f9498847badcab/src/test/java/org/apache/commons/configuration2/TestAbstractConfigurationSynchronization.java,org.apache.commons.configuration2.TestAbstractConfigurationSynchronization,testClearPropertySynchronized/0,PROP,1
/home/sandro/workspace/sandro/MLCQCodeSmellSamples/scripts/../dataset/commons-configuration_34357e075d63c3634310878636f9498847badcab/src/test/java/org/apache/commons/configuration2/TestAbstractConfigurationSynchronization.java,org.apache.commons.configuration2.TestAbstractConfigurationSynchronization,testClearPropertySynchronized/0,config,1
/home/sandro/workspace/sandro/MLCQCodeSmellSamples/scripts/../dataset/commons-configuration_34357e075d63c3634310878636f9498847badcab/src/test/java/org/apache/commons/configuration2/TestAbstractConfigurationSynchronization.java,org.apache.commons.configuration2.TestAbstractConfigurationSynchronization,testClearPropertySynchronized/0,sync,1
/home/sandro/workspace/sandro/MLCQCodeSmellSamples/scripts/../dataset/commons-configuration_34357e075d63c3634310878636f9498847badcab/src/test/java/org/apache/commons/configuration2/TestAbstractConfigurationSynchronization.java,org.apache.commons.configuration2.TestAbstractConfigurationSynchronization,testUnlockRead/0,config,1
/home/sandro/workspace/sandro/MLCQCodeSmellSamples/scripts/../dataset/commons-configuration_34357e075d63c3634310878636f9498847badcab/src/test/java/org/apache/commons/configuration2/TestAbstractConfigurationSynchronization.java,org.apache.commons.configuration2.TestAbstractConfigurationSynchronization,testUnlockRead/0,sync,1
/home/sandro/workspace/sandro/MLCQCodeSmellSamples/scripts/../dataset/commons-configuration_34357e075d63c3634310878636f9498847badcab/src/test/java/org/apache/commons/configuration2/TestAbstractConfigurationSynchronization.java,org.apache.commons.configuration2.TestAbstractConfigurationSynchronization,testClearSynchronized/0,config,1
/home/sandro/workspace/sandro/MLCQCodeSmellSamples/scripts/../dataset/commons-configuration_34357e075d63c3634310878636f9498847badcab/src/test/java/org/apache/commons/configuration2/TestAbstractConfigurationSynchronization.java,org.apache.commons.configuration2.TestAbstractConfigurationSynchronization,testClearSynchronized/0,sync,2
/home/sandro/workspace/sandro/MLCQCodeSmellSamples/scripts/../dataset/commons-configuration_34357e075d63c3634310878636f9498847badcab/src/test/java/org/apache/commons/configuration2/TestAbstractConfigurationSynchronization.java,org.apache.commons.configuration2.TestAbstractConfigurationSynchronization,testLockNull/0,config,1
/home/sandro/workspace/sandro/MLCQCodeSmellSamples/scripts/../dataset/commons-configuration_34357e075d63c3634310878636f9498847badcab/src/test/java/org/apache/commons/configuration2/TestAbstractConfigurationSynchronization.java,org.apache.commons.configuration2.TestAbstractConfigurationSynchronization,testCopySynchronized/0,config,1
/home/sandro/workspace/sandro/MLCQCodeSmellSamples/scripts/../dataset/commons-configuration_34357e075d63c3634310878636f9498847badcab/src/test/java/org/apache/commons/configuration2/TestAbstractConfigurationSynchronization.java,org.apache.commons.configuration2.TestAbstractConfigurationSynchronization,testGetKeysSynchronized/0,config,1
/home/sandro/workspace/sandro/MLCQCodeSmellSamples/scripts/../dataset/commons-configuration_34357e075d63c3634310878636f9498847badcab/src/test/java/org/apache/commons/configuration2/TestAbstractConfigurationSynchronization.java,org.apache.commons.configuration2.TestAbstractConfigurationSynchronization,testGetKeysSynchronized/0,sync,1
/home/sandro/workspace/sandro/MLCQCodeSmellSamples/scripts/../dataset/commons-configuration_34357e075d63c3634310878636f9498847badcab/src/test/java/org/apache/commons/configuration2/TestAbstractConfigurationSynchronization.java,org.apache.commons.configuration2.TestAbstractConfigurationSynchronization,testAppendSynchronized/0,config,1
/home/sandro/workspace/sandro/MLCQCodeSmellSamples/scripts/../dataset/commons-configuration_34357e075d63c3634310878636f9498847badcab/src/test/java/org/apache/commons/configuration2/TestAbstractConfigurationSynchronization.java,org.apache.commons.configuration2.TestAbstractConfigurationSynchronization,testAddPropertySynchronized/0,PROP,1
/home/sandro/workspace/sandro/MLCQCodeSmellSamples/scripts/../dataset/commons-configuration_34357e075d63c3634310878636f9498847badcab/src/test/java/org/apache/commons/configuration2/TestAbstractConfigurationSynchronization.java,org.apache.commons.configuration2.TestAbstractConfigurationSynchronization,testAddPropertySynchronized/0,config,1
/home/sandro/workspace/sandro/MLCQCodeSmellSamples/scripts/../dataset/commons-configuration_34357e075d63c3634310878636f9498847badcab/src/test/java/org/apache/commons/configuration2/TestAbstractConfigurationSynchronization.java,org.apache.commons.configuration2.TestAbstractConfigurationSynchronization,testAddPropertySynchronized/0,sync,1
/home/sandro/workspace/sandro/MLCQCodeSmellSamples/scripts/../dataset/commons-configuration_34357e075d63c3634310878636f9498847badcab/src/test/java/org/apache/commons/configuration2/TestAbstractConfigurationSynchronization.java,org.apache.commons.configuration2.TestAbstractConfigurationSynchronization,testSizeSynchronized/0,config,1
/home/sandro/workspace/sandro/MLCQCodeSmellSamples/scripts/../dataset/commons-configuration_34357e075d63c3634310878636f9498847badcab/src/test/java/org/apache/commons/configuration2/TestAbstractConfigurationSynchronization.java,org.apache.commons.configuration2.TestAbstractConfigurationSynchronization,testSizeSynchronized/0,sync,1
/home/sandro/workspace/sandro/MLCQCodeSmellSamples/scripts/../dataset/commons-configuration_34357e075d63c3634310878636f9498847badcab/src/test/java/org/apache/commons/configuration2/TestAbstractConfigurationSynchronization.java,org.apache.commons.configuration2.TestAbstractConfigurationSynchronization,testContainsKeySychronized/0,PROP,1
/home/sandro/workspace/sandro/MLCQCodeSmellSamples/scripts/../dataset/commons-configuration_34357e075d63c3634310878636f9498847badcab/src/test/java/org/apache/commons/configuration2/TestAbstractConfigurationSynchronization.java,org.apache.commons.configuration2.TestAbstractConfigurationSynchronization,testContainsKeySychronized/0,config,1
/home/sandro/workspace/sandro/MLCQCodeSmellSamples/scripts/../dataset/commons-configuration_34357e075d63c3634310878636f9498847badcab/src/test/java/org/apache/commons/configuration2/TestAbstractConfigurationSynchronization.java,org.apache.commons.configuration2.TestAbstractConfigurationSynchronization,testContainsKeySychronized/0,sync,1
/home/sandro/workspace/sandro/MLCQCodeSmellSamples/scripts/../dataset/commons-configuration_34357e075d63c3634310878636f9498847badcab/src/main/java/org/apache/commons/configuration2/io/VFSFileSystem.java,org.apache.commons.configuration2.io.VFSFileSystem$VFSURLStreamHandler,VFSURLStreamHandler/1[org.apache.commons.configuration2.io.FileName],protocol,1
/home/sandro/workspace/sandro/MLCQCodeSmellSamples/scripts/../dataset/commons-configuration_34357e075d63c3634310878636f9498847badcab/src/main/java/org/apache/commons/configuration2/tree/TrackedNodeHandler.java,org.apache.commons.configuration2.tree.TrackedNodeHandler,getParentHandler/0,parentHandler,1
/home/sandro/workspace/sandro/MLCQCodeSmellSamples/scripts/../dataset/commons-configuration_34357e075d63c3634310878636f9498847badcab/src/main/java/org/apache/commons/configuration2/tree/TrackedNodeHandler.java,org.apache.commons.configuration2.tree.TrackedNodeHandler,getRootNode/0,rootNode,1
/home/sandro/workspace/sandro/MLCQCodeSmellSamples/scripts/../dataset/commons-configuration_34357e075d63c3634310878636f9498847badcab/src/main/java/org/apache/commons/configuration2/tree/TrackedNodeHandler.java,org.apache.commons.configuration2.tree.TrackedNodeHandler,"TrackedNodeHandler/2[org.apache.commons.configuration2.tree.ImmutableNode,org.apache.commons.configuration2.tree.NodeHandler<org.apache.commons.configuration2.tree.ImmutableNode>]",parentHandler,1
/home/sandro/workspace/sandro/MLCQCodeSmellSamples/scripts/../dataset/commons-configuration_34357e075d63c3634310878636f9498847badcab/src/main/java/org/apache/commons/configuration2/tree/TrackedNodeHandler.java,org.apache.commons.configuration2.tree.TrackedNodeHandler,"TrackedNodeHandler/2[org.apache.commons.configuration2.tree.ImmutableNode,org.apache.commons.configuration2.tree.NodeHandler<org.apache.commons.configuration2.tree.ImmutableNode>]",rootNode,1
/home/sandro/workspace/sandro/MLCQCodeSmellSamples/scripts/../dataset/commons-configuration_34357e075d63c3634310878636f9498847badcab/src/main/java/org/apache/commons/configuration2/XMLPropertiesConfiguration.java,org.apache.commons.configuration2.XMLPropertiesConfiguration,write/1[java.io.Writer],DEFAULT_ENCODING,1
/home/sandro/workspace/sandro/MLCQCodeSmellSamples/scripts/../dataset/commons-configuration_34357e075d63c3634310878636f9498847badcab/src/main/java/org/apache/commons/configuration2/XMLPropertiesConfiguration.java,org.apache.commons.configuration2.XMLPropertiesConfiguration,write/1[java.io.Writer],locator,2
/home/sandro/workspace/sandro/MLCQCodeSmellSamples/scripts/../dataset/commons-configuration_34357e075d63c3634310878636f9498847badcab/src/main/java/org/apache/commons/configuration2/XMLPropertiesConfiguration.java,org.apache.commons.configuration2.XMLPropertiesConfiguration,load/1[org.w3c.dom.Element],MALFORMED_XML_EXCEPTION,2
/home/sandro/workspace/sandro/MLCQCodeSmellSamples/scripts/../dataset/commons-configuration_34357e075d63c3634310878636f9498847badcab/src/main/java/org/apache/commons/configuration2/XMLPropertiesConfiguration.java,org.apache.commons.configuration2.XMLPropertiesConfiguration,getHeader/0,header,1
/home/sandro/workspace/sandro/MLCQCodeSmellSamples/scripts/../dataset/commons-configuration_34357e075d63c3634310878636f9498847badcab/src/main/java/org/apache/commons/configuration2/XMLPropertiesConfiguration.java,org.apache.commons.configuration2.XMLPropertiesConfiguration,setHeader/1[java.lang.String],header,4
/home/sandro/workspace/sandro/MLCQCodeSmellSamples/scripts/../dataset/commons-configuration_34357e075d63c3634310878636f9498847badcab/src/main/java/org/apache/commons/configuration2/XMLPropertiesConfiguration.java,org.apache.commons.configuration2.XMLPropertiesConfiguration,initFileLocator/1[org.apache.commons.configuration2.io.FileLocator],locator,4
/home/sandro/workspace/sandro/MLCQCodeSmellSamples/scripts/../dataset/commons-configuration_34357e075d63c3634310878636f9498847badcab/src/main/java/org/apache/commons/configuration2/ConfigurationUtils.java,org.apache.commons.configuration2.ConfigurationUtils,unmodifiableConfiguration/1[org.apache.commons.configuration2.HierarchicalConfiguration<?>],IMMUTABLE_HIERARCHICAL_CONFIG_IFCS,1
/home/sandro/workspace/sandro/MLCQCodeSmellSamples/scripts/../dataset/commons-configuration_34357e075d63c3634310878636f9498847badcab/src/main/java/org/apache/commons/configuration2/ConfigurationUtils.java,org.apache.commons.configuration2.ConfigurationUtils,cloneSynchronizer/1[org.apache.commons.configuration2.sync.Synchronizer],LOG,1
/home/sandro/workspace/sandro/MLCQCodeSmellSamples/scripts/../dataset/commons-configuration_34357e075d63c3634310878636f9498847badcab/src/main/java/org/apache/commons/configuration2/ConfigurationUtils.java,org.apache.commons.configuration2.ConfigurationUtils,unmodifiableConfiguration/1[org.apache.commons.configuration2.Configuration],IMMUTABLE_CONFIG_IFCS,1
/home/sandro/workspace/sandro/MLCQCodeSmellSamples/scripts/../dataset/commons-configuration_34357e075d63c3634310878636f9498847badcab/src/main/java/org/apache/commons/configuration2/ConfigurationUtils.java,org.apache.commons.configuration2.ConfigurationUtils,clone/1[java.lang.Object],METHOD_CLONE,1
/home/sandro/workspace/sandro/MLCQCodeSmellSamples/scripts/../dataset/commons-configuration_34357e075d63c3634310878636f9498847badcab/src/main/java/org/apache/commons/configuration2/ConfigurationUtils.java,org.apache.commons.configuration2.ConfigurationUtils,loadClass/1[java.lang.String],LOG,3
/home/sandro/workspace/sandro/MLCQCodeSmellSamples/scripts/../dataset/commons-configuration_34357e075d63c3634310878636f9498847badcab/src/main/java/org/apache/commons/configuration2/ConfigurationUtils.java,org.apache.commons.configuration2.ConfigurationUtils,"asEventSource/2[java.lang.Object,boolean]",DUMMY_EVENT_SOURCE,1
/home/sandro/workspace/sandro/MLCQCodeSmellSamples/scripts/../dataset/commons-configuration_34357e075d63c3634310878636f9498847badcab/src/test/java/org/apache/commons/configuration2/tree/xpath/AbstractXPathTest.java,org.apache.commons.configuration2.tree.xpath.AbstractXPathTest,"createLevel/3[org.apache.commons.configuration2.tree.ImmutableNode.Builder,java.lang.String,int]",ATTR_NAME,1
/home/sandro/workspace/sandro/MLCQCodeSmellSamples/scripts/../dataset/commons-configuration_34357e075d63c3634310878636f9498847badcab/src/test/java/org/apache/commons/configuration2/tree/xpath/AbstractXPathTest.java,org.apache.commons.configuration2.tree.xpath.AbstractXPathTest,"createLevel/3[org.apache.commons.configuration2.tree.ImmutableNode.Builder,java.lang.String,int]",CHILD_COUNT,1
/home/sandro/workspace/sandro/MLCQCodeSmellSamples/scripts/../dataset/commons-configuration_34357e075d63c3634310878636f9498847badcab/src/test/java/org/apache/commons/configuration2/tree/xpath/AbstractXPathTest.java,org.apache.commons.configuration2.tree.xpath.AbstractXPathTest,"createLevel/3[org.apache.commons.configuration2.tree.ImmutableNode.Builder,java.lang.String,int]",CHILD_NAME2,1
/home/sandro/workspace/sandro/MLCQCodeSmellSamples/scripts/../dataset/commons-configuration_34357e075d63c3634310878636f9498847badcab/src/test/java/org/apache/commons/configuration2/tree/xpath/AbstractXPathTest.java,org.apache.commons.configuration2.tree.xpath.AbstractXPathTest,"createLevel/3[org.apache.commons.configuration2.tree.ImmutableNode.Builder,java.lang.String,int]",CHILD_NAME1,1
/home/sandro/workspace/sandro/MLCQCodeSmellSamples/scripts/../dataset/commons-configuration_34357e075d63c3634310878636f9498847badcab/src/test/java/org/apache/commons/configuration2/tree/xpath/AbstractXPathTest.java,org.apache.commons.configuration2.tree.xpath.AbstractXPathTest,setUp/0,handler,1
/home/sandro/workspace/sandro/MLCQCodeSmellSamples/scripts/../dataset/commons-configuration_34357e075d63c3634310878636f9498847badcab/src/test/java/org/apache/commons/configuration2/tree/xpath/AbstractXPathTest.java,org.apache.commons.configuration2.tree.xpath.AbstractXPathTest,setUp/0,root,2
/home/sandro/workspace/sandro/MLCQCodeSmellSamples/scripts/../dataset/commons-configuration_34357e075d63c3634310878636f9498847badcab/src/test/java/org/apache/commons/configuration2/tree/xpath/AbstractXPathTest.java,org.apache.commons.configuration2.tree.xpath.AbstractXPathTest,setUp/0,LEVEL_COUNT,1
/home/sandro/workspace/sandro/MLCQCodeSmellSamples/scripts/../dataset/commons-configuration_34357e075d63c3634310878636f9498847badcab/src/test/java/org/apache/commons/configuration2/tree/xpath/AbstractXPathTest.java,org.apache.commons.configuration2.tree.xpath.AbstractXPathTest,constructHierarchy/1[int],ATTR_ROOT,2
/home/sandro/workspace/sandro/MLCQCodeSmellSamples/scripts/../dataset/commons-configuration_34357e075d63c3634310878636f9498847badcab/src/test/java/org/apache/commons/configuration2/tree/xpath/AbstractXPathTest.java,org.apache.commons.configuration2.tree.xpath.AbstractXPathTest,tearDown/0,root,1
/home/sandro/workspace/sandro/MLCQCodeSmellSamples/scripts/../dataset/commons-configuration_34357e075d63c3634310878636f9498847badcab/src/test/java/org/apache/commons/configuration2/event/TestEventListenerList.java,org.apache.commons.configuration2.event.TestEventListenerList$EventBase,getMessage/0,message,1
/home/sandro/workspace/sandro/MLCQCodeSmellSamples/scripts/../dataset/commons-configuration_34357e075d63c3634310878636f9498847badcab/src/test/java/org/apache/commons/configuration2/event/TestEventListenerList.java,org.apache.commons.configuration2.event.TestEventListenerList$EventBase,"EventBase/3[java.lang.Object,org.apache.commons.configuration2.event.EventType<? extends org.apache.commons.configuration2.event.TestEventListenerList.EventBase>,java.lang.String]",message,1
/home/sandro/workspace/sandro/MLCQCodeSmellSamples/scripts/../dataset/commons-configuration_34357e075d63c3634310878636f9498847badcab/src/main/java/org/apache/commons/configuration2/builder/combined/MultiWrapDynaClass.java,org.apache.commons.configuration2.builder.combined.MultiWrapDynaClass,getDynaProperty/1[java.lang.String],namedProperties,1
/home/sandro/workspace/sandro/MLCQCodeSmellSamples/scripts/../dataset/commons-configuration_34357e075d63c3634310878636f9498847badcab/src/main/java/org/apache/commons/configuration2/builder/combined/MultiWrapDynaClass.java,org.apache.commons.configuration2.builder.combined.MultiWrapDynaClass,getDynaProperties/0,EMPTY_PROPS,1
/home/sandro/workspace/sandro/MLCQCodeSmellSamples/scripts/../dataset/commons-configuration_34357e075d63c3634310878636f9498847badcab/src/main/java/org/apache/commons/configuration2/builder/combined/MultiWrapDynaClass.java,org.apache.commons.configuration2.builder.combined.MultiWrapDynaClass,getDynaProperties/0,properties,1
/home/sandro/workspace/sandro/MLCQCodeSmellSamples/scripts/../dataset/commons-configuration_34357e075d63c3634310878636f9498847badcab/src/main/java/org/apache/commons/configuration2/builder/combined/MultiWrapDynaClass.java,org.apache.commons.configuration2.builder.combined.MultiWrapDynaClass,MultiWrapDynaClass/1[java.util.Collection<? extends org.apache.commons.configuration2.builder.combined.DynaClass>],namedProperties,1
/home/sandro/workspace/sandro/MLCQCodeSmellSamples/scripts/../dataset/commons-configuration_34357e075d63c3634310878636f9498847badcab/src/main/java/org/apache/commons/configuration2/builder/combined/MultiWrapDynaClass.java,org.apache.commons.configuration2.builder.combined.MultiWrapDynaClass,MultiWrapDynaClass/1[java.util.Collection<? extends org.apache.commons.configuration2.builder.combined.DynaClass>],properties,1
/home/sandro/workspace/sandro/MLCQCodeSmellSamples/scripts/../dataset/commons-configuration_34357e075d63c3634310878636f9498847badcab/src/main/java/org/apache/commons/configuration2/builder/combined/MultiWrapDynaClass.java,org.apache.commons.configuration2.builder.combined.MultiWrapDynaClass,initProperties/1[java.util.Collection<? extends org.apache.commons.configuration2.builder.combined.DynaClass>],namedProperties,1
/home/sandro/workspace/sandro/MLCQCodeSmellSamples/scripts/../dataset/commons-configuration_34357e075d63c3634310878636f9498847badcab/src/main/java/org/apache/commons/configuration2/builder/combined/MultiWrapDynaClass.java,org.apache.commons.configuration2.builder.combined.MultiWrapDynaClass,initProperties/1[java.util.Collection<? extends org.apache.commons.configuration2.builder.combined.DynaClass>],properties,1
/home/sandro/workspace/sandro/MLCQCodeSmellSamples/scripts/../dataset/commons-configuration_34357e075d63c3634310878636f9498847badcab/src/test/java/org/apache/commons/configuration2/plist/TestPropertyListConfigurationEvents.java,org.apache.commons.configuration2.plist.TestPropertyListConfigurationEvents,createConfiguration/0,TEST_FILE,1
/home/sandro/workspace/sandro/MLCQCodeSmellSamples/scripts/../dataset/commons-configuration_34357e075d63c3634310878636f9498847badcab/src/test/java/org/apache/commons/configuration2/TestHierarchicalConfiguration.java,org.apache.commons.configuration2.TestHierarchicalConfiguration,testConfigurationAtUpdateSubConfigIndependent/0,config,2
/home/sandro/workspace/sandro/MLCQCodeSmellSamples/scripts/../dataset/commons-configuration_34357e075d63c3634310878636f9498847badcab/src/test/java/org/apache/commons/configuration2/TestHierarchicalConfiguration.java,org.apache.commons.configuration2.TestHierarchicalConfiguration,testConfigurationsAtAttributeKey/0,config,2
/home/sandro/workspace/sandro/MLCQCodeSmellSamples/scripts/../dataset/commons-configuration_34357e075d63c3634310878636f9498847badcab/src/test/java/org/apache/commons/configuration2/TestHierarchicalConfiguration.java,org.apache.commons.configuration2.TestHierarchicalConfiguration,testSubset/0,config,4
/home/sandro/workspace/sandro/MLCQCodeSmellSamples/scripts/../dataset/commons-configuration_34357e075d63c3634310878636f9498847badcab/src/test/java/org/apache/commons/configuration2/TestHierarchicalConfiguration.java,org.apache.commons.configuration2.TestHierarchicalConfiguration,testImmutableConfigurationAt/0,config,1
/home/sandro/workspace/sandro/MLCQCodeSmellSamples/scripts/../dataset/commons-configuration_34357e075d63c3634310878636f9498847badcab/src/test/java/org/apache/commons/configuration2/TestHierarchicalConfiguration.java,org.apache.commons.configuration2.TestHierarchicalConfiguration,testChildConfigurationsAtWithUpdates/0,NEW_NAME,1
/home/sandro/workspace/sandro/MLCQCodeSmellSamples/scripts/../dataset/commons-configuration_34357e075d63c3634310878636f9498847badcab/src/test/java/org/apache/commons/configuration2/TestHierarchicalConfiguration.java,org.apache.commons.configuration2.TestHierarchicalConfiguration,testConfigurationAtReadAccess/0,config,1
/home/sandro/workspace/sandro/MLCQCodeSmellSamples/scripts/../dataset/commons-configuration_34357e075d63c3634310878636f9498847badcab/src/test/java/org/apache/commons/configuration2/TestHierarchicalConfiguration.java,org.apache.commons.configuration2.TestHierarchicalConfiguration,testConfigurationAtMultipleNodesWithUpdates/0,config,1
/home/sandro/workspace/sandro/MLCQCodeSmellSamples/scripts/../dataset/commons-configuration_34357e075d63c3634310878636f9498847badcab/src/test/java/org/apache/commons/configuration2/TestHierarchicalConfiguration.java,org.apache.commons.configuration2.TestHierarchicalConfiguration,testInterpolatedConfigurationEmpty/0,config,2
/home/sandro/workspace/sandro/MLCQCodeSmellSamples/scripts/../dataset/commons-configuration_34357e075d63c3634310878636f9498847badcab/src/test/java/org/apache/commons/configuration2/TestHierarchicalConfiguration.java,org.apache.commons.configuration2.TestHierarchicalConfiguration,testConfigurationAtWithUpdateInitialized/0,config,4
/home/sandro/workspace/sandro/MLCQCodeSmellSamples/scripts/../dataset/commons-configuration_34357e075d63c3634310878636f9498847badcab/src/test/java/org/apache/commons/configuration2/TestHierarchicalConfiguration.java,org.apache.commons.configuration2.TestHierarchicalConfiguration,testConfigurationsAtEmpty/0,config,1
/home/sandro/workspace/sandro/MLCQCodeSmellSamples/scripts/../dataset/commons-configuration_34357e075d63c3634310878636f9498847badcab/src/test/java/org/apache/commons/configuration2/TestHierarchicalConfiguration.java,org.apache.commons.configuration2.TestHierarchicalConfiguration,testSubsetMultipleNodesWithValues/0,config,4
/home/sandro/workspace/sandro/MLCQCodeSmellSamples/scripts/../dataset/commons-configuration_34357e075d63c3634310878636f9498847badcab/src/test/java/org/apache/commons/configuration2/TestHierarchicalConfiguration.java,org.apache.commons.configuration2.TestHierarchicalConfiguration,testSubsetNodeWithValue/0,config,2
/home/sandro/workspace/sandro/MLCQCodeSmellSamples/scripts/../dataset/commons-configuration_34357e075d63c3634310878636f9498847badcab/src/test/java/org/apache/commons/configuration2/TestHierarchicalConfiguration.java,org.apache.commons.configuration2.TestHierarchicalConfiguration,testInterpolatedConfiguration/0,config,2
/home/sandro/workspace/sandro/MLCQCodeSmellSamples/scripts/../dataset/commons-configuration_34357e075d63c3634310878636f9498847badcab/src/test/java/org/apache/commons/configuration2/TestHierarchicalConfiguration.java,org.apache.commons.configuration2.TestHierarchicalConfiguration,testInterpolationSubsetMultipleLayers/0,config,4
/home/sandro/workspace/sandro/MLCQCodeSmellSamples/scripts/../dataset/commons-configuration_34357e075d63c3634310878636f9498847badcab/src/test/java/org/apache/commons/configuration2/TestHierarchicalConfiguration.java,org.apache.commons.configuration2.TestHierarchicalConfiguration,testInitCopy/0,config,1
/home/sandro/workspace/sandro/MLCQCodeSmellSamples/scripts/../dataset/commons-configuration_34357e075d63c3634310878636f9498847badcab/src/test/java/org/apache/commons/configuration2/TestHierarchicalConfiguration.java,org.apache.commons.configuration2.TestHierarchicalConfiguration,testConfigurationAtUnknownSubTree/0,config,1
/home/sandro/workspace/sandro/MLCQCodeSmellSamples/scripts/../dataset/commons-configuration_34357e075d63c3634310878636f9498847badcab/src/test/java/org/apache/commons/configuration2/TestHierarchicalConfiguration.java,org.apache.commons.configuration2.TestHierarchicalConfiguration,testSubsetAttributeResult/0,config,2
/home/sandro/workspace/sandro/MLCQCodeSmellSamples/scripts/../dataset/commons-configuration_34357e075d63c3634310878636f9498847badcab/src/test/java/org/apache/commons/configuration2/TestHierarchicalConfiguration.java,org.apache.commons.configuration2.TestHierarchicalConfiguration,testConfigurationAtUnknownSubTreeWithUpdates/0,config,1
/home/sandro/workspace/sandro/MLCQCodeSmellSamples/scripts/../dataset/commons-configuration_34357e075d63c3634310878636f9498847badcab/src/test/java/org/apache/commons/configuration2/TestHierarchicalConfiguration.java,org.apache.commons.configuration2.TestHierarchicalConfiguration,testChildConfigurationsAtNotFound/0,config,1
/home/sandro/workspace/sandro/MLCQCodeSmellSamples/scripts/../dataset/commons-configuration_34357e075d63c3634310878636f9498847badcab/src/test/java/org/apache/commons/configuration2/TestHierarchicalConfiguration.java,org.apache.commons.configuration2.TestHierarchicalConfiguration,testClone/0,config,2
/home/sandro/workspace/sandro/MLCQCodeSmellSamples/scripts/../dataset/commons-configuration_34357e075d63c3634310878636f9498847badcab/src/test/java/org/apache/commons/configuration2/TestHierarchicalConfiguration.java,org.apache.commons.configuration2.TestHierarchicalConfiguration,testConfigurationAtUpdateParentConnected/0,config,2
/home/sandro/workspace/sandro/MLCQCodeSmellSamples/scripts/../dataset/commons-configuration_34357e075d63c3634310878636f9498847badcab/src/test/java/org/apache/commons/configuration2/TestHierarchicalConfiguration.java,org.apache.commons.configuration2.TestHierarchicalConfiguration,testConfigurationAtUpdateParentIndependent/0,config,2
/home/sandro/workspace/sandro/MLCQCodeSmellSamples/scripts/../dataset/commons-configuration_34357e075d63c3634310878636f9498847badcab/src/test/java/org/apache/commons/configuration2/TestHierarchicalConfiguration.java,org.apache.commons.configuration2.TestHierarchicalConfiguration,setUp/0,config,2
/home/sandro/workspace/sandro/MLCQCodeSmellSamples/scripts/../dataset/commons-configuration_34357e075d63c3634310878636f9498847badcab/src/test/java/org/apache/commons/configuration2/TestHierarchicalConfiguration.java,org.apache.commons.configuration2.TestHierarchicalConfiguration,testImmutableChildConfigurationsAt/0,config,1
/home/sandro/workspace/sandro/MLCQCodeSmellSamples/scripts/../dataset/commons-configuration_34357e075d63c3634310878636f9498847badcab/src/test/java/org/apache/commons/configuration2/TestHierarchicalConfiguration.java,org.apache.commons.configuration2.TestHierarchicalConfiguration,testInitCopyUpdate/0,config,2
/home/sandro/workspace/sandro/MLCQCodeSmellSamples/scripts/../dataset/commons-configuration_34357e075d63c3634310878636f9498847badcab/src/test/java/org/apache/commons/configuration2/TestHierarchicalConfiguration.java,org.apache.commons.configuration2.TestHierarchicalConfiguration,"checkConfigurationsAtWithUpdate/2[boolean,java.lang.String]",NEW_NAME,1
/home/sandro/workspace/sandro/MLCQCodeSmellSamples/scripts/../dataset/commons-configuration_34357e075d63c3634310878636f9498847badcab/src/test/java/org/apache/commons/configuration2/TestHierarchicalConfiguration.java,org.apache.commons.configuration2.TestHierarchicalConfiguration,"checkConfigurationsAtWithUpdate/2[boolean,java.lang.String]",config,3
/home/sandro/workspace/sandro/MLCQCodeSmellSamples/scripts/../dataset/commons-configuration_34357e075d63c3634310878636f9498847badcab/src/test/java/org/apache/commons/configuration2/TestHierarchicalConfiguration.java,org.apache.commons.configuration2.TestHierarchicalConfiguration,testConfigurationAtClearAndDetach/0,config,5
/home/sandro/workspace/sandro/MLCQCodeSmellSamples/scripts/../dataset/commons-configuration_34357e075d63c3634310878636f9498847badcab/src/test/java/org/apache/commons/configuration2/TestHierarchicalConfiguration.java,org.apache.commons.configuration2.TestHierarchicalConfiguration,testImmutableConfigurationsAt/0,config,1
/home/sandro/workspace/sandro/MLCQCodeSmellSamples/scripts/../dataset/commons-configuration_34357e075d63c3634310878636f9498847badcab/src/test/java/org/apache/commons/configuration2/TestHierarchicalConfiguration.java,org.apache.commons.configuration2.TestHierarchicalConfiguration,testChildConfigurationsAtNoUniqueKey/0,config,1
/home/sandro/workspace/sandro/MLCQCodeSmellSamples/scripts/../dataset/commons-configuration_34357e075d63c3634310878636f9498847badcab/src/test/java/org/apache/commons/configuration2/TestHierarchicalConfiguration.java,org.apache.commons.configuration2.TestHierarchicalConfiguration,testConfigurationsAtWithUpdates/0,NEW_NAME,1
/home/sandro/workspace/sandro/MLCQCodeSmellSamples/scripts/../dataset/commons-configuration_34357e075d63c3634310878636f9498847badcab/src/test/java/org/apache/commons/configuration2/TestHierarchicalConfiguration.java,org.apache.commons.configuration2.TestHierarchicalConfiguration,testInterpolationSubset/0,config,1
/home/sandro/workspace/sandro/MLCQCodeSmellSamples/scripts/../dataset/commons-configuration_34357e075d63c3634310878636f9498847badcab/src/test/java/org/apache/commons/configuration2/TestHierarchicalConfiguration.java,org.apache.commons.configuration2.TestHierarchicalConfiguration,checkConfigurationAtAttributeNode/1[boolean],config,2
/home/sandro/workspace/sandro/MLCQCodeSmellSamples/scripts/../dataset/commons-configuration_34357e075d63c3634310878636f9498847badcab/src/test/java/org/apache/commons/configuration2/TestHierarchicalConfiguration.java,org.apache.commons.configuration2.TestHierarchicalConfiguration,testImmutableConfigurationAtSupportUpdates/0,config,3
/home/sandro/workspace/sandro/MLCQCodeSmellSamples/scripts/../dataset/commons-configuration_34357e075d63c3634310878636f9498847badcab/src/test/java/org/apache/commons/configuration2/TestHierarchicalConfiguration.java,org.apache.commons.configuration2.TestHierarchicalConfiguration,testConfigurationAtMultipleNodes/0,config,1
/home/sandro/workspace/sandro/MLCQCodeSmellSamples/scripts/../dataset/commons-configuration_34357e075d63c3634310878636f9498847badcab/src/test/java/org/apache/commons/configuration2/TestHierarchicalConfiguration.java,org.apache.commons.configuration2.TestHierarchicalConfiguration,testConfigurationAtUpdateSubConfigConnected/0,config,2
/home/sandro/workspace/sandro/MLCQCodeSmellSamples/scripts/../dataset/commons-configuration_34357e075d63c3634310878636f9498847badcab/src/test/java/org/apache/commons/configuration2/TestHierarchicalConfiguration.java,org.apache.commons.configuration2.TestHierarchicalConfiguration,"checkChildConfigurationsAtWithUpdates/2[boolean,java.lang.String]",NEW_NAME,1
/home/sandro/workspace/sandro/MLCQCodeSmellSamples/scripts/../dataset/commons-configuration_34357e075d63c3634310878636f9498847badcab/src/test/java/org/apache/commons/configuration2/TestHierarchicalConfiguration.java,org.apache.commons.configuration2.TestHierarchicalConfiguration,"checkChildConfigurationsAtWithUpdates/2[boolean,java.lang.String]",config,3
/home/sandro/workspace/sandro/MLCQCodeSmellSamples/scripts/../dataset/commons-configuration_34357e075d63c3634310878636f9498847badcab/src/test/java/org/apache/commons/configuration2/event/AbstractTestConfigurationEvents.java,org.apache.commons.configuration2.event.AbstractTestConfigurationEvents,testAddPropertyEvent/0,TEST_PROPNAME,3
/home/sandro/workspace/sandro/MLCQCodeSmellSamples/scripts/../dataset/commons-configuration_34357e075d63c3634310878636f9498847badcab/src/test/java/org/apache/commons/configuration2/event/AbstractTestConfigurationEvents.java,org.apache.commons.configuration2.event.AbstractTestConfigurationEvents,testAddPropertyEvent/0,listener,3
/home/sandro/workspace/sandro/MLCQCodeSmellSamples/scripts/../dataset/commons-configuration_34357e075d63c3634310878636f9498847badcab/src/test/java/org/apache/commons/configuration2/event/AbstractTestConfigurationEvents.java,org.apache.commons.configuration2.event.AbstractTestConfigurationEvents,testAddPropertyEvent/0,TEST_PROPVALUE,3
/home/sandro/workspace/sandro/MLCQCodeSmellSamples/scripts/../dataset/commons-configuration_34357e075d63c3634310878636f9498847badcab/src/test/java/org/apache/commons/configuration2/event/AbstractTestConfigurationEvents.java,org.apache.commons.configuration2.event.AbstractTestConfigurationEvents,testAddPropertyEvent/0,config,1
/home/sandro/workspace/sandro/MLCQCodeSmellSamples/scripts/../dataset/commons-configuration_34357e075d63c3634310878636f9498847badcab/src/test/java/org/apache/commons/configuration2/event/AbstractTestConfigurationEvents.java,org.apache.commons.configuration2.event.AbstractTestConfigurationEvents,testClearPropertyEvent/0,listener,3
/home/sandro/workspace/sandro/MLCQCodeSmellSamples/scripts/../dataset/commons-configuration_34357e075d63c3634310878636f9498847badcab/src/test/java/org/apache/commons/configuration2/event/AbstractTestConfigurationEvents.java,org.apache.commons.configuration2.event.AbstractTestConfigurationEvents,testClearPropertyEvent/0,EXIST_PROPERTY,3
/home/sandro/workspace/sandro/MLCQCodeSmellSamples/scripts/../dataset/commons-configuration_34357e075d63c3634310878636f9498847badcab/src/test/java/org/apache/commons/configuration2/event/AbstractTestConfigurationEvents.java,org.apache.commons.configuration2.event.AbstractTestConfigurationEvents,testClearPropertyEvent/0,config,1
/home/sandro/workspace/sandro/MLCQCodeSmellSamples/scripts/../dataset/commons-configuration_34357e075d63c3634310878636f9498847badcab/src/test/java/org/apache/commons/configuration2/event/AbstractTestConfigurationEvents.java,org.apache.commons.configuration2.event.AbstractTestConfigurationEvents,setUp/0,listener,2
/home/sandro/workspace/sandro/MLCQCodeSmellSamples/scripts/../dataset/commons-configuration_34357e075d63c3634310878636f9498847badcab/src/test/java/org/apache/commons/configuration2/event/AbstractTestConfigurationEvents.java,org.apache.commons.configuration2.event.AbstractTestConfigurationEvents,setUp/0,EXIST_PROPERTY,1
/home/sandro/workspace/sandro/MLCQCodeSmellSamples/scripts/../dataset/commons-configuration_34357e075d63c3634310878636f9498847badcab/src/test/java/org/apache/commons/configuration2/event/AbstractTestConfigurationEvents.java,org.apache.commons.configuration2.event.AbstractTestConfigurationEvents,setUp/0,config,4
/home/sandro/workspace/sandro/MLCQCodeSmellSamples/scripts/../dataset/commons-configuration_34357e075d63c3634310878636f9498847badcab/src/test/java/org/apache/commons/configuration2/event/AbstractTestConfigurationEvents.java,org.apache.commons.configuration2.event.AbstractTestConfigurationEvents,testClearPropertyEventWithDetails/0,listener,5
/home/sandro/workspace/sandro/MLCQCodeSmellSamples/scripts/../dataset/commons-configuration_34357e075d63c3634310878636f9498847badcab/src/test/java/org/apache/commons/configuration2/event/AbstractTestConfigurationEvents.java,org.apache.commons.configuration2.event.AbstractTestConfigurationEvents,testClearPropertyEventWithDetails/0,EXIST_PROPERTY,3
/home/sandro/workspace/sandro/MLCQCodeSmellSamples/scripts/../dataset/commons-configuration_34357e075d63c3634310878636f9498847badcab/src/test/java/org/apache/commons/configuration2/event/AbstractTestConfigurationEvents.java,org.apache.commons.configuration2.event.AbstractTestConfigurationEvents,testClearPropertyEventWithDetails/0,config,2
/home/sandro/workspace/sandro/MLCQCodeSmellSamples/scripts/../dataset/commons-configuration_34357e075d63c3634310878636f9498847badcab/src/test/java/org/apache/commons/configuration2/event/AbstractTestConfigurationEvents.java,org.apache.commons.configuration2.event.AbstractTestConfigurationEvents,testClearEventWithDetails/0,listener,5
/home/sandro/workspace/sandro/MLCQCodeSmellSamples/scripts/../dataset/commons-configuration_34357e075d63c3634310878636f9498847badcab/src/test/java/org/apache/commons/configuration2/event/AbstractTestConfigurationEvents.java,org.apache.commons.configuration2.event.AbstractTestConfigurationEvents,testClearEventWithDetails/0,config,2
/home/sandro/workspace/sandro/MLCQCodeSmellSamples/scripts/../dataset/commons-configuration_34357e075d63c3634310878636f9498847badcab/src/test/java/org/apache/commons/configuration2/event/AbstractTestConfigurationEvents.java,org.apache.commons.configuration2.event.AbstractTestConfigurationEvents,testSetPropertyEvent/0,listener,3
/home/sandro/workspace/sandro/MLCQCodeSmellSamples/scripts/../dataset/commons-configuration_34357e075d63c3634310878636f9498847badcab/src/test/java/org/apache/commons/configuration2/event/AbstractTestConfigurationEvents.java,org.apache.commons.configuration2.event.AbstractTestConfigurationEvents,testSetPropertyEvent/0,TEST_PROPVALUE,3
/home/sandro/workspace/sandro/MLCQCodeSmellSamples/scripts/../dataset/commons-configuration_34357e075d63c3634310878636f9498847badcab/src/test/java/org/apache/commons/configuration2/event/AbstractTestConfigurationEvents.java,org.apache.commons.configuration2.event.AbstractTestConfigurationEvents,testSetPropertyEvent/0,EXIST_PROPERTY,3
/home/sandro/workspace/sandro/MLCQCodeSmellSamples/scripts/../dataset/commons-configuration_34357e075d63c3634310878636f9498847badcab/src/test/java/org/apache/commons/configuration2/event/AbstractTestConfigurationEvents.java,org.apache.commons.configuration2.event.AbstractTestConfigurationEvents,testSetPropertyEvent/0,config,1
/home/sandro/workspace/sandro/MLCQCodeSmellSamples/scripts/../dataset/commons-configuration_34357e075d63c3634310878636f9498847badcab/src/test/java/org/apache/commons/configuration2/event/AbstractTestConfigurationEvents.java,org.apache.commons.configuration2.event.AbstractTestConfigurationEvents,testSetPropertyEventWithDetails/0,listener,5
/home/sandro/workspace/sandro/MLCQCodeSmellSamples/scripts/../dataset/commons-configuration_34357e075d63c3634310878636f9498847badcab/src/test/java/org/apache/commons/configuration2/event/AbstractTestConfigurationEvents.java,org.apache.commons.configuration2.event.AbstractTestConfigurationEvents,testSetPropertyEventWithDetails/0,TEST_PROPVALUE,3
/home/sandro/workspace/sandro/MLCQCodeSmellSamples/scripts/../dataset/commons-configuration_34357e075d63c3634310878636f9498847badcab/src/test/java/org/apache/commons/configuration2/event/AbstractTestConfigurationEvents.java,org.apache.commons.configuration2.event.AbstractTestConfigurationEvents,testSetPropertyEventWithDetails/0,EXIST_PROPERTY,3
/home/sandro/workspace/sandro/MLCQCodeSmellSamples/scripts/../dataset/commons-configuration_34357e075d63c3634310878636f9498847badcab/src/test/java/org/apache/commons/configuration2/event/AbstractTestConfigurationEvents.java,org.apache.commons.configuration2.event.AbstractTestConfigurationEvents,testSetPropertyEventWithDetails/0,config,2
/home/sandro/workspace/sandro/MLCQCodeSmellSamples/scripts/../dataset/commons-configuration_34357e075d63c3634310878636f9498847badcab/src/test/java/org/apache/commons/configuration2/event/AbstractTestConfigurationEvents.java,org.apache.commons.configuration2.event.AbstractTestConfigurationEvents,testClearEvent/0,listener,3
/home/sandro/workspace/sandro/MLCQCodeSmellSamples/scripts/../dataset/commons-configuration_34357e075d63c3634310878636f9498847badcab/src/test/java/org/apache/commons/configuration2/event/AbstractTestConfigurationEvents.java,org.apache.commons.configuration2.event.AbstractTestConfigurationEvents,testClearEvent/0,config,1
/home/sandro/workspace/sandro/MLCQCodeSmellSamples/scripts/../dataset/commons-configuration_34357e075d63c3634310878636f9498847badcab/src/test/java/org/apache/commons/configuration2/event/AbstractTestConfigurationEvents.java,org.apache.commons.configuration2.event.AbstractTestConfigurationEvents,testAddPropertyEventWithDetails/0,TEST_PROPNAME,3
/home/sandro/workspace/sandro/MLCQCodeSmellSamples/scripts/../dataset/commons-configuration_34357e075d63c3634310878636f9498847badcab/src/test/java/org/apache/commons/configuration2/event/AbstractTestConfigurationEvents.java,org.apache.commons.configuration2.event.AbstractTestConfigurationEvents,testAddPropertyEventWithDetails/0,listener,5
/home/sandro/workspace/sandro/MLCQCodeSmellSamples/scripts/../dataset/commons-configuration_34357e075d63c3634310878636f9498847badcab/src/test/java/org/apache/commons/configuration2/event/AbstractTestConfigurationEvents.java,org.apache.commons.configuration2.event.AbstractTestConfigurationEvents,testAddPropertyEventWithDetails/0,TEST_PROPVALUE,3
/home/sandro/workspace/sandro/MLCQCodeSmellSamples/scripts/../dataset/commons-configuration_34357e075d63c3634310878636f9498847badcab/src/test/java/org/apache/commons/configuration2/event/AbstractTestConfigurationEvents.java,org.apache.commons.configuration2.event.AbstractTestConfigurationEvents,testAddPropertyEventWithDetails/0,config,2
/home/sandro/workspace/sandro/MLCQCodeSmellSamples/scripts/../dataset/commons-configuration_34357e075d63c3634310878636f9498847badcab/src/main/java/org/apache/commons/configuration2/io/FileLocator.java,org.apache.commons.configuration2.io.FileLocator,getBasePath/0,basePath,1
/home/sandro/workspace/sandro/MLCQCodeSmellSamples/scripts/../dataset/commons-configuration_34357e075d63c3634310878636f9498847badcab/src/main/java/org/apache/commons/configuration2/io/FileLocator.java,org.apache.commons.configuration2.io.FileLocator,getSourceURL/0,sourceURL,1
/home/sandro/workspace/sandro/MLCQCodeSmellSamples/scripts/../dataset/commons-configuration_34357e075d63c3634310878636f9498847badcab/src/main/java/org/apache/commons/configuration2/io/FileLocator.java,org.apache.commons.configuration2.io.FileLocator,getFileSystem/0,fileSystem,1
/home/sandro/workspace/sandro/MLCQCodeSmellSamples/scripts/../dataset/commons-configuration_34357e075d63c3634310878636f9498847badcab/src/main/java/org/apache/commons/configuration2/io/FileLocator.java,org.apache.commons.configuration2.io.FileLocator,getLocationStrategy/0,locationStrategy,1
/home/sandro/workspace/sandro/MLCQCodeSmellSamples/scripts/../dataset/commons-configuration_34357e075d63c3634310878636f9498847badcab/src/main/java/org/apache/commons/configuration2/io/FileLocator.java,org.apache.commons.configuration2.io.FileLocator,getFileName/0,fileName,1
/home/sandro/workspace/sandro/MLCQCodeSmellSamples/scripts/../dataset/commons-configuration_34357e075d63c3634310878636f9498847badcab/src/main/java/org/apache/commons/configuration2/io/FileLocator.java,org.apache.commons.configuration2.io.FileLocator,FileLocator/1[org.apache.commons.configuration2.io.FileLocator.FileLocatorBuilder],sourceURL,1
/home/sandro/workspace/sandro/MLCQCodeSmellSamples/scripts/../dataset/commons-configuration_34357e075d63c3634310878636f9498847badcab/src/main/java/org/apache/commons/configuration2/io/FileLocator.java,org.apache.commons.configuration2.io.FileLocator,FileLocator/1[org.apache.commons.configuration2.io.FileLocator.FileLocatorBuilder],fileSystem,1
/home/sandro/workspace/sandro/MLCQCodeSmellSamples/scripts/../dataset/commons-configuration_34357e075d63c3634310878636f9498847badcab/src/main/java/org/apache/commons/configuration2/io/FileLocator.java,org.apache.commons.configuration2.io.FileLocator,FileLocator/1[org.apache.commons.configuration2.io.FileLocator.FileLocatorBuilder],fileName,1
/home/sandro/workspace/sandro/MLCQCodeSmellSamples/scripts/../dataset/commons-configuration_34357e075d63c3634310878636f9498847badcab/src/main/java/org/apache/commons/configuration2/io/FileLocator.java,org.apache.commons.configuration2.io.FileLocator,FileLocator/1[org.apache.commons.configuration2.io.FileLocator.FileLocatorBuilder],basePath,1
/home/sandro/workspace/sandro/MLCQCodeSmellSamples/scripts/../dataset/commons-configuration_34357e075d63c3634310878636f9498847badcab/src/main/java/org/apache/commons/configuration2/io/FileLocator.java,org.apache.commons.configuration2.io.FileLocator,FileLocator/1[org.apache.commons.configuration2.io.FileLocator.FileLocatorBuilder],locationStrategy,1
/home/sandro/workspace/sandro/MLCQCodeSmellSamples/scripts/../dataset/commons-configuration_34357e075d63c3634310878636f9498847badcab/src/main/java/org/apache/commons/configuration2/io/FileLocator.java,org.apache.commons.configuration2.io.FileLocator,FileLocator/1[org.apache.commons.configuration2.io.FileLocator.FileLocatorBuilder],encoding,1
/home/sandro/workspace/sandro/MLCQCodeSmellSamples/scripts/../dataset/commons-configuration_34357e075d63c3634310878636f9498847badcab/src/main/java/org/apache/commons/configuration2/io/FileLocator.java,org.apache.commons.configuration2.io.FileLocator,getEncoding/0,encoding,1
/home/sandro/workspace/sandro/MLCQCodeSmellSamples/scripts/../dataset/commons-configuration_34357e075d63c3634310878636f9498847badcab/src/main/java/org/apache/commons/configuration2/io/FileLocator.java,org.apache.commons.configuration2.io.FileLocator,sourceURLAsString/0,sourceURL,2
/home/sandro/workspace/sandro/MLCQCodeSmellSamples/scripts/../dataset/commons-configuration_34357e075d63c3634310878636f9498847badcab/src/main/java/org/apache/commons/configuration2/PropertiesConfiguration.java,org.apache.commons.configuration2.PropertiesConfiguration$JupIOFactory,"createPropertiesWriter/2[java.io.Writer,org.apache.commons.configuration2.convert.ListDelimiterHandler]",escapeUnicode,1
/home/sandro/workspace/sandro/MLCQCodeSmellSamples/scripts/../dataset/commons-configuration_34357e075d63c3634310878636f9498847badcab/src/main/java/org/apache/commons/configuration2/PropertiesConfiguration.java,org.apache.commons.configuration2.PropertiesConfiguration$JupIOFactory,JupIOFactory/1[boolean],escapeUnicode,4
/home/sandro/workspace/sandro/MLCQCodeSmellSamples/scripts/../dataset/commons-configuration_34357e075d63c3634310878636f9498847badcab/src/test/java/org/apache/commons/configuration2/TestNullJNDIEnvironmentValues.java,org.apache.commons.configuration2.TestNullJNDIEnvironmentValues,testSimpleGet/0,conf,1
/home/sandro/workspace/sandro/MLCQCodeSmellSamples/scripts/../dataset/commons-configuration_34357e075d63c3634310878636f9498847badcab/src/test/java/org/apache/commons/configuration2/TestNullJNDIEnvironmentValues.java,org.apache.commons.configuration2.TestNullJNDIEnvironmentValues,testGetKeysWithExistingPrefix/0,conf,1
/home/sandro/workspace/sandro/MLCQCodeSmellSamples/scripts/../dataset/commons-configuration_34357e075d63c3634310878636f9498847badcab/src/test/java/org/apache/commons/configuration2/TestNullJNDIEnvironmentValues.java,org.apache.commons.configuration2.TestNullJNDIEnvironmentValues,testClearProperty/0,conf,3
/home/sandro/workspace/sandro/MLCQCodeSmellSamples/scripts/../dataset/commons-configuration_34357e075d63c3634310878636f9498847badcab/src/test/java/org/apache/commons/configuration2/TestNullJNDIEnvironmentValues.java,org.apache.commons.configuration2.TestNullJNDIEnvironmentValues,testGetMissingKey/0,conf,1
/home/sandro/workspace/sandro/MLCQCodeSmellSamples/scripts/../dataset/commons-configuration_34357e075d63c3634310878636f9498847badcab/src/test/java/org/apache/commons/configuration2/TestNullJNDIEnvironmentValues.java,org.apache.commons.configuration2.TestNullJNDIEnvironmentValues,testGetMissingKeyWithDefault/0,conf,1
/home/sandro/workspace/sandro/MLCQCodeSmellSamples/scripts/../dataset/commons-configuration_34357e075d63c3634310878636f9498847badcab/src/test/java/org/apache/commons/configuration2/TestNullJNDIEnvironmentValues.java,org.apache.commons.configuration2.TestNullJNDIEnvironmentValues,testIsEmpty/0,conf,1
/home/sandro/workspace/sandro/MLCQCodeSmellSamples/scripts/../dataset/commons-configuration_34357e075d63c3634310878636f9498847badcab/src/test/java/org/apache/commons/configuration2/TestNullJNDIEnvironmentValues.java,org.apache.commons.configuration2.TestNullJNDIEnvironmentValues,testGetKeysWithUnknownPrefix/0,conf,1
/home/sandro/workspace/sandro/MLCQCodeSmellSamples/scripts/../dataset/commons-configuration_34357e075d63c3634310878636f9498847badcab/src/test/java/org/apache/commons/configuration2/TestNullJNDIEnvironmentValues.java,org.apache.commons.configuration2.TestNullJNDIEnvironmentValues,testMoreGets/0,conf,3
/home/sandro/workspace/sandro/MLCQCodeSmellSamples/scripts/../dataset/commons-configuration_34357e075d63c3634310878636f9498847badcab/src/test/java/org/apache/commons/configuration2/TestNullJNDIEnvironmentValues.java,org.apache.commons.configuration2.TestNullJNDIEnvironmentValues,testGetKeysWithKeyAsPrefix/0,conf,1
/home/sandro/workspace/sandro/MLCQCodeSmellSamples/scripts/../dataset/commons-configuration_34357e075d63c3634310878636f9498847badcab/src/test/java/org/apache/commons/configuration2/TestNullJNDIEnvironmentValues.java,org.apache.commons.configuration2.TestNullJNDIEnvironmentValues,testThrowExceptionOnMissing/0,conf,1
/home/sandro/workspace/sandro/MLCQCodeSmellSamples/scripts/../dataset/commons-configuration_34357e075d63c3634310878636f9498847badcab/src/test/java/org/apache/commons/configuration2/TestNullJNDIEnvironmentValues.java,org.apache.commons.configuration2.TestNullJNDIEnvironmentValues,setUp/0,conf,2
/home/sandro/workspace/sandro/MLCQCodeSmellSamples/scripts/../dataset/commons-configuration_34357e075d63c3634310878636f9498847badcab/src/test/java/org/apache/commons/configuration2/TestNullJNDIEnvironmentValues.java,org.apache.commons.configuration2.TestNullJNDIEnvironmentValues,testContainsKey/0,conf,2
/home/sandro/workspace/sandro/MLCQCodeSmellSamples/scripts/../dataset/commons-configuration_34357e075d63c3634310878636f9498847badcab/src/test/java/org/apache/commons/configuration2/TestNullJNDIEnvironmentValues.java,org.apache.commons.configuration2.TestNullJNDIEnvironmentValues,testGetKeys/0,conf,1
/home/sandro/workspace/sandro/MLCQCodeSmellSamples/scripts/../dataset/commons-configuration_34357e075d63c3634310878636f9498847badcab/src/main/java/org/apache/commons/configuration2/beanutils/DefaultBeanFactory.java,org.apache.commons.configuration2.beanutils.DefaultBeanFactory,DefaultBeanFactory/1[org.apache.commons.configuration2.convert.ConversionHandler],conversionHandler,1
/home/sandro/workspace/sandro/MLCQCodeSmellSamples/scripts/../dataset/commons-configuration_34357e075d63c3634310878636f9498847badcab/src/main/java/org/apache/commons/configuration2/beanutils/DefaultBeanFactory.java,org.apache.commons.configuration2.beanutils.DefaultBeanFactory,"constructorMatchingException/3[java.lang.Class<?>,org.apache.commons.configuration2.beanutils.BeanDeclaration,java.lang.String]",FMT_CTOR_ERROR,1
/home/sandro/workspace/sandro/MLCQCodeSmellSamples/scripts/../dataset/commons-configuration_34357e075d63c3634310878636f9498847badcab/src/main/java/org/apache/commons/configuration2/beanutils/DefaultBeanFactory.java,org.apache.commons.configuration2.beanutils.DefaultBeanFactory,getConversionHandler/0,conversionHandler,1
/home/sandro/workspace/sandro/MLCQCodeSmellSamples/scripts/../dataset/commons-configuration_34357e075d63c3634310878636f9498847badcab/src/test/java/org/apache/commons/configuration2/builder/fluent/TestParameters.java,org.apache.commons.configuration2.builder.fluent.TestParameters,"checkBasicProperties/1[java.util.Map<java.lang.String,java.lang.Object>]",listHandler,1
/home/sandro/workspace/sandro/MLCQCodeSmellSamples/scripts/../dataset/commons-configuration_34357e075d63c3634310878636f9498847badcab/src/test/java/org/apache/commons/configuration2/builder/fluent/TestParameters.java,org.apache.commons.configuration2.builder.fluent.TestParameters,testDatabase/0,listHandler,1
/home/sandro/workspace/sandro/MLCQCodeSmellSamples/scripts/../dataset/commons-configuration_34357e075d63c3634310878636f9498847badcab/src/test/java/org/apache/commons/configuration2/builder/fluent/TestParameters.java,org.apache.commons.configuration2.builder.fluent.TestParameters,testInheritance/0,listHandler,1
/home/sandro/workspace/sandro/MLCQCodeSmellSamples/scripts/../dataset/commons-configuration_34357e075d63c3634310878636f9498847badcab/src/test/java/org/apache/commons/configuration2/builder/fluent/TestParameters.java,org.apache.commons.configuration2.builder.fluent.TestParameters,testFileBased/0,listHandler,1
/home/sandro/workspace/sandro/MLCQCodeSmellSamples/scripts/../dataset/commons-configuration_34357e075d63c3634310878636f9498847badcab/src/test/java/org/apache/commons/configuration2/builder/fluent/TestParameters.java,org.apache.commons.configuration2.builder.fluent.TestParameters,testFileBased/0,DEF_ENCODING,2
/home/sandro/workspace/sandro/MLCQCodeSmellSamples/scripts/../dataset/commons-configuration_34357e075d63c3634310878636f9498847badcab/src/test/java/org/apache/commons/configuration2/builder/fluent/TestParameters.java,org.apache.commons.configuration2.builder.fluent.TestParameters,testCombined/0,listHandler,1
/home/sandro/workspace/sandro/MLCQCodeSmellSamples/scripts/../dataset/commons-configuration_34357e075d63c3634310878636f9498847badcab/src/test/java/org/apache/commons/configuration2/builder/fluent/TestParameters.java,org.apache.commons.configuration2.builder.fluent.TestParameters,testHierarchical/0,listHandler,1
/home/sandro/workspace/sandro/MLCQCodeSmellSamples/scripts/../dataset/commons-configuration_34357e075d63c3634310878636f9498847badcab/src/test/java/org/apache/commons/configuration2/builder/fluent/TestParameters.java,org.apache.commons.configuration2.builder.fluent.TestParameters,testJndi/0,listHandler,1
/home/sandro/workspace/sandro/MLCQCodeSmellSamples/scripts/../dataset/commons-configuration_34357e075d63c3634310878636f9498847badcab/src/test/java/org/apache/commons/configuration2/builder/fluent/TestParameters.java,org.apache.commons.configuration2.builder.fluent.TestParameters,testXml/0,listHandler,1
/home/sandro/workspace/sandro/MLCQCodeSmellSamples/scripts/../dataset/commons-configuration_34357e075d63c3634310878636f9498847badcab/src/test/java/org/apache/commons/configuration2/builder/fluent/TestParameters.java,org.apache.commons.configuration2.builder.fluent.TestParameters,testMultiFile/0,listHandler,1
/home/sandro/workspace/sandro/MLCQCodeSmellSamples/scripts/../dataset/commons-configuration_34357e075d63c3634310878636f9498847badcab/src/test/java/org/apache/commons/configuration2/builder/fluent/TestParameters.java,org.apache.commons.configuration2.builder.fluent.TestParameters,testProperties/0,listHandler,1
/home/sandro/workspace/sandro/MLCQCodeSmellSamples/scripts/../dataset/commons-configuration_34357e075d63c3634310878636f9498847badcab/src/test/java/org/apache/commons/configuration2/builder/fluent/TestParameters.java,org.apache.commons.configuration2.builder.fluent.TestParameters,setUpBeforeClass/0,listHandler,1
/home/sandro/workspace/sandro/MLCQCodeSmellSamples/scripts/../dataset/commons-configuration_34357e075d63c3634310878636f9498847badcab/src/main/java/org/apache/commons/configuration2/PropertiesConfiguration.java,org.apache.commons.configuration2.PropertiesConfiguration,needsUnescape/1[char],UNESCAPE_CHARACTERS,1
/home/sandro/workspace/sandro/MLCQCodeSmellSamples/scripts/../dataset/commons-configuration_34357e075d63c3634310878636f9498847badcab/src/main/java/org/apache/commons/configuration2/PropertiesConfiguration.java,org.apache.commons.configuration2.PropertiesConfiguration,"locateIncludeFile/2[java.lang.String,java.lang.String]",locator,1
/home/sandro/workspace/sandro/MLCQCodeSmellSamples/scripts/../dataset/commons-configuration_34357e075d63c3634310878636f9498847badcab/src/main/java/org/apache/commons/configuration2/PropertiesConfiguration.java,org.apache.commons.configuration2.PropertiesConfiguration,"unescapeJava/2[java.lang.String,boolean]",UNICODE_LEN,2
/home/sandro/workspace/sandro/MLCQCodeSmellSamples/scripts/../dataset/commons-configuration_34357e075d63c3634310878636f9498847badcab/src/main/java/org/apache/commons/configuration2/PropertiesConfiguration.java,org.apache.commons.configuration2.PropertiesConfiguration,"unescapeJava/2[java.lang.String,boolean]",HEX_RADIX,1
/home/sandro/workspace/sandro/MLCQCodeSmellSamples/scripts/../dataset/commons-configuration_34357e075d63c3634310878636f9498847badcab/src/main/java/org/apache/commons/configuration2/PropertiesConfiguration.java,org.apache.commons.configuration2.PropertiesConfiguration,setIncludesAllowed/1[boolean],includesAllowed,4
/home/sandro/workspace/sandro/MLCQCodeSmellSamples/scripts/../dataset/commons-configuration_34357e075d63c3634310878636f9498847badcab/src/main/java/org/apache/commons/configuration2/PropertiesConfiguration.java,org.apache.commons.configuration2.PropertiesConfiguration,initFileLocator/1[org.apache.commons.configuration2.io.FileLocator],locator,4
/home/sandro/workspace/sandro/MLCQCodeSmellSamples/scripts/../dataset/commons-configuration_34357e075d63c3634310878636f9498847badcab/src/main/java/org/apache/commons/configuration2/PropertiesConfiguration.java,org.apache.commons.configuration2.PropertiesConfiguration,getIOFactory/0,ioFactory,2
/home/sandro/workspace/sandro/MLCQCodeSmellSamples/scripts/../dataset/commons-configuration_34357e075d63c3634310878636f9498847badcab/src/main/java/org/apache/commons/configuration2/PropertiesConfiguration.java,org.apache.commons.configuration2.PropertiesConfiguration,getIOFactory/0,DEFAULT_IO_FACTORY,1
/home/sandro/workspace/sandro/MLCQCodeSmellSamples/scripts/../dataset/commons-configuration_34357e075d63c3634310878636f9498847badcab/src/main/java/org/apache/commons/configuration2/PropertiesConfiguration.java,org.apache.commons.configuration2.PropertiesConfiguration,loadIncludeFile/1[java.lang.String],locator,6
/home/sandro/workspace/sandro/MLCQCodeSmellSamples/scripts/../dataset/commons-configuration_34357e075d63c3634310878636f9498847badcab/src/main/java/org/apache/commons/configuration2/PropertiesConfiguration.java,org.apache.commons.configuration2.PropertiesConfiguration,installLayout/1[org.apache.commons.configuration2.PropertiesConfigurationLayout],layout,9
/home/sandro/workspace/sandro/MLCQCodeSmellSamples/scripts/../dataset/commons-configuration_34357e075d63c3634310878636f9498847badcab/src/main/java/org/apache/commons/configuration2/PropertiesConfiguration.java,org.apache.commons.configuration2.PropertiesConfiguration,isIncludesAllowed/0,includesAllowed,1
/home/sandro/workspace/sandro/MLCQCodeSmellSamples/scripts/../dataset/commons-configuration_34357e075d63c3634310878636f9498847badcab/src/main/java/org/apache/commons/configuration2/PropertiesConfiguration.java,org.apache.commons.configuration2.PropertiesConfiguration,setLayout/1[org.apache.commons.configuration2.PropertiesConfigurationLayout],layout,3
/home/sandro/workspace/sandro/MLCQCodeSmellSamples/scripts/../dataset/commons-configuration_34357e075d63c3634310878636f9498847badcab/src/main/java/org/apache/commons/configuration2/PropertiesConfiguration.java,org.apache.commons.configuration2.PropertiesConfiguration,setIOFactory/1[org.apache.commons.configuration2.PropertiesConfiguration.IOFactory],ioFactory,5
/home/sandro/workspace/sandro/MLCQCodeSmellSamples/scripts/../dataset/commons-configuration_34357e075d63c3634310878636f9498847badcab/src/main/java/org/apache/commons/configuration2/PropertiesConfiguration.java,org.apache.commons.configuration2.PropertiesConfiguration,clone/0,layout,2
/home/sandro/workspace/sandro/MLCQCodeSmellSamples/scripts/../dataset/commons-configuration_34357e075d63c3634310878636f9498847badcab/src/main/java/org/apache/commons/configuration2/PropertiesConfiguration.java,org.apache.commons.configuration2.PropertiesConfiguration,isCommentLine/1[java.lang.String],COMMENT_CHARS,1
/home/sandro/workspace/sandro/MLCQCodeSmellSamples/scripts/../dataset/commons-configuration_34357e075d63c3634310878636f9498847badcab/src/main/java/org/apache/commons/configuration2/PropertiesConfiguration.java,org.apache.commons.configuration2.PropertiesConfiguration,getLayout/0,layout,1
/home/sandro/workspace/sandro/MLCQCodeSmellSamples/scripts/../dataset/commons-configuration_34357e075d63c3634310878636f9498847badcab/src/main/java/org/apache/commons/configuration2/BaseHierarchicalConfiguration.java,org.apache.commons.configuration2.BaseHierarchicalConfiguration,BaseHierarchicalConfiguration/1[org.apache.commons.configuration2.tree.NodeModel<org.apache.commons.configuration2.tree.ImmutableNode>],changeListener,1
/home/sandro/workspace/sandro/MLCQCodeSmellSamples/scripts/../dataset/commons-configuration_34357e075d63c3634310878636f9498847badcab/src/main/java/org/apache/commons/configuration2/BaseHierarchicalConfiguration.java,org.apache.commons.configuration2.BaseHierarchicalConfiguration,initSubConfigurationForThisParent/1[org.apache.commons.configuration2.SubnodeConfiguration],changeListener,1
/home/sandro/workspace/sandro/MLCQCodeSmellSamples/scripts/../dataset/commons-configuration_34357e075d63c3634310878636f9498847badcab/src/main/java/org/apache/commons/configuration2/SystemConfiguration.java,org.apache.commons.configuration2.SystemConfiguration,setSystemProperties/1[org.apache.commons.configuration2.Configuration],log,2
/home/sandro/workspace/sandro/MLCQCodeSmellSamples/scripts/../dataset/commons-configuration_34357e075d63c3634310878636f9498847badcab/src/test/java/org/apache/commons/configuration2/io/TestFileLocator.java,org.apache.commons.configuration2.io.TestFileLocator,setUpOnce/0,sourceURL,1
/home/sandro/workspace/sandro/MLCQCodeSmellSamples/scripts/../dataset/commons-configuration_34357e075d63c3634310878636f9498847badcab/src/test/java/org/apache/commons/configuration2/io/TestFileLocator.java,org.apache.commons.configuration2.io.TestFileLocator,setUpOnce/0,fileSystem,2
/home/sandro/workspace/sandro/MLCQCodeSmellSamples/scripts/../dataset/commons-configuration_34357e075d63c3634310878636f9498847badcab/src/test/java/org/apache/commons/configuration2/io/TestFileLocator.java,org.apache.commons.configuration2.io.TestFileLocator,setUpOnce/0,locationStrategy,2
/home/sandro/workspace/sandro/MLCQCodeSmellSamples/scripts/../dataset/commons-configuration_34357e075d63c3634310878636f9498847badcab/src/test/java/org/apache/commons/configuration2/io/TestFileLocator.java,org.apache.commons.configuration2.io.TestFileLocator,setUpOnce/0,FILE_NAME,1
/home/sandro/workspace/sandro/MLCQCodeSmellSamples/scripts/../dataset/commons-configuration_34357e075d63c3634310878636f9498847badcab/src/test/java/org/apache/commons/configuration2/io/TestFileLocator.java,org.apache.commons.configuration2.io.TestFileLocator,testCreateFileLocatorFromSource/0,sourceURL,2
/home/sandro/workspace/sandro/MLCQCodeSmellSamples/scripts/../dataset/commons-configuration_34357e075d63c3634310878636f9498847badcab/src/test/java/org/apache/commons/configuration2/io/TestFileLocator.java,org.apache.commons.configuration2.io.TestFileLocator,testCreateFileLocatorFromSource/0,fileSystem,2
/home/sandro/workspace/sandro/MLCQCodeSmellSamples/scripts/../dataset/commons-configuration_34357e075d63c3634310878636f9498847badcab/src/test/java/org/apache/commons/configuration2/io/TestFileLocator.java,org.apache.commons.configuration2.io.TestFileLocator,testCreateFileLocatorFromSource/0,locationStrategy,2
/home/sandro/workspace/sandro/MLCQCodeSmellSamples/scripts/../dataset/commons-configuration_34357e075d63c3634310878636f9498847badcab/src/test/java/org/apache/commons/configuration2/io/TestFileLocator.java,org.apache.commons.configuration2.io.TestFileLocator,testCreateFileLocatorFromSource/0,ENCODING,1
/home/sandro/workspace/sandro/MLCQCodeSmellSamples/scripts/../dataset/commons-configuration_34357e075d63c3634310878636f9498847badcab/src/test/java/org/apache/commons/configuration2/io/TestFileLocator.java,org.apache.commons.configuration2.io.TestFileLocator,testCreateFileLocatorFromSource/0,BASE_PATH,1
/home/sandro/workspace/sandro/MLCQCodeSmellSamples/scripts/../dataset/commons-configuration_34357e075d63c3634310878636f9498847badcab/src/test/java/org/apache/commons/configuration2/io/TestFileLocator.java,org.apache.commons.configuration2.io.TestFileLocator,testCreateFileLocatorFromSource/0,FILE_NAME,1
/home/sandro/workspace/sandro/MLCQCodeSmellSamples/scripts/../dataset/commons-configuration_34357e075d63c3634310878636f9498847badcab/src/test/java/org/apache/commons/configuration2/io/TestFileLocator.java,org.apache.commons.configuration2.io.TestFileLocator,testFileLocatorEqualsOtherClass/0,FILE_NAME,1
/home/sandro/workspace/sandro/MLCQCodeSmellSamples/scripts/../dataset/commons-configuration_34357e075d63c3634310878636f9498847badcab/src/test/java/org/apache/commons/configuration2/io/TestFileLocator.java,org.apache.commons.configuration2.io.TestFileLocator,testFileLocatorEqualsNull/0,FILE_NAME,1
/home/sandro/workspace/sandro/MLCQCodeSmellSamples/scripts/../dataset/commons-configuration_34357e075d63c3634310878636f9498847badcab/src/test/java/org/apache/commons/configuration2/io/TestFileLocator.java,org.apache.commons.configuration2.io.TestFileLocator,testFileLocatorEqualsFalse/0,sourceURL,3
/home/sandro/workspace/sandro/MLCQCodeSmellSamples/scripts/../dataset/commons-configuration_34357e075d63c3634310878636f9498847badcab/src/test/java/org/apache/commons/configuration2/io/TestFileLocator.java,org.apache.commons.configuration2.io.TestFileLocator,testFileLocatorEqualsFalse/0,fileSystem,3
/home/sandro/workspace/sandro/MLCQCodeSmellSamples/scripts/../dataset/commons-configuration_34357e075d63c3634310878636f9498847badcab/src/test/java/org/apache/commons/configuration2/io/TestFileLocator.java,org.apache.commons.configuration2.io.TestFileLocator,testFileLocatorEqualsFalse/0,locationStrategy,3
/home/sandro/workspace/sandro/MLCQCodeSmellSamples/scripts/../dataset/commons-configuration_34357e075d63c3634310878636f9498847badcab/src/test/java/org/apache/commons/configuration2/io/TestFileLocator.java,org.apache.commons.configuration2.io.TestFileLocator,testFileLocatorEqualsFalse/0,ENCODING,2
/home/sandro/workspace/sandro/MLCQCodeSmellSamples/scripts/../dataset/commons-configuration_34357e075d63c3634310878636f9498847badcab/src/test/java/org/apache/commons/configuration2/io/TestFileLocator.java,org.apache.commons.configuration2.io.TestFileLocator,testFileLocatorEqualsFalse/0,BASE_PATH,2
/home/sandro/workspace/sandro/MLCQCodeSmellSamples/scripts/../dataset/commons-configuration_34357e075d63c3634310878636f9498847badcab/src/test/java/org/apache/commons/configuration2/io/TestFileLocator.java,org.apache.commons.configuration2.io.TestFileLocator,testFileLocatorEqualsFalse/0,FILE_NAME,2
/home/sandro/workspace/sandro/MLCQCodeSmellSamples/scripts/../dataset/commons-configuration_34357e075d63c3634310878636f9498847badcab/src/test/java/org/apache/commons/configuration2/io/TestFileLocator.java,org.apache.commons.configuration2.io.TestFileLocator,testFileLocatorToString/0,sourceURL,3
/home/sandro/workspace/sandro/MLCQCodeSmellSamples/scripts/../dataset/commons-configuration_34357e075d63c3634310878636f9498847badcab/src/test/java/org/apache/commons/configuration2/io/TestFileLocator.java,org.apache.commons.configuration2.io.TestFileLocator,testFileLocatorToString/0,fileSystem,3
/home/sandro/workspace/sandro/MLCQCodeSmellSamples/scripts/../dataset/commons-configuration_34357e075d63c3634310878636f9498847badcab/src/test/java/org/apache/commons/configuration2/io/TestFileLocator.java,org.apache.commons.configuration2.io.TestFileLocator,testFileLocatorToString/0,locationStrategy,3
/home/sandro/workspace/sandro/MLCQCodeSmellSamples/scripts/../dataset/commons-configuration_34357e075d63c3634310878636f9498847badcab/src/test/java/org/apache/commons/configuration2/io/TestFileLocator.java,org.apache.commons.configuration2.io.TestFileLocator,testFileLocatorToString/0,ENCODING,2
/home/sandro/workspace/sandro/MLCQCodeSmellSamples/scripts/../dataset/commons-configuration_34357e075d63c3634310878636f9498847badcab/src/test/java/org/apache/commons/configuration2/io/TestFileLocator.java,org.apache.commons.configuration2.io.TestFileLocator,testFileLocatorToString/0,BASE_PATH,2
/home/sandro/workspace/sandro/MLCQCodeSmellSamples/scripts/../dataset/commons-configuration_34357e075d63c3634310878636f9498847badcab/src/test/java/org/apache/commons/configuration2/io/TestFileLocator.java,org.apache.commons.configuration2.io.TestFileLocator,testFileLocatorToString/0,FILE_NAME,2
/home/sandro/workspace/sandro/MLCQCodeSmellSamples/scripts/../dataset/commons-configuration_34357e075d63c3634310878636f9498847badcab/src/test/java/org/apache/commons/configuration2/io/TestFileLocator.java,org.apache.commons.configuration2.io.TestFileLocator,testCreateFileLocator/0,sourceURL,2
/home/sandro/workspace/sandro/MLCQCodeSmellSamples/scripts/../dataset/commons-configuration_34357e075d63c3634310878636f9498847badcab/src/test/java/org/apache/commons/configuration2/io/TestFileLocator.java,org.apache.commons.configuration2.io.TestFileLocator,testCreateFileLocator/0,fileSystem,2
/home/sandro/workspace/sandro/MLCQCodeSmellSamples/scripts/../dataset/commons-configuration_34357e075d63c3634310878636f9498847badcab/src/test/java/org/apache/commons/configuration2/io/TestFileLocator.java,org.apache.commons.configuration2.io.TestFileLocator,testCreateFileLocator/0,locationStrategy,2
/home/sandro/workspace/sandro/MLCQCodeSmellSamples/scripts/../dataset/commons-configuration_34357e075d63c3634310878636f9498847badcab/src/test/java/org/apache/commons/configuration2/io/TestFileLocator.java,org.apache.commons.configuration2.io.TestFileLocator,testCreateFileLocator/0,ENCODING,1
/home/sandro/workspace/sandro/MLCQCodeSmellSamples/scripts/../dataset/commons-configuration_34357e075d63c3634310878636f9498847badcab/src/test/java/org/apache/commons/configuration2/io/TestFileLocator.java,org.apache.commons.configuration2.io.TestFileLocator,testCreateFileLocator/0,BASE_PATH,1
/home/sandro/workspace/sandro/MLCQCodeSmellSamples/scripts/../dataset/commons-configuration_34357e075d63c3634310878636f9498847badcab/src/test/java/org/apache/commons/configuration2/io/TestFileLocator.java,org.apache.commons.configuration2.io.TestFileLocator,testCreateFileLocator/0,FILE_NAME,1
/home/sandro/workspace/sandro/MLCQCodeSmellSamples/scripts/../dataset/commons-configuration_34357e075d63c3634310878636f9498847badcab/src/test/java/org/apache/commons/configuration2/io/TestFileLocator.java,org.apache.commons.configuration2.io.TestFileLocator,checkLocator/1[org.apache.commons.configuration2.io.FileLocator],sourceURL,1
/home/sandro/workspace/sandro/MLCQCodeSmellSamples/scripts/../dataset/commons-configuration_34357e075d63c3634310878636f9498847badcab/src/test/java/org/apache/commons/configuration2/io/TestFileLocator.java,org.apache.commons.configuration2.io.TestFileLocator,checkLocator/1[org.apache.commons.configuration2.io.FileLocator],fileSystem,1
/home/sandro/workspace/sandro/MLCQCodeSmellSamples/scripts/../dataset/commons-configuration_34357e075d63c3634310878636f9498847badcab/src/test/java/org/apache/commons/configuration2/io/TestFileLocator.java,org.apache.commons.configuration2.io.TestFileLocator,checkLocator/1[org.apache.commons.configuration2.io.FileLocator],locationStrategy,1
/home/sandro/workspace/sandro/MLCQCodeSmellSamples/scripts/../dataset/commons-configuration_34357e075d63c3634310878636f9498847badcab/src/test/java/org/apache/commons/configuration2/io/TestFileLocator.java,org.apache.commons.configuration2.io.TestFileLocator,checkLocator/1[org.apache.commons.configuration2.io.FileLocator],ENCODING,1
/home/sandro/workspace/sandro/MLCQCodeSmellSamples/scripts/../dataset/commons-configuration_34357e075d63c3634310878636f9498847badcab/src/test/java/org/apache/commons/configuration2/io/TestFileLocator.java,org.apache.commons.configuration2.io.TestFileLocator,checkLocator/1[org.apache.commons.configuration2.io.FileLocator],BASE_PATH,1
/home/sandro/workspace/sandro/MLCQCodeSmellSamples/scripts/../dataset/commons-configuration_34357e075d63c3634310878636f9498847badcab/src/test/java/org/apache/commons/configuration2/io/TestFileLocator.java,org.apache.commons.configuration2.io.TestFileLocator,checkLocator/1[org.apache.commons.configuration2.io.FileLocator],FILE_NAME,1
/home/sandro/workspace/sandro/MLCQCodeSmellSamples/scripts/../dataset/commons-configuration_34357e075d63c3634310878636f9498847badcab/src/test/java/org/apache/commons/configuration2/io/TestFileLocator.java,org.apache.commons.configuration2.io.TestFileLocator,testFileLocatorEqualsTrue/0,sourceURL,4
/home/sandro/workspace/sandro/MLCQCodeSmellSamples/scripts/../dataset/commons-configuration_34357e075d63c3634310878636f9498847badcab/src/test/java/org/apache/commons/configuration2/io/TestFileLocator.java,org.apache.commons.configuration2.io.TestFileLocator,testFileLocatorEqualsTrue/0,fileSystem,4
/home/sandro/workspace/sandro/MLCQCodeSmellSamples/scripts/../dataset/commons-configuration_34357e075d63c3634310878636f9498847badcab/src/test/java/org/apache/commons/configuration2/io/TestFileLocator.java,org.apache.commons.configuration2.io.TestFileLocator,testFileLocatorEqualsTrue/0,locationStrategy,4
/home/sandro/workspace/sandro/MLCQCodeSmellSamples/scripts/../dataset/commons-configuration_34357e075d63c3634310878636f9498847badcab/src/test/java/org/apache/commons/configuration2/io/TestFileLocator.java,org.apache.commons.configuration2.io.TestFileLocator,testFileLocatorEqualsTrue/0,ENCODING,2
/home/sandro/workspace/sandro/MLCQCodeSmellSamples/scripts/../dataset/commons-configuration_34357e075d63c3634310878636f9498847badcab/src/test/java/org/apache/commons/configuration2/io/TestFileLocator.java,org.apache.commons.configuration2.io.TestFileLocator,testFileLocatorEqualsTrue/0,BASE_PATH,2
/home/sandro/workspace/sandro/MLCQCodeSmellSamples/scripts/../dataset/commons-configuration_34357e075d63c3634310878636f9498847badcab/src/test/java/org/apache/commons/configuration2/io/TestFileLocator.java,org.apache.commons.configuration2.io.TestFileLocator,testFileLocatorEqualsTrue/0,FILE_NAME,2
/home/sandro/workspace/sandro/MLCQCodeSmellSamples/scripts/../dataset/commons-configuration_34357e075d63c3634310878636f9498847badcab/src/main/java/org/apache/commons/configuration2/tree/ModelTransaction.java,org.apache.commons.configuration2.tree.ModelTransaction$ChangeNodeNameOperation,ChangeNodeNameOperation/1[java.lang.String],newName,1
/home/sandro/workspace/sandro/MLCQCodeSmellSamples/scripts/../dataset/commons-configuration_34357e075d63c3634310878636f9498847badcab/src/main/java/org/apache/commons/configuration2/tree/ModelTransaction.java,org.apache.commons.configuration2.tree.ModelTransaction$ChangeNodeNameOperation,"apply/2[org.apache.commons.configuration2.tree.ImmutableNode,org.apache.commons.configuration2.tree.ModelTransaction.Operations]",newName,1
/home/sandro/workspace/sandro/MLCQCodeSmellSamples/scripts/../dataset/commons-configuration_34357e075d63c3634310878636f9498847badcab/src/main/java/org/apache/commons/configuration2/JSONConfiguration.java,org.apache.commons.configuration2.JSONConfiguration,read/1[java.io.InputStream],mapper,1
/home/sandro/workspace/sandro/MLCQCodeSmellSamples/scripts/../dataset/commons-configuration_34357e075d63c3634310878636f9498847badcab/src/main/java/org/apache/commons/configuration2/JSONConfiguration.java,org.apache.commons.configuration2.JSONConfiguration,read/1[java.io.InputStream],type,1
/home/sandro/workspace/sandro/MLCQCodeSmellSamples/scripts/../dataset/commons-configuration_34357e075d63c3634310878636f9498847badcab/src/main/java/org/apache/commons/configuration2/JSONConfiguration.java,org.apache.commons.configuration2.JSONConfiguration,read/1[java.io.Reader],mapper,1
/home/sandro/workspace/sandro/MLCQCodeSmellSamples/scripts/../dataset/commons-configuration_34357e075d63c3634310878636f9498847badcab/src/main/java/org/apache/commons/configuration2/JSONConfiguration.java,org.apache.commons.configuration2.JSONConfiguration,read/1[java.io.Reader],type,1
/home/sandro/workspace/sandro/MLCQCodeSmellSamples/scripts/../dataset/commons-configuration_34357e075d63c3634310878636f9498847badcab/src/main/java/org/apache/commons/configuration2/JSONConfiguration.java,org.apache.commons.configuration2.JSONConfiguration,write/1[java.io.Writer],mapper,1
/home/sandro/workspace/sandro/MLCQCodeSmellSamples/scripts/../dataset/commons-configuration_34357e075d63c3634310878636f9498847badcab/src/test/java/org/apache/commons/configuration2/TestStrictConfigurationComparator.java,org.apache.commons.configuration2.TestStrictConfigurationComparator,testCompareNull/0,comparator,3
/home/sandro/workspace/sandro/MLCQCodeSmellSamples/scripts/../dataset/commons-configuration_34357e075d63c3634310878636f9498847badcab/src/test/java/org/apache/commons/configuration2/TestStrictConfigurationComparator.java,org.apache.commons.configuration2.TestStrictConfigurationComparator,testCompareNull/0,configuration,2
/home/sandro/workspace/sandro/MLCQCodeSmellSamples/scripts/../dataset/commons-configuration_34357e075d63c3634310878636f9498847badcab/src/test/java/org/apache/commons/configuration2/TestStrictConfigurationComparator.java,org.apache.commons.configuration2.TestStrictConfigurationComparator,testCompare/0,comparator,6
/home/sandro/workspace/sandro/MLCQCodeSmellSamples/scripts/../dataset/commons-configuration_34357e075d63c3634310878636f9498847badcab/src/test/java/org/apache/commons/configuration2/TestStrictConfigurationComparator.java,org.apache.commons.configuration2.TestStrictConfigurationComparator,testCompare/0,configuration,12
/home/sandro/workspace/sandro/MLCQCodeSmellSamples/scripts/../dataset/commons-configuration_34357e075d63c3634310878636f9498847badcab/src/main/java/org/apache/commons/configuration2/tree/ModelTransaction.java,org.apache.commons.configuration2.tree.ModelTransaction$ChildrenUpdateOperation,"addNodeToReplace/2[org.apache.commons.configuration2.tree.ImmutableNode,org.apache.commons.configuration2.tree.ImmutableNode]",nodesToReplace,2
/home/sandro/workspace/sandro/MLCQCodeSmellSamples/scripts/../dataset/commons-configuration_34357e075d63c3634310878636f9498847badcab/src/main/java/org/apache/commons/configuration2/tree/ModelTransaction.java,org.apache.commons.configuration2.tree.ModelTransaction$ChildrenUpdateOperation,addNodeToRemove/1[org.apache.commons.configuration2.tree.ImmutableNode],nodesToRemove,2
/home/sandro/workspace/sandro/MLCQCodeSmellSamples/scripts/../dataset/commons-configuration_34357e075d63c3634310878636f9498847badcab/src/main/java/org/apache/commons/configuration2/tree/ModelTransaction.java,org.apache.commons.configuration2.tree.ModelTransaction$ChildrenUpdateOperation,fetchRemovalSet/0,nodesToRemove,2
/home/sandro/workspace/sandro/MLCQCodeSmellSamples/scripts/../dataset/commons-configuration_34357e075d63c3634310878636f9498847badcab/src/main/java/org/apache/commons/configuration2/tree/ModelTransaction.java,org.apache.commons.configuration2.tree.ModelTransaction$ChildrenUpdateOperation,addNewNodes/1[java.util.Collection<? extends org.apache.commons.configuration2.tree.ImmutableNode>],newNodes,2
/home/sandro/workspace/sandro/MLCQCodeSmellSamples/scripts/../dataset/commons-configuration_34357e075d63c3634310878636f9498847badcab/src/main/java/org/apache/commons/configuration2/tree/ModelTransaction.java,org.apache.commons.configuration2.tree.ModelTransaction$ChildrenUpdateOperation,"apply/2[org.apache.commons.configuration2.tree.ImmutableNode,org.apache.commons.configuration2.tree.ModelTransaction.Operations]",newNodes,2
/home/sandro/workspace/sandro/MLCQCodeSmellSamples/scripts/../dataset/commons-configuration_34357e075d63c3634310878636f9498847badcab/src/main/java/org/apache/commons/configuration2/tree/ModelTransaction.java,org.apache.commons.configuration2.tree.ModelTransaction$ChildrenUpdateOperation,fetchReplacementMap/0,nodesToReplace,2
/home/sandro/workspace/sandro/MLCQCodeSmellSamples/scripts/../dataset/commons-configuration_34357e075d63c3634310878636f9498847badcab/src/main/java/org/apache/commons/configuration2/tree/ModelTransaction.java,org.apache.commons.configuration2.tree.ModelTransaction$ChildrenUpdateOperation,combine/1[org.apache.commons.configuration2.tree.ModelTransaction.ChildrenUpdateOperation],newNodes,2
/home/sandro/workspace/sandro/MLCQCodeSmellSamples/scripts/../dataset/commons-configuration_34357e075d63c3634310878636f9498847badcab/src/main/java/org/apache/commons/configuration2/tree/ModelTransaction.java,org.apache.commons.configuration2.tree.ModelTransaction$ChildrenUpdateOperation,combine/1[org.apache.commons.configuration2.tree.ModelTransaction.ChildrenUpdateOperation],nodesToRemove,2
/home/sandro/workspace/sandro/MLCQCodeSmellSamples/scripts/../dataset/commons-configuration_34357e075d63c3634310878636f9498847badcab/src/main/java/org/apache/commons/configuration2/tree/ModelTransaction.java,org.apache.commons.configuration2.tree.ModelTransaction$ChildrenUpdateOperation,combine/1[org.apache.commons.configuration2.tree.ModelTransaction.ChildrenUpdateOperation],nodesToReplace,2
/home/sandro/workspace/sandro/MLCQCodeSmellSamples/scripts/../dataset/commons-configuration_34357e075d63c3634310878636f9498847badcab/src/main/java/org/apache/commons/configuration2/tree/ModelTransaction.java,org.apache.commons.configuration2.tree.ModelTransaction$ChildrenUpdateOperation,addNewNode/1[org.apache.commons.configuration2.tree.ImmutableNode],newNodes,2
/home/sandro/workspace/sandro/MLCQCodeSmellSamples/scripts/../dataset/commons-configuration_34357e075d63c3634310878636f9498847badcab/src/main/java/org/apache/commons/configuration2/tree/TrackedNodeModel.java,org.apache.commons.configuration2.tree.TrackedNodeModel,close/0,closed,1
/home/sandro/workspace/sandro/MLCQCodeSmellSamples/scripts/../dataset/commons-configuration_34357e075d63c3634310878636f9498847badcab/src/main/java/org/apache/commons/configuration2/tree/TrackedNodeModel.java,org.apache.commons.configuration2.tree.TrackedNodeModel,getParentModelSupport/0,parentModelSupport,1
/home/sandro/workspace/sandro/MLCQCodeSmellSamples/scripts/../dataset/commons-configuration_34357e075d63c3634310878636f9498847badcab/src/main/java/org/apache/commons/configuration2/tree/TrackedNodeModel.java,org.apache.commons.configuration2.tree.TrackedNodeModel,getSelector/0,selector,1
/home/sandro/workspace/sandro/MLCQCodeSmellSamples/scripts/../dataset/commons-configuration_34357e075d63c3634310878636f9498847badcab/src/main/java/org/apache/commons/configuration2/tree/TrackedNodeModel.java,org.apache.commons.configuration2.tree.TrackedNodeModel,"TrackedNodeModel/3[org.apache.commons.configuration2.tree.InMemoryNodeModelSupport,org.apache.commons.configuration2.tree.NodeSelector,boolean]",releaseTrackedNodeOnFinalize,1
/home/sandro/workspace/sandro/MLCQCodeSmellSamples/scripts/../dataset/commons-configuration_34357e075d63c3634310878636f9498847badcab/src/main/java/org/apache/commons/configuration2/tree/TrackedNodeModel.java,org.apache.commons.configuration2.tree.TrackedNodeModel,"TrackedNodeModel/3[org.apache.commons.configuration2.tree.InMemoryNodeModelSupport,org.apache.commons.configuration2.tree.NodeSelector,boolean]",parentModelSupport,1
/home/sandro/workspace/sandro/MLCQCodeSmellSamples/scripts/../dataset/commons-configuration_34357e075d63c3634310878636f9498847badcab/src/main/java/org/apache/commons/configuration2/tree/TrackedNodeModel.java,org.apache.commons.configuration2.tree.TrackedNodeModel,"TrackedNodeModel/3[org.apache.commons.configuration2.tree.InMemoryNodeModelSupport,org.apache.commons.configuration2.tree.NodeSelector,boolean]",closed,1
/home/sandro/workspace/sandro/MLCQCodeSmellSamples/scripts/../dataset/commons-configuration_34357e075d63c3634310878636f9498847badcab/src/main/java/org/apache/commons/configuration2/tree/TrackedNodeModel.java,org.apache.commons.configuration2.tree.TrackedNodeModel,"TrackedNodeModel/3[org.apache.commons.configuration2.tree.InMemoryNodeModelSupport,org.apache.commons.configuration2.tree.NodeSelector,boolean]",selector,1
/home/sandro/workspace/sandro/MLCQCodeSmellSamples/scripts/../dataset/commons-configuration_34357e075d63c3634310878636f9498847badcab/src/main/java/org/apache/commons/configuration2/tree/TrackedNodeModel.java,org.apache.commons.configuration2.tree.TrackedNodeModel,isReleaseTrackedNodeOnFinalize/0,releaseTrackedNodeOnFinalize,1
/home/sandro/workspace/sandro/MLCQCodeSmellSamples/scripts/../dataset/commons-configuration_34357e075d63c3634310878636f9498847badcab/src/main/java/org/apache/commons/configuration2/XMLConfiguration.java,org.apache.commons.configuration2.XMLConfiguration,getPublicID/0,publicID,1
/home/sandro/workspace/sandro/MLCQCodeSmellSamples/scripts/../dataset/commons-configuration_34357e075d63c3634310878636f9498847badcab/src/main/java/org/apache/commons/configuration2/XMLConfiguration.java,org.apache.commons.configuration2.XMLConfiguration,setRootElementName/1[java.lang.String],rootElementName,1
/home/sandro/workspace/sandro/MLCQCodeSmellSamples/scripts/../dataset/commons-configuration_34357e075d63c3634310878636f9498847badcab/src/main/java/org/apache/commons/configuration2/XMLConfiguration.java,org.apache.commons.configuration2.XMLConfiguration,getSystemID/0,systemID,1
/home/sandro/workspace/sandro/MLCQCodeSmellSamples/scripts/../dataset/commons-configuration_34357e075d63c3634310878636f9498847badcab/src/main/java/org/apache/commons/configuration2/XMLConfiguration.java,org.apache.commons.configuration2.XMLConfiguration,getRootElementNameInternal/0,rootElementName,2
/home/sandro/workspace/sandro/MLCQCodeSmellSamples/scripts/../dataset/commons-configuration_34357e075d63c3634310878636f9498847badcab/src/main/java/org/apache/commons/configuration2/XMLConfiguration.java,org.apache.commons.configuration2.XMLConfiguration,getRootElementNameInternal/0,DEFAULT_ROOT_NAME,1
/home/sandro/workspace/sandro/MLCQCodeSmellSamples/scripts/../dataset/commons-configuration_34357e075d63c3634310878636f9498847badcab/src/main/java/org/apache/commons/configuration2/XMLConfiguration.java,org.apache.commons.configuration2.XMLConfiguration,initFileLocator/1[org.apache.commons.configuration2.io.FileLocator],locator,1
/home/sandro/workspace/sandro/MLCQCodeSmellSamples/scripts/../dataset/commons-configuration_34357e075d63c3634310878636f9498847badcab/src/main/java/org/apache/commons/configuration2/XMLConfiguration.java,org.apache.commons.configuration2.XMLConfiguration,"shouldTrim/2[org.w3c.dom.Element,boolean]",ATTR_SPACE,1
/home/sandro/workspace/sandro/MLCQCodeSmellSamples/scripts/../dataset/commons-configuration_34357e075d63c3634310878636f9498847badcab/src/main/java/org/apache/commons/configuration2/XMLConfiguration.java,org.apache.commons.configuration2.XMLConfiguration,"shouldTrim/2[org.w3c.dom.Element,boolean]",VALUE_PRESERVE,1
/home/sandro/workspace/sandro/MLCQCodeSmellSamples/scripts/../dataset/commons-configuration_34357e075d63c3634310878636f9498847badcab/src/main/java/org/apache/commons/configuration2/XMLConfiguration.java,org.apache.commons.configuration2.XMLConfiguration,XMLConfiguration/1[org.apache.commons.configuration2.HierarchicalConfiguration<org.apache.commons.configuration2.tree.ImmutableNode>],rootElementName,1
/home/sandro/workspace/sandro/MLCQCodeSmellSamples/scripts/../dataset/commons-configuration_34357e075d63c3634310878636f9498847badcab/src/main/java/org/apache/commons/configuration2/XMLConfiguration.java,org.apache.commons.configuration2.XMLConfiguration,"constructHierarchy/6[org.apache.commons.configuration2.tree.ImmutableNode.Builder,org.apache.commons.configuration2.MutableObject<java.lang.String>,org.w3c.dom.Element,java.util.Map<org.apache.commons.configuration2.tree.ImmutableNode,java.lang.Object>,boolean,int]",ATTR_SPACE,1
/home/sandro/workspace/sandro/MLCQCodeSmellSamples/scripts/../dataset/commons-configuration_34357e075d63c3634310878636f9498847badcab/src/main/java/org/apache/commons/configuration2/XMLConfiguration.java,org.apache.commons.configuration2.XMLConfiguration,"constructHierarchy/6[org.apache.commons.configuration2.tree.ImmutableNode.Builder,org.apache.commons.configuration2.MutableObject<java.lang.String>,org.w3c.dom.Element,java.util.Map<org.apache.commons.configuration2.tree.ImmutableNode,java.lang.Object>,boolean,int]",ATTR_SPACE_INTERNAL,2
/home/sandro/workspace/sandro/MLCQCodeSmellSamples/scripts/../dataset/commons-configuration_34357e075d63c3634310878636f9498847badcab/src/main/java/org/apache/commons/configuration2/XMLConfiguration.java,org.apache.commons.configuration2.XMLConfiguration,load/1[org.xml.sax.InputSource],locator,2
/home/sandro/workspace/sandro/MLCQCodeSmellSamples/scripts/../dataset/commons-configuration_34357e075d63c3634310878636f9498847badcab/src/main/java/org/apache/commons/configuration2/XMLConfiguration.java,org.apache.commons.configuration2.XMLConfiguration,setDocumentBuilder/1[javax.xml.parsers.DocumentBuilder],documentBuilder,4
/home/sandro/workspace/sandro/MLCQCodeSmellSamples/scripts/../dataset/commons-configuration_34357e075d63c3634310878636f9498847badcab/src/main/java/org/apache/commons/configuration2/XMLConfiguration.java,org.apache.commons.configuration2.XMLConfiguration,setValidating/1[boolean],validating,4
/home/sandro/workspace/sandro/MLCQCodeSmellSamples/scripts/../dataset/commons-configuration_34357e075d63c3634310878636f9498847badcab/src/main/java/org/apache/commons/configuration2/XMLConfiguration.java,org.apache.commons.configuration2.XMLConfiguration,setValidating/1[boolean],schemaValidation,1
/home/sandro/workspace/sandro/MLCQCodeSmellSamples/scripts/../dataset/commons-configuration_34357e075d63c3634310878636f9498847badcab/src/main/java/org/apache/commons/configuration2/XMLConfiguration.java,org.apache.commons.configuration2.XMLConfiguration,getDocumentBuilder/0,documentBuilder,1
/home/sandro/workspace/sandro/MLCQCodeSmellSamples/scripts/../dataset/commons-configuration_34357e075d63c3634310878636f9498847badcab/src/main/java/org/apache/commons/configuration2/XMLConfiguration.java,org.apache.commons.configuration2.XMLConfiguration,setSchemaValidation/1[boolean],validating,1
/home/sandro/workspace/sandro/MLCQCodeSmellSamples/scripts/../dataset/commons-configuration_34357e075d63c3634310878636f9498847badcab/src/main/java/org/apache/commons/configuration2/XMLConfiguration.java,org.apache.commons.configuration2.XMLConfiguration,setSchemaValidation/1[boolean],schemaValidation,5
/home/sandro/workspace/sandro/MLCQCodeSmellSamples/scripts/../dataset/commons-configuration_34357e075d63c3634310878636f9498847badcab/src/main/java/org/apache/commons/configuration2/XMLConfiguration.java,org.apache.commons.configuration2.XMLConfiguration,setSystemID/1[java.lang.String],systemID,4
/home/sandro/workspace/sandro/MLCQCodeSmellSamples/scripts/../dataset/commons-configuration_34357e075d63c3634310878636f9498847badcab/src/main/java/org/apache/commons/configuration2/XMLConfiguration.java,org.apache.commons.configuration2.XMLConfiguration,createDocumentBuilder/0,entityResolver,1
/home/sandro/workspace/sandro/MLCQCodeSmellSamples/scripts/../dataset/commons-configuration_34357e075d63c3634310878636f9498847badcab/src/main/java/org/apache/commons/configuration2/XMLConfiguration.java,org.apache.commons.configuration2.XMLConfiguration,createDocumentBuilder/0,JAXP_SCHEMA_LANGUAGE,1
/home/sandro/workspace/sandro/MLCQCodeSmellSamples/scripts/../dataset/commons-configuration_34357e075d63c3634310878636f9498847badcab/src/main/java/org/apache/commons/configuration2/XMLConfiguration.java,org.apache.commons.configuration2.XMLConfiguration,createDocumentBuilder/0,W3C_XML_SCHEMA,1
/home/sandro/workspace/sandro/MLCQCodeSmellSamples/scripts/../dataset/commons-configuration_34357e075d63c3634310878636f9498847badcab/src/main/java/org/apache/commons/configuration2/XMLConfiguration.java,org.apache.commons.configuration2.XMLConfiguration,setEntityResolver/1[org.xml.sax.EntityResolver],entityResolver,1
/home/sandro/workspace/sandro/MLCQCodeSmellSamples/scripts/../dataset/commons-configuration_34357e075d63c3634310878636f9498847badcab/src/main/java/org/apache/commons/configuration2/XMLConfiguration.java,org.apache.commons.configuration2.XMLConfiguration,isValidating/0,validating,1
/home/sandro/workspace/sandro/MLCQCodeSmellSamples/scripts/../dataset/commons-configuration_34357e075d63c3634310878636f9498847badcab/src/main/java/org/apache/commons/configuration2/XMLConfiguration.java,org.apache.commons.configuration2.XMLConfiguration,setPublicID/1[java.lang.String],publicID,4
/home/sandro/workspace/sandro/MLCQCodeSmellSamples/scripts/../dataset/commons-configuration_34357e075d63c3634310878636f9498847badcab/src/main/java/org/apache/commons/configuration2/XMLConfiguration.java,org.apache.commons.configuration2.XMLConfiguration,getEntityResolver/0,entityResolver,1
/home/sandro/workspace/sandro/MLCQCodeSmellSamples/scripts/../dataset/commons-configuration_34357e075d63c3634310878636f9498847badcab/src/main/java/org/apache/commons/configuration2/XMLConfiguration.java,org.apache.commons.configuration2.XMLConfiguration,isSchemaValidation/0,schemaValidation,1
/home/sandro/workspace/sandro/MLCQCodeSmellSamples/scripts/../dataset/commons-configuration_34357e075d63c3634310878636f9498847badcab/src/main/java/org/apache/commons/configuration2/XMLConfiguration.java,org.apache.commons.configuration2.XMLConfiguration,"initProperties/2[org.apache.commons.configuration2.XMLDocumentHelper,boolean]",ATTR_SPACE_INTERNAL,1
/home/sandro/workspace/sandro/MLCQCodeSmellSamples/scripts/../dataset/commons-configuration_34357e075d63c3634310878636f9498847badcab/src/main/java/org/apache/commons/configuration2/XMLConfiguration.java,org.apache.commons.configuration2.XMLConfiguration,createTransformer/0,systemID,2
/home/sandro/workspace/sandro/MLCQCodeSmellSamples/scripts/../dataset/commons-configuration_34357e075d63c3634310878636f9498847badcab/src/main/java/org/apache/commons/configuration2/XMLConfiguration.java,org.apache.commons.configuration2.XMLConfiguration,createTransformer/0,locator,2
/home/sandro/workspace/sandro/MLCQCodeSmellSamples/scripts/../dataset/commons-configuration_34357e075d63c3634310878636f9498847badcab/src/main/java/org/apache/commons/configuration2/XMLConfiguration.java,org.apache.commons.configuration2.XMLConfiguration,createTransformer/0,publicID,2
/home/sandro/workspace/sandro/MLCQCodeSmellSamples/scripts/../dataset/commons-configuration_34357e075d63c3634310878636f9498847badcab/src/test/java/org/apache/commons/configuration2/tree/TestNodeSelector.java,org.apache.commons.configuration2.tree.TestNodeSelector,testSelectIgnoreAttributeResults/0,handler,2
/home/sandro/workspace/sandro/MLCQCodeSmellSamples/scripts/../dataset/commons-configuration_34357e075d63c3634310878636f9498847badcab/src/test/java/org/apache/commons/configuration2/tree/TestNodeSelector.java,org.apache.commons.configuration2.tree.TestNodeSelector,testSelectIgnoreAttributeResults/0,root,5
/home/sandro/workspace/sandro/MLCQCodeSmellSamples/scripts/../dataset/commons-configuration_34357e075d63c3634310878636f9498847badcab/src/test/java/org/apache/commons/configuration2/tree/TestNodeSelector.java,org.apache.commons.configuration2.tree.TestNodeSelector,testSelectIgnoreAttributeResults/0,KEY,2
/home/sandro/workspace/sandro/MLCQCodeSmellSamples/scripts/../dataset/commons-configuration_34357e075d63c3634310878636f9498847badcab/src/test/java/org/apache/commons/configuration2/tree/TestNodeSelector.java,org.apache.commons.configuration2.tree.TestNodeSelector,testEqualsOtherObjects/0,KEY,1
/home/sandro/workspace/sandro/MLCQCodeSmellSamples/scripts/../dataset/commons-configuration_34357e075d63c3634310878636f9498847badcab/src/test/java/org/apache/commons/configuration2/tree/TestNodeSelector.java,org.apache.commons.configuration2.tree.TestNodeSelector,testSelectSingleKeySuccess/0,resolver,1
/home/sandro/workspace/sandro/MLCQCodeSmellSamples/scripts/../dataset/commons-configuration_34357e075d63c3634310878636f9498847badcab/src/test/java/org/apache/commons/configuration2/tree/TestNodeSelector.java,org.apache.commons.configuration2.tree.TestNodeSelector,testSelectSingleKeySuccess/0,handler,1
/home/sandro/workspace/sandro/MLCQCodeSmellSamples/scripts/../dataset/commons-configuration_34357e075d63c3634310878636f9498847badcab/src/test/java/org/apache/commons/configuration2/tree/TestNodeSelector.java,org.apache.commons.configuration2.tree.TestNodeSelector,testSelectSingleKeySuccess/0,root,1
/home/sandro/workspace/sandro/MLCQCodeSmellSamples/scripts/../dataset/commons-configuration_34357e075d63c3634310878636f9498847badcab/src/test/java/org/apache/commons/configuration2/tree/TestNodeSelector.java,org.apache.commons.configuration2.tree.TestNodeSelector,testSelectSubKey/0,resolver,1
/home/sandro/workspace/sandro/MLCQCodeSmellSamples/scripts/../dataset/commons-configuration_34357e075d63c3634310878636f9498847badcab/src/test/java/org/apache/commons/configuration2/tree/TestNodeSelector.java,org.apache.commons.configuration2.tree.TestNodeSelector,testSelectSubKey/0,handler,1
/home/sandro/workspace/sandro/MLCQCodeSmellSamples/scripts/../dataset/commons-configuration_34357e075d63c3634310878636f9498847badcab/src/test/java/org/apache/commons/configuration2/tree/TestNodeSelector.java,org.apache.commons.configuration2.tree.TestNodeSelector,testSelectSubKey/0,root,1
/home/sandro/workspace/sandro/MLCQCodeSmellSamples/scripts/../dataset/commons-configuration_34357e075d63c3634310878636f9498847badcab/src/test/java/org/apache/commons/configuration2/tree/TestNodeSelector.java,org.apache.commons.configuration2.tree.TestNodeSelector,testSelectSubKeyComplexEvaluation/0,resolver,1
/home/sandro/workspace/sandro/MLCQCodeSmellSamples/scripts/../dataset/commons-configuration_34357e075d63c3634310878636f9498847badcab/src/test/java/org/apache/commons/configuration2/tree/TestNodeSelector.java,org.apache.commons.configuration2.tree.TestNodeSelector,testSelectSubKeyComplexEvaluation/0,handler,1
/home/sandro/workspace/sandro/MLCQCodeSmellSamples/scripts/../dataset/commons-configuration_34357e075d63c3634310878636f9498847badcab/src/test/java/org/apache/commons/configuration2/tree/TestNodeSelector.java,org.apache.commons.configuration2.tree.TestNodeSelector,testSelectSubKeyComplexEvaluation/0,root,1
/home/sandro/workspace/sandro/MLCQCodeSmellSamples/scripts/../dataset/commons-configuration_34357e075d63c3634310878636f9498847badcab/src/test/java/org/apache/commons/configuration2/tree/TestNodeSelector.java,org.apache.commons.configuration2.tree.TestNodeSelector,testToString/0,KEY,2
/home/sandro/workspace/sandro/MLCQCodeSmellSamples/scripts/../dataset/commons-configuration_34357e075d63c3634310878636f9498847badcab/src/test/java/org/apache/commons/configuration2/tree/TestNodeSelector.java,org.apache.commons.configuration2.tree.TestNodeSelector,testSelectMultipleTargets/0,resolver,1
/home/sandro/workspace/sandro/MLCQCodeSmellSamples/scripts/../dataset/commons-configuration_34357e075d63c3634310878636f9498847badcab/src/test/java/org/apache/commons/configuration2/tree/TestNodeSelector.java,org.apache.commons.configuration2.tree.TestNodeSelector,testSelectMultipleTargets/0,handler,1
/home/sandro/workspace/sandro/MLCQCodeSmellSamples/scripts/../dataset/commons-configuration_34357e075d63c3634310878636f9498847badcab/src/test/java/org/apache/commons/configuration2/tree/TestNodeSelector.java,org.apache.commons.configuration2.tree.TestNodeSelector,testSelectMultipleTargets/0,root,1
/home/sandro/workspace/sandro/MLCQCodeSmellSamples/scripts/../dataset/commons-configuration_34357e075d63c3634310878636f9498847badcab/src/test/java/org/apache/commons/configuration2/tree/TestNodeSelector.java,org.apache.commons.configuration2.tree.TestNodeSelector,testSelectSingleAttributeKey/0,handler,2
/home/sandro/workspace/sandro/MLCQCodeSmellSamples/scripts/../dataset/commons-configuration_34357e075d63c3634310878636f9498847badcab/src/test/java/org/apache/commons/configuration2/tree/TestNodeSelector.java,org.apache.commons.configuration2.tree.TestNodeSelector,testSelectSingleAttributeKey/0,root,3
/home/sandro/workspace/sandro/MLCQCodeSmellSamples/scripts/../dataset/commons-configuration_34357e075d63c3634310878636f9498847badcab/src/test/java/org/apache/commons/configuration2/tree/TestNodeSelector.java,org.apache.commons.configuration2.tree.TestNodeSelector,testSelectSingleAttributeKey/0,KEY,3
/home/sandro/workspace/sandro/MLCQCodeSmellSamples/scripts/../dataset/commons-configuration_34357e075d63c3634310878636f9498847badcab/src/test/java/org/apache/commons/configuration2/tree/TestNodeSelector.java,org.apache.commons.configuration2.tree.TestNodeSelector,testEqualsTrue/0,KEY,2
/home/sandro/workspace/sandro/MLCQCodeSmellSamples/scripts/../dataset/commons-configuration_34357e075d63c3634310878636f9498847badcab/src/test/java/org/apache/commons/configuration2/tree/TestNodeSelector.java,org.apache.commons.configuration2.tree.TestNodeSelector,testEqualsFalse/0,KEY,4
/home/sandro/workspace/sandro/MLCQCodeSmellSamples/scripts/../dataset/commons-configuration_34357e075d63c3634310878636f9498847badcab/src/test/java/org/apache/commons/configuration2/tree/TestNodeSelector.java,org.apache.commons.configuration2.tree.TestNodeSelector,testSelectSubKeyMultipleResults/0,resolver,1
/home/sandro/workspace/sandro/MLCQCodeSmellSamples/scripts/../dataset/commons-configuration_34357e075d63c3634310878636f9498847badcab/src/test/java/org/apache/commons/configuration2/tree/TestNodeSelector.java,org.apache.commons.configuration2.tree.TestNodeSelector,testSelectSubKeyMultipleResults/0,handler,1
/home/sandro/workspace/sandro/MLCQCodeSmellSamples/scripts/../dataset/commons-configuration_34357e075d63c3634310878636f9498847badcab/src/test/java/org/apache/commons/configuration2/tree/TestNodeSelector.java,org.apache.commons.configuration2.tree.TestNodeSelector,testSelectSubKeyMultipleResults/0,root,1
/home/sandro/workspace/sandro/MLCQCodeSmellSamples/scripts/../dataset/commons-configuration_34357e075d63c3634310878636f9498847badcab/src/test/java/org/apache/commons/configuration2/tree/TestNodeSelector.java,org.apache.commons.configuration2.tree.TestNodeSelector,setUpBeforeClass/0,resolver,1
/home/sandro/workspace/sandro/MLCQCodeSmellSamples/scripts/../dataset/commons-configuration_34357e075d63c3634310878636f9498847badcab/src/test/java/org/apache/commons/configuration2/tree/TestNodeSelector.java,org.apache.commons.configuration2.tree.TestNodeSelector,setUpBeforeClass/0,handler,1
/home/sandro/workspace/sandro/MLCQCodeSmellSamples/scripts/../dataset/commons-configuration_34357e075d63c3634310878636f9498847badcab/src/test/java/org/apache/commons/configuration2/tree/TestNodeSelector.java,org.apache.commons.configuration2.tree.TestNodeSelector,setUpBeforeClass/0,root,1
/home/sandro/workspace/sandro/MLCQCodeSmellSamples/scripts/../dataset/commons-configuration_34357e075d63c3634310878636f9498847badcab/src/test/java/org/apache/commons/configuration2/tree/TestNodeSelector.java,org.apache.commons.configuration2.tree.TestNodeSelector,testSelectSubKeyUnknown/0,resolver,1
/home/sandro/workspace/sandro/MLCQCodeSmellSamples/scripts/../dataset/commons-configuration_34357e075d63c3634310878636f9498847badcab/src/test/java/org/apache/commons/configuration2/tree/TestNodeSelector.java,org.apache.commons.configuration2.tree.TestNodeSelector,testSelectSubKeyUnknown/0,handler,1
/home/sandro/workspace/sandro/MLCQCodeSmellSamples/scripts/../dataset/commons-configuration_34357e075d63c3634310878636f9498847badcab/src/test/java/org/apache/commons/configuration2/tree/TestNodeSelector.java,org.apache.commons.configuration2.tree.TestNodeSelector,testSelectSubKeyUnknown/0,root,1
/home/sandro/workspace/sandro/MLCQCodeSmellSamples/scripts/../dataset/commons-configuration_34357e075d63c3634310878636f9498847badcab/src/test/java/org/apache/commons/configuration2/TestCombinedConfiguration.java,org.apache.commons.configuration2.TestCombinedConfiguration,testGetSourceNull/0,config,1
/home/sandro/workspace/sandro/MLCQCodeSmellSamples/scripts/../dataset/commons-configuration_34357e075d63c3634310878636f9498847badcab/src/test/java/org/apache/commons/configuration2/TestCombinedConfiguration.java,org.apache.commons.configuration2.TestCombinedConfiguration,testRemoveNamedConfigurationAt/0,TEST_NAME,1
/home/sandro/workspace/sandro/MLCQCodeSmellSamples/scripts/../dataset/commons-configuration_34357e075d63c3634310878636f9498847badcab/src/test/java/org/apache/commons/configuration2/TestCombinedConfiguration.java,org.apache.commons.configuration2.TestCombinedConfiguration,testRemoveNamedConfigurationAt/0,config,2
/home/sandro/workspace/sandro/MLCQCodeSmellSamples/scripts/../dataset/commons-configuration_34357e075d63c3634310878636f9498847badcab/src/test/java/org/apache/commons/configuration2/TestCombinedConfiguration.java,org.apache.commons.configuration2.TestCombinedConfiguration,checkAddConfig/1[org.apache.commons.configuration2.AbstractConfiguration],config,1
/home/sandro/workspace/sandro/MLCQCodeSmellSamples/scripts/../dataset/commons-configuration_34357e075d63c3634310878636f9498847badcab/src/test/java/org/apache/commons/configuration2/TestCombinedConfiguration.java,org.apache.commons.configuration2.TestCombinedConfiguration,testGetSourceWithCombinedChildConfiguration/0,TEST_KEY,1
/home/sandro/workspace/sandro/MLCQCodeSmellSamples/scripts/../dataset/commons-configuration_34357e075d63c3634310878636f9498847badcab/src/test/java/org/apache/commons/configuration2/TestCombinedConfiguration.java,org.apache.commons.configuration2.TestCombinedConfiguration,testGetSourceWithCombinedChildConfiguration/0,config,2
/home/sandro/workspace/sandro/MLCQCodeSmellSamples/scripts/../dataset/commons-configuration_34357e075d63c3634310878636f9498847badcab/src/test/java/org/apache/commons/configuration2/TestCombinedConfiguration.java,org.apache.commons.configuration2.TestCombinedConfiguration,setUpSubConfigTest/0,config,3
/home/sandro/workspace/sandro/MLCQCodeSmellSamples/scripts/../dataset/commons-configuration_34357e075d63c3634310878636f9498847badcab/src/test/java/org/apache/commons/configuration2/TestCombinedConfiguration.java,org.apache.commons.configuration2.TestCombinedConfiguration,setUpSubConfigTest/0,SUB_KEY,1
/home/sandro/workspace/sandro/MLCQCodeSmellSamples/scripts/../dataset/commons-configuration_34357e075d63c3634310878636f9498847badcab/src/test/java/org/apache/commons/configuration2/TestCombinedConfiguration.java,org.apache.commons.configuration2.TestCombinedConfiguration,checkCombinedRootNotConstructed/0,config,1
/home/sandro/workspace/sandro/MLCQCodeSmellSamples/scripts/../dataset/commons-configuration_34357e075d63c3634310878636f9498847badcab/src/test/java/org/apache/commons/configuration2/TestCombinedConfiguration.java,org.apache.commons.configuration2.TestCombinedConfiguration,testGetSourceNonHierarchical/0,CHILD2,1
/home/sandro/workspace/sandro/MLCQCodeSmellSamples/scripts/../dataset/commons-configuration_34357e075d63c3634310878636f9498847badcab/src/test/java/org/apache/commons/configuration2/TestCombinedConfiguration.java,org.apache.commons.configuration2.TestCombinedConfiguration,testGetSourceNonHierarchical/0,config,2
/home/sandro/workspace/sandro/MLCQCodeSmellSamples/scripts/../dataset/commons-configuration_34357e075d63c3634310878636f9498847badcab/src/test/java/org/apache/commons/configuration2/TestCombinedConfiguration.java,org.apache.commons.configuration2.TestCombinedConfiguration,testGetConversionExpressionEngineSynchronized/0,config,1
/home/sandro/workspace/sandro/MLCQCodeSmellSamples/scripts/../dataset/commons-configuration_34357e075d63c3634310878636f9498847badcab/src/test/java/org/apache/commons/configuration2/TestCombinedConfiguration.java,org.apache.commons.configuration2.TestCombinedConfiguration,testCombinedCopyToXML/0,config,4
/home/sandro/workspace/sandro/MLCQCodeSmellSamples/scripts/../dataset/commons-configuration_34357e075d63c3634310878636f9498847badcab/src/test/java/org/apache/commons/configuration2/TestCombinedConfiguration.java,org.apache.commons.configuration2.TestCombinedConfiguration,setUpSynchronizerTest/0,config,1
/home/sandro/workspace/sandro/MLCQCodeSmellSamples/scripts/../dataset/commons-configuration_34357e075d63c3634310878636f9498847badcab/src/test/java/org/apache/commons/configuration2/TestCombinedConfiguration.java,org.apache.commons.configuration2.TestCombinedConfiguration,testAccessPropertyEmpty/0,TEST_KEY,1
/home/sandro/workspace/sandro/MLCQCodeSmellSamples/scripts/../dataset/commons-configuration_34357e075d63c3634310878636f9498847badcab/src/test/java/org/apache/commons/configuration2/TestCombinedConfiguration.java,org.apache.commons.configuration2.TestCombinedConfiguration,testAccessPropertyEmpty/0,config,3
/home/sandro/workspace/sandro/MLCQCodeSmellSamples/scripts/../dataset/commons-configuration_34357e075d63c3634310878636f9498847badcab/src/test/java/org/apache/commons/configuration2/TestCombinedConfiguration.java,org.apache.commons.configuration2.TestCombinedConfiguration,testAccessPropertyMulti/0,listener,1
/home/sandro/workspace/sandro/MLCQCodeSmellSamples/scripts/../dataset/commons-configuration_34357e075d63c3634310878636f9498847badcab/src/test/java/org/apache/commons/configuration2/TestCombinedConfiguration.java,org.apache.commons.configuration2.TestCombinedConfiguration,testAccessPropertyMulti/0,TEST_KEY,3
/home/sandro/workspace/sandro/MLCQCodeSmellSamples/scripts/../dataset/commons-configuration_34357e075d63c3634310878636f9498847badcab/src/test/java/org/apache/commons/configuration2/TestCombinedConfiguration.java,org.apache.commons.configuration2.TestCombinedConfiguration,testAccessPropertyMulti/0,config,7
/home/sandro/workspace/sandro/MLCQCodeSmellSamples/scripts/../dataset/commons-configuration_34357e075d63c3634310878636f9498847badcab/src/test/java/org/apache/commons/configuration2/TestCombinedConfiguration.java,org.apache.commons.configuration2.TestCombinedConfiguration,testGetNodeCombinerSynchronized/0,config,1
/home/sandro/workspace/sandro/MLCQCodeSmellSamples/scripts/../dataset/commons-configuration_34357e075d63c3634310878636f9498847badcab/src/test/java/org/apache/commons/configuration2/TestCombinedConfiguration.java,org.apache.commons.configuration2.TestCombinedConfiguration,testGetConfigurationByIdxSynchronized/0,config,1
/home/sandro/workspace/sandro/MLCQCodeSmellSamples/scripts/../dataset/commons-configuration_34357e075d63c3634310878636f9498847badcab/src/test/java/org/apache/commons/configuration2/TestCombinedConfiguration.java,org.apache.commons.configuration2.TestCombinedConfiguration,testRemoveNamedConfiguration/0,TEST_NAME,1
/home/sandro/workspace/sandro/MLCQCodeSmellSamples/scripts/../dataset/commons-configuration_34357e075d63c3634310878636f9498847badcab/src/test/java/org/apache/commons/configuration2/TestCombinedConfiguration.java,org.apache.commons.configuration2.TestCombinedConfiguration,testRemoveNamedConfiguration/0,config,2
/home/sandro/workspace/sandro/MLCQCodeSmellSamples/scripts/../dataset/commons-configuration_34357e075d63c3634310878636f9498847badcab/src/test/java/org/apache/commons/configuration2/TestCombinedConfiguration.java,org.apache.commons.configuration2.TestCombinedConfiguration,testRemoveConfigurationByUnknownName/0,listener,1
/home/sandro/workspace/sandro/MLCQCodeSmellSamples/scripts/../dataset/commons-configuration_34357e075d63c3634310878636f9498847badcab/src/test/java/org/apache/commons/configuration2/TestCombinedConfiguration.java,org.apache.commons.configuration2.TestCombinedConfiguration,testRemoveConfigurationByUnknownName/0,config,1
/home/sandro/workspace/sandro/MLCQCodeSmellSamples/scripts/../dataset/commons-configuration_34357e075d63c3634310878636f9498847badcab/src/test/java/org/apache/commons/configuration2/TestCombinedConfiguration.java,org.apache.commons.configuration2.TestCombinedConfiguration,testAddConfiguration/0,listener,1
/home/sandro/workspace/sandro/MLCQCodeSmellSamples/scripts/../dataset/commons-configuration_34357e075d63c3634310878636f9498847badcab/src/test/java/org/apache/commons/configuration2/TestCombinedConfiguration.java,org.apache.commons.configuration2.TestCombinedConfiguration,testAddConfiguration/0,TEST_KEY,1
/home/sandro/workspace/sandro/MLCQCodeSmellSamples/scripts/../dataset/commons-configuration_34357e075d63c3634310878636f9498847badcab/src/test/java/org/apache/commons/configuration2/TestCombinedConfiguration.java,org.apache.commons.configuration2.TestCombinedConfiguration,testAddConfiguration/0,config,5
/home/sandro/workspace/sandro/MLCQCodeSmellSamples/scripts/../dataset/commons-configuration_34357e075d63c3634310878636f9498847badcab/src/test/java/org/apache/commons/configuration2/TestCombinedConfiguration.java,org.apache.commons.configuration2.TestCombinedConfiguration,testCloneSynchronized/0,config,4
/home/sandro/workspace/sandro/MLCQCodeSmellSamples/scripts/../dataset/commons-configuration_34357e075d63c3634310878636f9498847badcab/src/test/java/org/apache/commons/configuration2/TestCombinedConfiguration.java,org.apache.commons.configuration2.TestCombinedConfiguration,testAddNullConfiguration/0,config,1
/home/sandro/workspace/sandro/MLCQCodeSmellSamples/scripts/../dataset/commons-configuration_34357e075d63c3634310878636f9498847badcab/src/test/java/org/apache/commons/configuration2/TestCombinedConfiguration.java,org.apache.commons.configuration2.TestCombinedConfiguration,testClear/0,TEST_NAME,1
/home/sandro/workspace/sandro/MLCQCodeSmellSamples/scripts/../dataset/commons-configuration_34357e075d63c3634310878636f9498847badcab/src/test/java/org/apache/commons/configuration2/TestCombinedConfiguration.java,org.apache.commons.configuration2.TestCombinedConfiguration,testClear/0,listener,1
/home/sandro/workspace/sandro/MLCQCodeSmellSamples/scripts/../dataset/commons-configuration_34357e075d63c3634310878636f9498847badcab/src/test/java/org/apache/commons/configuration2/TestCombinedConfiguration.java,org.apache.commons.configuration2.TestCombinedConfiguration,testClear/0,config,6
/home/sandro/workspace/sandro/MLCQCodeSmellSamples/scripts/../dataset/commons-configuration_34357e075d63c3634310878636f9498847badcab/src/test/java/org/apache/commons/configuration2/TestCombinedConfiguration.java,org.apache.commons.configuration2.TestCombinedConfiguration,testGetConfigurationNamesSynchronized/0,config,1
/home/sandro/workspace/sandro/MLCQCodeSmellSamples/scripts/../dataset/commons-configuration_34357e075d63c3634310878636f9498847badcab/src/test/java/org/apache/commons/configuration2/TestCombinedConfiguration.java,org.apache.commons.configuration2.TestCombinedConfiguration,testRemoveConfigurationByName/0,TEST_NAME,2
/home/sandro/workspace/sandro/MLCQCodeSmellSamples/scripts/../dataset/commons-configuration_34357e075d63c3634310878636f9498847badcab/src/test/java/org/apache/commons/configuration2/TestCombinedConfiguration.java,org.apache.commons.configuration2.TestCombinedConfiguration,testRemoveConfigurationByName/0,config,2
/home/sandro/workspace/sandro/MLCQCodeSmellSamples/scripts/../dataset/commons-configuration_34357e075d63c3634310878636f9498847badcab/src/test/java/org/apache/commons/configuration2/TestCombinedConfiguration.java,org.apache.commons.configuration2.TestCombinedConfiguration,testConversionExpressionEngine/0,config,6
/home/sandro/workspace/sandro/MLCQCodeSmellSamples/scripts/../dataset/commons-configuration_34357e075d63c3634310878636f9498847badcab/src/test/java/org/apache/commons/configuration2/TestCombinedConfiguration.java,org.apache.commons.configuration2.TestCombinedConfiguration,testGetSourceCombined/0,config,3
/home/sandro/workspace/sandro/MLCQCodeSmellSamples/scripts/../dataset/commons-configuration_34357e075d63c3634310878636f9498847badcab/src/test/java/org/apache/commons/configuration2/TestCombinedConfiguration.java,org.apache.commons.configuration2.TestCombinedConfiguration,setUpTestConfiguration/0,TEST_KEY,1
/home/sandro/workspace/sandro/MLCQCodeSmellSamples/scripts/../dataset/commons-configuration_34357e075d63c3634310878636f9498847badcab/src/test/java/org/apache/commons/configuration2/TestCombinedConfiguration.java,org.apache.commons.configuration2.TestCombinedConfiguration,testGetConfigurationNameList/0,TEST_NAME,2
/home/sandro/workspace/sandro/MLCQCodeSmellSamples/scripts/../dataset/commons-configuration_34357e075d63c3634310878636f9498847badcab/src/test/java/org/apache/commons/configuration2/TestCombinedConfiguration.java,org.apache.commons.configuration2.TestCombinedConfiguration,testGetConfigurationNameList/0,config,4
/home/sandro/workspace/sandro/MLCQCodeSmellSamples/scripts/../dataset/commons-configuration_34357e075d63c3634310878636f9498847badcab/src/test/java/org/apache/commons/configuration2/TestCombinedConfiguration.java,org.apache.commons.configuration2.TestCombinedConfiguration,testRemoveNonContainedConfiguration/0,listener,1
/home/sandro/workspace/sandro/MLCQCodeSmellSamples/scripts/../dataset/commons-configuration_34357e075d63c3634310878636f9498847badcab/src/test/java/org/apache/commons/configuration2/TestCombinedConfiguration.java,org.apache.commons.configuration2.TestCombinedConfiguration,testRemoveNonContainedConfiguration/0,config,1
/home/sandro/workspace/sandro/MLCQCodeSmellSamples/scripts/../dataset/commons-configuration_34357e075d63c3634310878636f9498847badcab/src/test/java/org/apache/commons/configuration2/TestCombinedConfiguration.java,org.apache.commons.configuration2.TestCombinedConfiguration,checkConfigurationsAt/1[boolean],TEST_KEY,1
/home/sandro/workspace/sandro/MLCQCodeSmellSamples/scripts/../dataset/commons-configuration_34357e075d63c3634310878636f9498847badcab/src/test/java/org/apache/commons/configuration2/TestCombinedConfiguration.java,org.apache.commons.configuration2.TestCombinedConfiguration,checkConfigurationsAt/1[boolean],config,1
/home/sandro/workspace/sandro/MLCQCodeSmellSamples/scripts/../dataset/commons-configuration_34357e075d63c3634310878636f9498847badcab/src/test/java/org/apache/commons/configuration2/TestCombinedConfiguration.java,org.apache.commons.configuration2.TestCombinedConfiguration,checkConfigurationsAt/1[boolean],SUB_KEY,1
/home/sandro/workspace/sandro/MLCQCodeSmellSamples/scripts/../dataset/commons-configuration_34357e075d63c3634310878636f9498847badcab/src/test/java/org/apache/commons/configuration2/TestCombinedConfiguration.java,org.apache.commons.configuration2.TestCombinedConfiguration,testGetSourcesUnknownKey/0,config,1
/home/sandro/workspace/sandro/MLCQCodeSmellSamples/scripts/../dataset/commons-configuration_34357e075d63c3634310878636f9498847badcab/src/test/java/org/apache/commons/configuration2/TestCombinedConfiguration.java,org.apache.commons.configuration2.TestCombinedConfiguration,testGetSourceMultiSources/0,CHILD1,1
/home/sandro/workspace/sandro/MLCQCodeSmellSamples/scripts/../dataset/commons-configuration_34357e075d63c3634310878636f9498847badcab/src/test/java/org/apache/commons/configuration2/TestCombinedConfiguration.java,org.apache.commons.configuration2.TestCombinedConfiguration,testGetSourceMultiSources/0,CHILD2,1
/home/sandro/workspace/sandro/MLCQCodeSmellSamples/scripts/../dataset/commons-configuration_34357e075d63c3634310878636f9498847badcab/src/test/java/org/apache/commons/configuration2/TestCombinedConfiguration.java,org.apache.commons.configuration2.TestCombinedConfiguration,testGetSourceMultiSources/0,config,3
/home/sandro/workspace/sandro/MLCQCodeSmellSamples/scripts/../dataset/commons-configuration_34357e075d63c3634310878636f9498847badcab/src/test/java/org/apache/commons/configuration2/TestCombinedConfiguration.java,org.apache.commons.configuration2.TestCombinedConfiguration,testGetConfigurationByNameSynchronized/0,CHILD1,1
/home/sandro/workspace/sandro/MLCQCodeSmellSamples/scripts/../dataset/commons-configuration_34357e075d63c3634310878636f9498847badcab/src/test/java/org/apache/commons/configuration2/TestCombinedConfiguration.java,org.apache.commons.configuration2.TestCombinedConfiguration,testGetConfigurationByNameSynchronized/0,config,1
/home/sandro/workspace/sandro/MLCQCodeSmellSamples/scripts/../dataset/commons-configuration_34357e075d63c3634310878636f9498847badcab/src/test/java/org/apache/commons/configuration2/TestCombinedConfiguration.java,org.apache.commons.configuration2.TestCombinedConfiguration,testGetSourceMulti/0,CHILD1,2
/home/sandro/workspace/sandro/MLCQCodeSmellSamples/scripts/../dataset/commons-configuration_34357e075d63c3634310878636f9498847badcab/src/test/java/org/apache/commons/configuration2/TestCombinedConfiguration.java,org.apache.commons.configuration2.TestCombinedConfiguration,testGetSourceMulti/0,config,3
/home/sandro/workspace/sandro/MLCQCodeSmellSamples/scripts/../dataset/commons-configuration_34357e075d63c3634310878636f9498847badcab/src/test/java/org/apache/commons/configuration2/TestCombinedConfiguration.java,org.apache.commons.configuration2.TestCombinedConfiguration,testUpdateContainedConfiguration/0,listener,1
/home/sandro/workspace/sandro/MLCQCodeSmellSamples/scripts/../dataset/commons-configuration_34357e075d63c3634310878636f9498847badcab/src/test/java/org/apache/commons/configuration2/TestCombinedConfiguration.java,org.apache.commons.configuration2.TestCombinedConfiguration,testUpdateContainedConfiguration/0,config,2
/home/sandro/workspace/sandro/MLCQCodeSmellSamples/scripts/../dataset/commons-configuration_34357e075d63c3634310878636f9498847badcab/src/test/java/org/apache/commons/configuration2/TestCombinedConfiguration.java,org.apache.commons.configuration2.TestCombinedConfiguration,testGetSourcesMultiSources/0,CHILD1,2
/home/sandro/workspace/sandro/MLCQCodeSmellSamples/scripts/../dataset/commons-configuration_34357e075d63c3634310878636f9498847badcab/src/test/java/org/apache/commons/configuration2/TestCombinedConfiguration.java,org.apache.commons.configuration2.TestCombinedConfiguration,testGetSourcesMultiSources/0,CHILD2,2
/home/sandro/workspace/sandro/MLCQCodeSmellSamples/scripts/../dataset/commons-configuration_34357e075d63c3634310878636f9498847badcab/src/test/java/org/apache/commons/configuration2/TestCombinedConfiguration.java,org.apache.commons.configuration2.TestCombinedConfiguration,testGetSourcesMultiSources/0,config,5
/home/sandro/workspace/sandro/MLCQCodeSmellSamples/scripts/../dataset/commons-configuration_34357e075d63c3634310878636f9498847badcab/src/test/java/org/apache/commons/configuration2/TestCombinedConfiguration.java,org.apache.commons.configuration2.TestCombinedConfiguration,testGetConfigurationsSynchronized/0,config,1
/home/sandro/workspace/sandro/MLCQCodeSmellSamples/scripts/../dataset/commons-configuration_34357e075d63c3634310878636f9498847badcab/src/test/java/org/apache/commons/configuration2/TestCombinedConfiguration.java,org.apache.commons.configuration2.TestCombinedConfiguration,testSetNullNodeCombiner/0,config,1
/home/sandro/workspace/sandro/MLCQCodeSmellSamples/scripts/../dataset/commons-configuration_34357e075d63c3634310878636f9498847badcab/src/test/java/org/apache/commons/configuration2/TestCombinedConfiguration.java,org.apache.commons.configuration2.TestCombinedConfiguration,testInit/0,TEST_NAME,1
/home/sandro/workspace/sandro/MLCQCodeSmellSamples/scripts/../dataset/commons-configuration_34357e075d63c3634310878636f9498847badcab/src/test/java/org/apache/commons/configuration2/TestCombinedConfiguration.java,org.apache.commons.configuration2.TestCombinedConfiguration,testInit/0,config,4
/home/sandro/workspace/sandro/MLCQCodeSmellSamples/scripts/../dataset/commons-configuration_34357e075d63c3634310878636f9498847badcab/src/test/java/org/apache/commons/configuration2/TestCombinedConfiguration.java,org.apache.commons.configuration2.TestCombinedConfiguration,testSubConfigurationWithUpdates/0,TEST_KEY,4
/home/sandro/workspace/sandro/MLCQCodeSmellSamples/scripts/../dataset/commons-configuration_34357e075d63c3634310878636f9498847badcab/src/test/java/org/apache/commons/configuration2/TestCombinedConfiguration.java,org.apache.commons.configuration2.TestCombinedConfiguration,testSubConfigurationWithUpdates/0,config,2
/home/sandro/workspace/sandro/MLCQCodeSmellSamples/scripts/../dataset/commons-configuration_34357e075d63c3634310878636f9498847badcab/src/test/java/org/apache/commons/configuration2/TestCombinedConfiguration.java,org.apache.commons.configuration2.TestCombinedConfiguration,testSubConfigurationWithUpdates/0,SUB_KEY,2
/home/sandro/workspace/sandro/MLCQCodeSmellSamples/scripts/../dataset/commons-configuration_34357e075d63c3634310878636f9498847badcab/src/test/java/org/apache/commons/configuration2/TestCombinedConfiguration.java,org.apache.commons.configuration2.TestCombinedConfiguration,testClone/0,TEST_NAME,1
/home/sandro/workspace/sandro/MLCQCodeSmellSamples/scripts/../dataset/commons-configuration_34357e075d63c3634310878636f9498847badcab/src/test/java/org/apache/commons/configuration2/TestCombinedConfiguration.java,org.apache.commons.configuration2.TestCombinedConfiguration,testClone/0,config,13
/home/sandro/workspace/sandro/MLCQCodeSmellSamples/scripts/../dataset/commons-configuration_34357e075d63c3634310878636f9498847badcab/src/test/java/org/apache/commons/configuration2/TestCombinedConfiguration.java,org.apache.commons.configuration2.TestCombinedConfiguration,testCloneModify/0,TEST_NAME,3
/home/sandro/workspace/sandro/MLCQCodeSmellSamples/scripts/../dataset/commons-configuration_34357e075d63c3634310878636f9498847badcab/src/test/java/org/apache/commons/configuration2/TestCombinedConfiguration.java,org.apache.commons.configuration2.TestCombinedConfiguration,testCloneModify/0,config,3
/home/sandro/workspace/sandro/MLCQCodeSmellSamples/scripts/../dataset/commons-configuration_34357e075d63c3634310878636f9498847badcab/src/test/java/org/apache/commons/configuration2/TestCombinedConfiguration.java,org.apache.commons.configuration2.TestCombinedConfiguration,testSetNodeCombinerSynchronized/0,config,1
/home/sandro/workspace/sandro/MLCQCodeSmellSamples/scripts/../dataset/commons-configuration_34357e075d63c3634310878636f9498847badcab/src/test/java/org/apache/commons/configuration2/TestCombinedConfiguration.java,org.apache.commons.configuration2.TestCombinedConfiguration,testRemoveConfiguration/0,config,2
/home/sandro/workspace/sandro/MLCQCodeSmellSamples/scripts/../dataset/commons-configuration_34357e075d63c3634310878636f9498847badcab/src/test/java/org/apache/commons/configuration2/TestCombinedConfiguration.java,org.apache.commons.configuration2.TestCombinedConfiguration,setUpSourceTest/0,TEST_NAME,1
/home/sandro/workspace/sandro/MLCQCodeSmellSamples/scripts/../dataset/commons-configuration_34357e075d63c3634310878636f9498847badcab/src/test/java/org/apache/commons/configuration2/TestCombinedConfiguration.java,org.apache.commons.configuration2.TestCombinedConfiguration,setUpSourceTest/0,CHILD1,1
/home/sandro/workspace/sandro/MLCQCodeSmellSamples/scripts/../dataset/commons-configuration_34357e075d63c3634310878636f9498847badcab/src/test/java/org/apache/commons/configuration2/TestCombinedConfiguration.java,org.apache.commons.configuration2.TestCombinedConfiguration,setUpSourceTest/0,CHILD2,1
/home/sandro/workspace/sandro/MLCQCodeSmellSamples/scripts/../dataset/commons-configuration_34357e075d63c3634310878636f9498847badcab/src/test/java/org/apache/commons/configuration2/TestCombinedConfiguration.java,org.apache.commons.configuration2.TestCombinedConfiguration,setUpSourceTest/0,TEST_KEY,1
/home/sandro/workspace/sandro/MLCQCodeSmellSamples/scripts/../dataset/commons-configuration_34357e075d63c3634310878636f9498847badcab/src/test/java/org/apache/commons/configuration2/TestCombinedConfiguration.java,org.apache.commons.configuration2.TestCombinedConfiguration,setUpSourceTest/0,config,2
/home/sandro/workspace/sandro/MLCQCodeSmellSamples/scripts/../dataset/commons-configuration_34357e075d63c3634310878636f9498847badcab/src/test/java/org/apache/commons/configuration2/TestCombinedConfiguration.java,org.apache.commons.configuration2.TestCombinedConfiguration,testGetNumberOfConfigurationsSynchronized/0,config,1
/home/sandro/workspace/sandro/MLCQCodeSmellSamples/scripts/../dataset/commons-configuration_34357e075d63c3634310878636f9498847badcab/src/test/java/org/apache/commons/configuration2/TestCombinedConfiguration.java,org.apache.commons.configuration2.TestCombinedConfiguration,testGetSourceSynchronized/0,TEST_KEY,1
/home/sandro/workspace/sandro/MLCQCodeSmellSamples/scripts/../dataset/commons-configuration_34357e075d63c3634310878636f9498847badcab/src/test/java/org/apache/commons/configuration2/TestCombinedConfiguration.java,org.apache.commons.configuration2.TestCombinedConfiguration,testGetSourceSynchronized/0,config,1
/home/sandro/workspace/sandro/MLCQCodeSmellSamples/scripts/../dataset/commons-configuration_34357e075d63c3634310878636f9498847badcab/src/test/java/org/apache/commons/configuration2/TestCombinedConfiguration.java,org.apache.commons.configuration2.TestCombinedConfiguration,checkRemoveConfig/1[org.apache.commons.configuration2.AbstractConfiguration],listener,1
/home/sandro/workspace/sandro/MLCQCodeSmellSamples/scripts/../dataset/commons-configuration_34357e075d63c3634310878636f9498847badcab/src/test/java/org/apache/commons/configuration2/TestCombinedConfiguration.java,org.apache.commons.configuration2.TestCombinedConfiguration,checkRemoveConfig/1[org.apache.commons.configuration2.AbstractConfiguration],config,2
/home/sandro/workspace/sandro/MLCQCodeSmellSamples/scripts/../dataset/commons-configuration_34357e075d63c3634310878636f9498847badcab/src/test/java/org/apache/commons/configuration2/TestCombinedConfiguration.java,org.apache.commons.configuration2.TestCombinedConfiguration,testClearRemoveChildListener/0,listener,2
/home/sandro/workspace/sandro/MLCQCodeSmellSamples/scripts/../dataset/commons-configuration_34357e075d63c3634310878636f9498847badcab/src/test/java/org/apache/commons/configuration2/TestCombinedConfiguration.java,org.apache.commons.configuration2.TestCombinedConfiguration,testClearRemoveChildListener/0,config,3
/home/sandro/workspace/sandro/MLCQCodeSmellSamples/scripts/../dataset/commons-configuration_34357e075d63c3634310878636f9498847badcab/src/test/java/org/apache/commons/configuration2/TestCombinedConfiguration.java,org.apache.commons.configuration2.TestCombinedConfiguration,testAddConfigurationWithNameTwice/0,TEST_NAME,2
/home/sandro/workspace/sandro/MLCQCodeSmellSamples/scripts/../dataset/commons-configuration_34357e075d63c3634310878636f9498847badcab/src/test/java/org/apache/commons/configuration2/TestCombinedConfiguration.java,org.apache.commons.configuration2.TestCombinedConfiguration,testAddConfigurationWithNameTwice/0,config,2
/home/sandro/workspace/sandro/MLCQCodeSmellSamples/scripts/../dataset/commons-configuration_34357e075d63c3634310878636f9498847badcab/src/test/java/org/apache/commons/configuration2/TestCombinedConfiguration.java,org.apache.commons.configuration2.TestCombinedConfiguration,testAddConfigurationComplexAt/0,TEST_KEY,1
/home/sandro/workspace/sandro/MLCQCodeSmellSamples/scripts/../dataset/commons-configuration_34357e075d63c3634310878636f9498847badcab/src/test/java/org/apache/commons/configuration2/TestCombinedConfiguration.java,org.apache.commons.configuration2.TestCombinedConfiguration,testAddConfigurationComplexAt/0,config,2
/home/sandro/workspace/sandro/MLCQCodeSmellSamples/scripts/../dataset/commons-configuration_34357e075d63c3634310878636f9498847badcab/src/test/java/org/apache/commons/configuration2/TestCombinedConfiguration.java,org.apache.commons.configuration2.TestCombinedConfiguration,testGetSourceUnknown/0,config,1
/home/sandro/workspace/sandro/MLCQCodeSmellSamples/scripts/../dataset/commons-configuration_34357e075d63c3634310878636f9498847badcab/src/test/java/org/apache/commons/configuration2/TestCombinedConfiguration.java,org.apache.commons.configuration2.TestCombinedConfiguration,testConcurrentAccess/0,KEY_CONCURRENT,1
/home/sandro/workspace/sandro/MLCQCodeSmellSamples/scripts/../dataset/commons-configuration_34357e075d63c3634310878636f9498847badcab/src/test/java/org/apache/commons/configuration2/TestCombinedConfiguration.java,org.apache.commons.configuration2.TestCombinedConfiguration,testConcurrentAccess/0,TEST_NAME,1
/home/sandro/workspace/sandro/MLCQCodeSmellSamples/scripts/../dataset/commons-configuration_34357e075d63c3634310878636f9498847badcab/src/test/java/org/apache/commons/configuration2/TestCombinedConfiguration.java,org.apache.commons.configuration2.TestCombinedConfiguration,testConcurrentAccess/0,config,7
/home/sandro/workspace/sandro/MLCQCodeSmellSamples/scripts/../dataset/commons-configuration_34357e075d63c3634310878636f9498847badcab/src/test/java/org/apache/commons/configuration2/TestCombinedConfiguration.java,org.apache.commons.configuration2.TestCombinedConfiguration,testInvalidateEventBeforeAndAfterChange/0,config,4
/home/sandro/workspace/sandro/MLCQCodeSmellSamples/scripts/../dataset/commons-configuration_34357e075d63c3634310878636f9498847badcab/src/test/java/org/apache/commons/configuration2/TestCombinedConfiguration.java,org.apache.commons.configuration2.TestCombinedConfiguration,testGetConfigurationNameListSynchronized/0,config,1
/home/sandro/workspace/sandro/MLCQCodeSmellSamples/scripts/../dataset/commons-configuration_34357e075d63c3634310878636f9498847badcab/src/test/java/org/apache/commons/configuration2/TestCombinedConfiguration.java,org.apache.commons.configuration2.TestCombinedConfiguration,testInvalidateSynchronized/0,config,1
/home/sandro/workspace/sandro/MLCQCodeSmellSamples/scripts/../dataset/commons-configuration_34357e075d63c3634310878636f9498847badcab/src/test/java/org/apache/commons/configuration2/TestCombinedConfiguration.java,org.apache.commons.configuration2.TestCombinedConfiguration,testEscapeListDelimiters/0,config,2
/home/sandro/workspace/sandro/MLCQCodeSmellSamples/scripts/../dataset/commons-configuration_34357e075d63c3634310878636f9498847badcab/src/test/java/org/apache/commons/configuration2/TestCombinedConfiguration.java,org.apache.commons.configuration2.TestCombinedConfiguration,testAddConfigurationWithName/0,TEST_NAME,3
/home/sandro/workspace/sandro/MLCQCodeSmellSamples/scripts/../dataset/commons-configuration_34357e075d63c3634310878636f9498847badcab/src/test/java/org/apache/commons/configuration2/TestCombinedConfiguration.java,org.apache.commons.configuration2.TestCombinedConfiguration,testAddConfigurationWithName/0,listener,1
/home/sandro/workspace/sandro/MLCQCodeSmellSamples/scripts/../dataset/commons-configuration_34357e075d63c3634310878636f9498847badcab/src/test/java/org/apache/commons/configuration2/TestCombinedConfiguration.java,org.apache.commons.configuration2.TestCombinedConfiguration,testAddConfigurationWithName/0,TEST_KEY,1
/home/sandro/workspace/sandro/MLCQCodeSmellSamples/scripts/../dataset/commons-configuration_34357e075d63c3634310878636f9498847badcab/src/test/java/org/apache/commons/configuration2/TestCombinedConfiguration.java,org.apache.commons.configuration2.TestCombinedConfiguration,testAddConfigurationWithName/0,config,6
/home/sandro/workspace/sandro/MLCQCodeSmellSamples/scripts/../dataset/commons-configuration_34357e075d63c3634310878636f9498847badcab/src/test/java/org/apache/commons/configuration2/TestCombinedConfiguration.java,org.apache.commons.configuration2.TestCombinedConfiguration,testRemoveConfigurationAt/0,config,2
/home/sandro/workspace/sandro/MLCQCodeSmellSamples/scripts/../dataset/commons-configuration_34357e075d63c3634310878636f9498847badcab/src/test/java/org/apache/commons/configuration2/TestCombinedConfiguration.java,org.apache.commons.configuration2.TestCombinedConfiguration,testAddConfigurationAt/0,TEST_KEY,1
/home/sandro/workspace/sandro/MLCQCodeSmellSamples/scripts/../dataset/commons-configuration_34357e075d63c3634310878636f9498847badcab/src/test/java/org/apache/commons/configuration2/TestCombinedConfiguration.java,org.apache.commons.configuration2.TestCombinedConfiguration,testAddConfigurationAt/0,config,2
/home/sandro/workspace/sandro/MLCQCodeSmellSamples/scripts/../dataset/commons-configuration_34357e075d63c3634310878636f9498847badcab/src/test/java/org/apache/commons/configuration2/TestCombinedConfiguration.java,org.apache.commons.configuration2.TestCombinedConfiguration,setUp/0,listener,2
/home/sandro/workspace/sandro/MLCQCodeSmellSamples/scripts/../dataset/commons-configuration_34357e075d63c3634310878636f9498847badcab/src/test/java/org/apache/commons/configuration2/TestCombinedConfiguration.java,org.apache.commons.configuration2.TestCombinedConfiguration,setUp/0,config,2
/home/sandro/workspace/sandro/MLCQCodeSmellSamples/scripts/../dataset/commons-configuration_34357e075d63c3634310878636f9498847badcab/src/test/java/org/apache/commons/configuration2/TestCombinedConfiguration.java,org.apache.commons.configuration2.TestCombinedConfiguration,testSetNodeCombiner/0,listener,1
/home/sandro/workspace/sandro/MLCQCodeSmellSamples/scripts/../dataset/commons-configuration_34357e075d63c3634310878636f9498847badcab/src/test/java/org/apache/commons/configuration2/TestCombinedConfiguration.java,org.apache.commons.configuration2.TestCombinedConfiguration,testSetNodeCombiner/0,config,2
/home/sandro/workspace/sandro/MLCQCodeSmellSamples/scripts/../dataset/commons-configuration_34357e075d63c3634310878636f9498847badcab/src/test/java/org/apache/commons/configuration2/TestCombinedConfiguration.java,org.apache.commons.configuration2.TestCombinedConfiguration,testLockHandlingWithExceptionWhenConstructingRootNode/0,config,2
/home/sandro/workspace/sandro/MLCQCodeSmellSamples/scripts/../dataset/commons-configuration_34357e075d63c3634310878636f9498847badcab/src/test/java/org/apache/commons/configuration2/TestCombinedConfiguration.java,org.apache.commons.configuration2.TestCombinedConfiguration,testGetSourceHierarchical/0,CHILD1,1
/home/sandro/workspace/sandro/MLCQCodeSmellSamples/scripts/../dataset/commons-configuration_34357e075d63c3634310878636f9498847badcab/src/test/java/org/apache/commons/configuration2/TestCombinedConfiguration.java,org.apache.commons.configuration2.TestCombinedConfiguration,testGetSourceHierarchical/0,TEST_KEY,1
/home/sandro/workspace/sandro/MLCQCodeSmellSamples/scripts/../dataset/commons-configuration_34357e075d63c3634310878636f9498847badcab/src/test/java/org/apache/commons/configuration2/TestCombinedConfiguration.java,org.apache.commons.configuration2.TestCombinedConfiguration,testGetSourceHierarchical/0,config,2
/home/sandro/workspace/sandro/MLCQCodeSmellSamples/scripts/../dataset/commons-configuration_34357e075d63c3634310878636f9498847badcab/src/test/java/org/apache/commons/configuration2/TestCombinedConfiguration.java,org.apache.commons.configuration2.TestCombinedConfiguration,testAddConfigurationSynchronized/0,config,1
/home/sandro/workspace/sandro/MLCQCodeSmellSamples/scripts/../dataset/commons-configuration_34357e075d63c3634310878636f9498847badcab/src/test/java/org/apache/commons/configuration2/TestCombinedConfiguration.java,org.apache.commons.configuration2.TestCombinedConfiguration,testGetConfigurations/0,TEST_NAME,1
/home/sandro/workspace/sandro/MLCQCodeSmellSamples/scripts/../dataset/commons-configuration_34357e075d63c3634310878636f9498847badcab/src/test/java/org/apache/commons/configuration2/TestCombinedConfiguration.java,org.apache.commons.configuration2.TestCombinedConfiguration,testGetConfigurations/0,config,4
/home/sandro/workspace/sandro/MLCQCodeSmellSamples/scripts/../dataset/commons-configuration_34357e075d63c3634310878636f9498847badcab/src/test/java/org/apache/commons/configuration2/TestCombinedConfiguration.java,org.apache.commons.configuration2.TestCombinedConfiguration,testSetConversionExpressionEngineSynchronized/0,config,1
/home/sandro/workspace/sandro/MLCQCodeSmellSamples/scripts/../dataset/commons-configuration_34357e075d63c3634310878636f9498847badcab/src/main/java/org/apache/commons/configuration2/PropertiesConfigurationLayout.java,org.apache.commons.configuration2.PropertiesConfigurationLayout,fetchLayoutData/1[java.lang.String],layoutData,2
/home/sandro/workspace/sandro/MLCQCodeSmellSamples/scripts/../dataset/commons-configuration_34357e075d63c3634310878636f9498847badcab/src/main/java/org/apache/commons/configuration2/PropertiesConfigurationLayout.java,org.apache.commons.configuration2.PropertiesConfigurationLayout,isForceSingleLine/0,forceSingleLine,1
/home/sandro/workspace/sandro/MLCQCodeSmellSamples/scripts/../dataset/commons-configuration_34357e075d63c3634310878636f9498847badcab/src/main/java/org/apache/commons/configuration2/PropertiesConfigurationLayout.java,org.apache.commons.configuration2.PropertiesConfigurationLayout,setHeaderComment/1[java.lang.String],headerComment,1
/home/sandro/workspace/sandro/MLCQCodeSmellSamples/scripts/../dataset/commons-configuration_34357e075d63c3634310878636f9498847badcab/src/main/java/org/apache/commons/configuration2/PropertiesConfigurationLayout.java,org.apache.commons.configuration2.PropertiesConfigurationLayout,setGlobalSeparator/1[java.lang.String],globalSeparator,4
/home/sandro/workspace/sandro/MLCQCodeSmellSamples/scripts/../dataset/commons-configuration_34357e075d63c3634310878636f9498847badcab/src/main/java/org/apache/commons/configuration2/PropertiesConfigurationLayout.java,org.apache.commons.configuration2.PropertiesConfigurationLayout,getLineSeparator/0,lineSeparator,1
/home/sandro/workspace/sandro/MLCQCodeSmellSamples/scripts/../dataset/commons-configuration_34357e075d63c3634310878636f9498847badcab/src/main/java/org/apache/commons/configuration2/PropertiesConfigurationLayout.java,org.apache.commons.configuration2.PropertiesConfigurationLayout,"save/2[org.apache.commons.configuration2.PropertiesConfiguration,java.io.Writer]",headerComment,1
/home/sandro/workspace/sandro/MLCQCodeSmellSamples/scripts/../dataset/commons-configuration_34357e075d63c3634310878636f9498847badcab/src/main/java/org/apache/commons/configuration2/PropertiesConfigurationLayout.java,org.apache.commons.configuration2.PropertiesConfigurationLayout,setLineSeparator/1[java.lang.String],lineSeparator,4
/home/sandro/workspace/sandro/MLCQCodeSmellSamples/scripts/../dataset/commons-configuration_34357e075d63c3634310878636f9498847badcab/src/main/java/org/apache/commons/configuration2/PropertiesConfigurationLayout.java,org.apache.commons.configuration2.PropertiesConfigurationLayout,PropertiesConfigurationLayout/1[org.apache.commons.configuration2.PropertiesConfigurationLayout],loadCounter,1
/home/sandro/workspace/sandro/MLCQCodeSmellSamples/scripts/../dataset/commons-configuration_34357e075d63c3634310878636f9498847badcab/src/main/java/org/apache/commons/configuration2/PropertiesConfigurationLayout.java,org.apache.commons.configuration2.PropertiesConfigurationLayout,PropertiesConfigurationLayout/1[org.apache.commons.configuration2.PropertiesConfigurationLayout],layoutData,1
/home/sandro/workspace/sandro/MLCQCodeSmellSamples/scripts/../dataset/commons-configuration_34357e075d63c3634310878636f9498847badcab/src/main/java/org/apache/commons/configuration2/PropertiesConfigurationLayout.java,org.apache.commons.configuration2.PropertiesConfigurationLayout,"extractComment/3[java.util.List<java.lang.String>,int,int]",CR,1
/home/sandro/workspace/sandro/MLCQCodeSmellSamples/scripts/../dataset/commons-configuration_34357e075d63c3634310878636f9498847badcab/src/main/java/org/apache/commons/configuration2/PropertiesConfigurationLayout.java,org.apache.commons.configuration2.PropertiesConfigurationLayout,"writeComment/2[org.apache.commons.configuration2.PropertiesConfiguration.PropertiesWriter,java.lang.String]",CR,1
/home/sandro/workspace/sandro/MLCQCodeSmellSamples/scripts/../dataset/commons-configuration_34357e075d63c3634310878636f9498847badcab/src/main/java/org/apache/commons/configuration2/PropertiesConfigurationLayout.java,org.apache.commons.configuration2.PropertiesConfigurationLayout,getHeaderComment/0,headerComment,1
/home/sandro/workspace/sandro/MLCQCodeSmellSamples/scripts/../dataset/commons-configuration_34357e075d63c3634310878636f9498847badcab/src/main/java/org/apache/commons/configuration2/PropertiesConfigurationLayout.java,org.apache.commons.configuration2.PropertiesConfigurationLayout,getKeys/0,layoutData,1
/home/sandro/workspace/sandro/MLCQCodeSmellSamples/scripts/../dataset/commons-configuration_34357e075d63c3634310878636f9498847badcab/src/main/java/org/apache/commons/configuration2/PropertiesConfigurationLayout.java,org.apache.commons.configuration2.PropertiesConfigurationLayout,getFooterComment/0,footerComment,1
/home/sandro/workspace/sandro/MLCQCodeSmellSamples/scripts/../dataset/commons-configuration_34357e075d63c3634310878636f9498847badcab/src/main/java/org/apache/commons/configuration2/PropertiesConfigurationLayout.java,org.apache.commons.configuration2.PropertiesConfigurationLayout,setFooterComment/1[java.lang.String],footerComment,4
/home/sandro/workspace/sandro/MLCQCodeSmellSamples/scripts/../dataset/commons-configuration_34357e075d63c3634310878636f9498847badcab/src/main/java/org/apache/commons/configuration2/PropertiesConfigurationLayout.java,org.apache.commons.configuration2.PropertiesConfigurationLayout,"load/2[org.apache.commons.configuration2.PropertiesConfiguration,java.io.Reader]",loadCounter,2
/home/sandro/workspace/sandro/MLCQCodeSmellSamples/scripts/../dataset/commons-configuration_34357e075d63c3634310878636f9498847badcab/src/main/java/org/apache/commons/configuration2/PropertiesConfigurationLayout.java,org.apache.commons.configuration2.PropertiesConfigurationLayout,"load/2[org.apache.commons.configuration2.PropertiesConfiguration,java.io.Reader]",layoutData,1
/home/sandro/workspace/sandro/MLCQCodeSmellSamples/scripts/../dataset/commons-configuration_34357e075d63c3634310878636f9498847badcab/src/main/java/org/apache/commons/configuration2/PropertiesConfigurationLayout.java,org.apache.commons.configuration2.PropertiesConfigurationLayout,onEvent/1[org.apache.commons.configuration2.event.ConfigurationEvent],loadCounter,1
/home/sandro/workspace/sandro/MLCQCodeSmellSamples/scripts/../dataset/commons-configuration_34357e075d63c3634310878636f9498847badcab/src/main/java/org/apache/commons/configuration2/PropertiesConfigurationLayout.java,org.apache.commons.configuration2.PropertiesConfigurationLayout,onEvent/1[org.apache.commons.configuration2.event.ConfigurationEvent],layoutData,2
/home/sandro/workspace/sandro/MLCQCodeSmellSamples/scripts/../dataset/commons-configuration_34357e075d63c3634310878636f9498847badcab/src/main/java/org/apache/commons/configuration2/PropertiesConfigurationLayout.java,org.apache.commons.configuration2.PropertiesConfigurationLayout,"stripCommentChar/2[java.lang.String,boolean]",COMMENT_PREFIX,1
/home/sandro/workspace/sandro/MLCQCodeSmellSamples/scripts/../dataset/commons-configuration_34357e075d63c3634310878636f9498847badcab/src/main/java/org/apache/commons/configuration2/PropertiesConfigurationLayout.java,org.apache.commons.configuration2.PropertiesConfigurationLayout,checkHeaderComment/1[java.util.List<java.lang.String>],loadCounter,1
/home/sandro/workspace/sandro/MLCQCodeSmellSamples/scripts/../dataset/commons-configuration_34357e075d63c3634310878636f9498847badcab/src/main/java/org/apache/commons/configuration2/PropertiesConfigurationLayout.java,org.apache.commons.configuration2.PropertiesConfigurationLayout,checkHeaderComment/1[java.util.List<java.lang.String>],layoutData,1
/home/sandro/workspace/sandro/MLCQCodeSmellSamples/scripts/../dataset/commons-configuration_34357e075d63c3634310878636f9498847badcab/src/main/java/org/apache/commons/configuration2/PropertiesConfigurationLayout.java,org.apache.commons.configuration2.PropertiesConfigurationLayout,copyFrom/1[org.apache.commons.configuration2.PropertiesConfigurationLayout],layoutData,1
/home/sandro/workspace/sandro/MLCQCodeSmellSamples/scripts/../dataset/commons-configuration_34357e075d63c3634310878636f9498847badcab/src/main/java/org/apache/commons/configuration2/PropertiesConfigurationLayout.java,org.apache.commons.configuration2.PropertiesConfigurationLayout,setForceSingleLine/1[boolean],forceSingleLine,1
/home/sandro/workspace/sandro/MLCQCodeSmellSamples/scripts/../dataset/commons-configuration_34357e075d63c3634310878636f9498847badcab/src/main/java/org/apache/commons/configuration2/PropertiesConfigurationLayout.java,org.apache.commons.configuration2.PropertiesConfigurationLayout,"trimComment/2[java.lang.String,boolean]",CR,3
/home/sandro/workspace/sandro/MLCQCodeSmellSamples/scripts/../dataset/commons-configuration_34357e075d63c3634310878636f9498847badcab/src/main/java/org/apache/commons/configuration2/PropertiesConfigurationLayout.java,org.apache.commons.configuration2.PropertiesConfigurationLayout,clear/0,layoutData,1
/home/sandro/workspace/sandro/MLCQCodeSmellSamples/scripts/../dataset/commons-configuration_34357e075d63c3634310878636f9498847badcab/src/main/java/org/apache/commons/configuration2/PropertiesConfigurationLayout.java,org.apache.commons.configuration2.PropertiesConfigurationLayout,getGlobalSeparator/0,globalSeparator,1
/home/sandro/workspace/sandro/MLCQCodeSmellSamples/scripts/../dataset/commons-configuration_34357e075d63c3634310878636f9498847badcab/src/test/java/org/apache/commons/configuration2/builder/TestReloadingFileBasedConfigurationBuilder.java,org.apache.commons.configuration2.builder.TestReloadingFileBasedConfigurationBuilder$ReloadingFileBasedConfigurationBuilderTestImpl,getHandlerForDetector/0,handlerForDetector,1
/home/sandro/workspace/sandro/MLCQCodeSmellSamples/scripts/../dataset/commons-configuration_34357e075d63c3634310878636f9498847badcab/src/test/java/org/apache/commons/configuration2/builder/TestReloadingFileBasedConfigurationBuilder.java,org.apache.commons.configuration2.builder.TestReloadingFileBasedConfigurationBuilder$ReloadingFileBasedConfigurationBuilderTestImpl,"createReloadingDetector/2[org.apache.commons.configuration2.io.FileHandler,org.apache.commons.configuration2.builder.FileBasedBuilderParametersImpl]",mockDetector,1
/home/sandro/workspace/sandro/MLCQCodeSmellSamples/scripts/../dataset/commons-configuration_34357e075d63c3634310878636f9498847badcab/src/test/java/org/apache/commons/configuration2/builder/TestReloadingFileBasedConfigurationBuilder.java,org.apache.commons.configuration2.builder.TestReloadingFileBasedConfigurationBuilder$ReloadingFileBasedConfigurationBuilderTestImpl,"createReloadingDetector/2[org.apache.commons.configuration2.io.FileHandler,org.apache.commons.configuration2.builder.FileBasedBuilderParametersImpl]",handlerForDetector,1
/home/sandro/workspace/sandro/MLCQCodeSmellSamples/scripts/../dataset/commons-configuration_34357e075d63c3634310878636f9498847badcab/src/test/java/org/apache/commons/configuration2/builder/TestReloadingFileBasedConfigurationBuilder.java,org.apache.commons.configuration2.builder.TestReloadingFileBasedConfigurationBuilder$ReloadingFileBasedConfigurationBuilderTestImpl,ReloadingFileBasedConfigurationBuilderTestImpl/1[org.apache.commons.configuration2.reloading.ReloadingDetector],mockDetector,1
/home/sandro/workspace/sandro/MLCQCodeSmellSamples/scripts/../dataset/commons-configuration_34357e075d63c3634310878636f9498847badcab/src/main/java/org/apache/commons/configuration2/builder/EventListenerParameters.java,org.apache.commons.configuration2.builder.EventListenerParameters,getListeners/0,eventListeners,1
/home/sandro/workspace/sandro/MLCQCodeSmellSamples/scripts/../dataset/commons-configuration_34357e075d63c3634310878636f9498847badcab/src/main/java/org/apache/commons/configuration2/builder/EventListenerParameters.java,org.apache.commons.configuration2.builder.EventListenerParameters,addEventListener/1[org.apache.commons.configuration2.event.EventListenerRegistrationData<T>],eventListeners,1
/home/sandro/workspace/sandro/MLCQCodeSmellSamples/scripts/../dataset/commons-configuration_34357e075d63c3634310878636f9498847badcab/src/main/java/org/apache/commons/configuration2/builder/EventListenerParameters.java,org.apache.commons.configuration2.builder.EventListenerParameters,"addEventListener/2[org.apache.commons.configuration2.event.EventType<T>,org.apache.commons.configuration2.event.EventListener<? super T>]",eventListeners,1
/home/sandro/workspace/sandro/MLCQCodeSmellSamples/scripts/../dataset/commons-configuration_34357e075d63c3634310878636f9498847badcab/src/main/java/org/apache/commons/configuration2/builder/EventListenerParameters.java,org.apache.commons.configuration2.builder.EventListenerParameters,EventListenerParameters/0,eventListeners,1
/home/sandro/workspace/sandro/MLCQCodeSmellSamples/scripts/../dataset/commons-configuration_34357e075d63c3634310878636f9498847badcab/src/main/java/org/apache/commons/configuration2/tree/NodeCombiner.java,org.apache.commons.configuration2.tree.NodeCombiner,addListNode/1[java.lang.String],listNodes,1
/home/sandro/workspace/sandro/MLCQCodeSmellSamples/scripts/../dataset/commons-configuration_34357e075d63c3634310878636f9498847badcab/src/main/java/org/apache/commons/configuration2/tree/NodeCombiner.java,org.apache.commons.configuration2.tree.NodeCombiner,NodeCombiner/0,listNodes,1
/home/sandro/workspace/sandro/MLCQCodeSmellSamples/scripts/../dataset/commons-configuration_34357e075d63c3634310878636f9498847badcab/src/main/java/org/apache/commons/configuration2/tree/NodeCombiner.java,org.apache.commons.configuration2.tree.NodeCombiner,getListNodes/0,listNodes,1
/home/sandro/workspace/sandro/MLCQCodeSmellSamples/scripts/../dataset/commons-configuration_34357e075d63c3634310878636f9498847badcab/src/main/java/org/apache/commons/configuration2/tree/NodeCombiner.java,org.apache.commons.configuration2.tree.NodeCombiner,isListNode/1[org.apache.commons.configuration2.tree.ImmutableNode],listNodes,1
/home/sandro/workspace/sandro/MLCQCodeSmellSamples/scripts/../dataset/commons-configuration_34357e075d63c3634310878636f9498847badcab/src/main/java/org/apache/commons/configuration2/beanutils/BeanHelper.java,org.apache.commons.configuration2.beanutils.BeanHelper,createWrapDynaBean/1[java.lang.Object],BEAN_UTILS_BEAN,1
/home/sandro/workspace/sandro/MLCQCodeSmellSamples/scripts/../dataset/commons-configuration_34357e075d63c3634310878636f9498847badcab/src/main/java/org/apache/commons/configuration2/beanutils/BeanHelper.java,org.apache.commons.configuration2.beanutils.BeanHelper,fetchBeanFactory/1[org.apache.commons.configuration2.beanutils.BeanDeclaration],beanFactories,1
/home/sandro/workspace/sandro/MLCQCodeSmellSamples/scripts/../dataset/commons-configuration_34357e075d63c3634310878636f9498847badcab/src/main/java/org/apache/commons/configuration2/beanutils/BeanHelper.java,org.apache.commons.configuration2.beanutils.BeanHelper,"getDefaultClass/2[java.lang.Object,java.lang.String]",BEAN_UTILS_BEAN,1
/home/sandro/workspace/sandro/MLCQCodeSmellSamples/scripts/../dataset/commons-configuration_34357e075d63c3634310878636f9498847badcab/src/main/java/org/apache/commons/configuration2/beanutils/BeanHelper.java,org.apache.commons.configuration2.beanutils.BeanHelper,registeredFactoryNames/0,beanFactories,1
/home/sandro/workspace/sandro/MLCQCodeSmellSamples/scripts/../dataset/commons-configuration_34357e075d63c3634310878636f9498847badcab/src/main/java/org/apache/commons/configuration2/beanutils/BeanHelper.java,org.apache.commons.configuration2.beanutils.BeanHelper,getDefaultBeanFactory/0,defaultBeanFactory,1
/home/sandro/workspace/sandro/MLCQCodeSmellSamples/scripts/../dataset/commons-configuration_34357e075d63c3634310878636f9498847badcab/src/main/java/org/apache/commons/configuration2/beanutils/BeanHelper.java,org.apache.commons.configuration2.beanutils.BeanHelper,"isPropertyWriteable/2[java.lang.Object,java.lang.String]",BEAN_UTILS_BEAN,1
/home/sandro/workspace/sandro/MLCQCodeSmellSamples/scripts/../dataset/commons-configuration_34357e075d63c3634310878636f9498847badcab/src/main/java/org/apache/commons/configuration2/beanutils/BeanHelper.java,org.apache.commons.configuration2.beanutils.BeanHelper,"copyProperties/2[java.lang.Object,java.lang.Object]",BEAN_UTILS_BEAN,1
/home/sandro/workspace/sandro/MLCQCodeSmellSamples/scripts/../dataset/commons-configuration_34357e075d63c3634310878636f9498847badcab/src/main/java/org/apache/commons/configuration2/beanutils/BeanHelper.java,org.apache.commons.configuration2.beanutils.BeanHelper,"registerBeanFactory/2[java.lang.String,org.apache.commons.configuration2.beanutils.BeanFactory]",beanFactories,1
/home/sandro/workspace/sandro/MLCQCodeSmellSamples/scripts/../dataset/commons-configuration_34357e075d63c3634310878636f9498847badcab/src/main/java/org/apache/commons/configuration2/beanutils/BeanHelper.java,org.apache.commons.configuration2.beanutils.BeanHelper,"initProperty/3[java.lang.Object,java.lang.String,java.lang.Object]",BEAN_UTILS_BEAN,1
/home/sandro/workspace/sandro/MLCQCodeSmellSamples/scripts/../dataset/commons-configuration_34357e075d63c3634310878636f9498847badcab/src/main/java/org/apache/commons/configuration2/beanutils/BeanHelper.java,org.apache.commons.configuration2.beanutils.BeanHelper,deregisterBeanFactory/1[java.lang.String],beanFactories,1
/home/sandro/workspace/sandro/MLCQCodeSmellSamples/scripts/../dataset/commons-configuration_34357e075d63c3634310878636f9498847badcab/src/main/java/org/apache/commons/configuration2/beanutils/BeanHelper.java,org.apache.commons.configuration2.beanutils.BeanHelper,BeanHelper/1[org.apache.commons.configuration2.beanutils.BeanFactory],defaultBeanFactory,1
/home/sandro/workspace/sandro/MLCQCodeSmellSamples/scripts/../dataset/commons-configuration_34357e075d63c3634310878636f9498847badcab/src/main/java/org/apache/commons/configuration2/builder/PropertiesBuilderParametersImpl.java,org.apache.commons.configuration2.builder.PropertiesBuilderParametersImpl,setIncludesAllowed/1[boolean],PROP_INCLUDES_ALLOWED,1
/home/sandro/workspace/sandro/MLCQCodeSmellSamples/scripts/../dataset/commons-configuration_34357e075d63c3634310878636f9498847badcab/src/main/java/org/apache/commons/configuration2/builder/PropertiesBuilderParametersImpl.java,org.apache.commons.configuration2.builder.PropertiesBuilderParametersImpl,setLayout/1[org.apache.commons.configuration2.PropertiesConfigurationLayout],PROP_LAYOUT,1
/home/sandro/workspace/sandro/MLCQCodeSmellSamples/scripts/../dataset/commons-configuration_34357e075d63c3634310878636f9498847badcab/src/main/java/org/apache/commons/configuration2/builder/PropertiesBuilderParametersImpl.java,org.apache.commons.configuration2.builder.PropertiesBuilderParametersImpl,"inheritFrom/1[java.util.Map<java.lang.String,?>]",PROP_INCLUDES_ALLOWED,1
/home/sandro/workspace/sandro/MLCQCodeSmellSamples/scripts/../dataset/commons-configuration_34357e075d63c3634310878636f9498847badcab/src/main/java/org/apache/commons/configuration2/builder/PropertiesBuilderParametersImpl.java,org.apache.commons.configuration2.builder.PropertiesBuilderParametersImpl,"inheritFrom/1[java.util.Map<java.lang.String,?>]",PROP_IO_FACTORY,1
/home/sandro/workspace/sandro/MLCQCodeSmellSamples/scripts/../dataset/commons-configuration_34357e075d63c3634310878636f9498847badcab/src/main/java/org/apache/commons/configuration2/builder/PropertiesBuilderParametersImpl.java,org.apache.commons.configuration2.builder.PropertiesBuilderParametersImpl,setIOFactory/1[org.apache.commons.configuration2.PropertiesConfiguration.IOFactory],PROP_IO_FACTORY,1
/home/sandro/workspace/sandro/MLCQCodeSmellSamples/scripts/../dataset/commons-configuration_34357e075d63c3634310878636f9498847badcab/src/main/java/org/apache/commons/configuration2/JNDIConfiguration.java,org.apache.commons.configuration2.JNDIConfiguration,JNDIConfiguration/1[javax.naming.Context],context,3
/home/sandro/workspace/sandro/MLCQCodeSmellSamples/scripts/../dataset/commons-configuration_34357e075d63c3634310878636f9498847badcab/src/main/java/org/apache/commons/configuration2/JNDIConfiguration.java,org.apache.commons.configuration2.JNDIConfiguration,containsKeyInternal/1[java.lang.String],clearedProperties,1
/home/sandro/workspace/sandro/MLCQCodeSmellSamples/scripts/../dataset/commons-configuration_34357e075d63c3634310878636f9498847badcab/src/main/java/org/apache/commons/configuration2/JNDIConfiguration.java,org.apache.commons.configuration2.JNDIConfiguration,JNDIConfiguration/1[java.lang.String],prefix,3
/home/sandro/workspace/sandro/MLCQCodeSmellSamples/scripts/../dataset/commons-configuration_34357e075d63c3634310878636f9498847badcab/src/main/java/org/apache/commons/configuration2/JNDIConfiguration.java,org.apache.commons.configuration2.JNDIConfiguration,"recursiveGetKeys/4[java.util.Set<java.lang.String>,javax.naming.Context,java.lang.String,java.util.Set<javax.naming.Context>]",prefix,3
/home/sandro/workspace/sandro/MLCQCodeSmellSamples/scripts/../dataset/commons-configuration_34357e075d63c3634310878636f9498847badcab/src/main/java/org/apache/commons/configuration2/JNDIConfiguration.java,org.apache.commons.configuration2.JNDIConfiguration,"recursiveGetKeys/4[java.util.Set<java.lang.String>,javax.naming.Context,java.lang.String,java.util.Set<javax.naming.Context>]",context,5
/home/sandro/workspace/sandro/MLCQCodeSmellSamples/scripts/../dataset/commons-configuration_34357e075d63c3634310878636f9498847badcab/src/main/java/org/apache/commons/configuration2/JNDIConfiguration.java,org.apache.commons.configuration2.JNDIConfiguration,setContext/1[javax.naming.Context],clearedProperties,1
/home/sandro/workspace/sandro/MLCQCodeSmellSamples/scripts/../dataset/commons-configuration_34357e075d63c3634310878636f9498847badcab/src/main/java/org/apache/commons/configuration2/JNDIConfiguration.java,org.apache.commons.configuration2.JNDIConfiguration,setContext/1[javax.naming.Context],context,4
/home/sandro/workspace/sandro/MLCQCodeSmellSamples/scripts/../dataset/commons-configuration_34357e075d63c3634310878636f9498847badcab/src/main/java/org/apache/commons/configuration2/JNDIConfiguration.java,org.apache.commons.configuration2.JNDIConfiguration,getBaseContext/0,prefix,2
/home/sandro/workspace/sandro/MLCQCodeSmellSamples/scripts/../dataset/commons-configuration_34357e075d63c3634310878636f9498847badcab/src/main/java/org/apache/commons/configuration2/JNDIConfiguration.java,org.apache.commons.configuration2.JNDIConfiguration,getBaseContext/0,baseContext,3
/home/sandro/workspace/sandro/MLCQCodeSmellSamples/scripts/../dataset/commons-configuration_34357e075d63c3634310878636f9498847badcab/src/main/java/org/apache/commons/configuration2/JNDIConfiguration.java,org.apache.commons.configuration2.JNDIConfiguration,getPrefix/0,prefix,1
/home/sandro/workspace/sandro/MLCQCodeSmellSamples/scripts/../dataset/commons-configuration_34357e075d63c3634310878636f9498847badcab/src/main/java/org/apache/commons/configuration2/JNDIConfiguration.java,org.apache.commons.configuration2.JNDIConfiguration,getContext/0,context,1
/home/sandro/workspace/sandro/MLCQCodeSmellSamples/scripts/../dataset/commons-configuration_34357e075d63c3634310878636f9498847badcab/src/main/java/org/apache/commons/configuration2/JNDIConfiguration.java,org.apache.commons.configuration2.JNDIConfiguration,getKeysInternal/1[java.lang.String],prefix,6
/home/sandro/workspace/sandro/MLCQCodeSmellSamples/scripts/../dataset/commons-configuration_34357e075d63c3634310878636f9498847badcab/src/main/java/org/apache/commons/configuration2/JNDIConfiguration.java,org.apache.commons.configuration2.JNDIConfiguration,"getContext/2[java.util.List<java.lang.String>,javax.naming.Context]",context,5
/home/sandro/workspace/sandro/MLCQCodeSmellSamples/scripts/../dataset/commons-configuration_34357e075d63c3634310878636f9498847badcab/src/main/java/org/apache/commons/configuration2/JNDIConfiguration.java,org.apache.commons.configuration2.JNDIConfiguration,"JNDIConfiguration/2[javax.naming.Context,java.lang.String]",prefix,4
/home/sandro/workspace/sandro/MLCQCodeSmellSamples/scripts/../dataset/commons-configuration_34357e075d63c3634310878636f9498847badcab/src/main/java/org/apache/commons/configuration2/JNDIConfiguration.java,org.apache.commons.configuration2.JNDIConfiguration,"JNDIConfiguration/2[javax.naming.Context,java.lang.String]",context,4
/home/sandro/workspace/sandro/MLCQCodeSmellSamples/scripts/../dataset/commons-configuration_34357e075d63c3634310878636f9498847badcab/src/main/java/org/apache/commons/configuration2/JNDIConfiguration.java,org.apache.commons.configuration2.JNDIConfiguration,getPropertyInternal/1[java.lang.String],clearedProperties,1
/home/sandro/workspace/sandro/MLCQCodeSmellSamples/scripts/../dataset/commons-configuration_34357e075d63c3634310878636f9498847badcab/src/main/java/org/apache/commons/configuration2/JNDIConfiguration.java,org.apache.commons.configuration2.JNDIConfiguration,clearPropertyDirect/1[java.lang.String],clearedProperties,1
/home/sandro/workspace/sandro/MLCQCodeSmellSamples/scripts/../dataset/commons-configuration_34357e075d63c3634310878636f9498847badcab/src/main/java/org/apache/commons/configuration2/JNDIConfiguration.java,org.apache.commons.configuration2.JNDIConfiguration,setPrefix/1[java.lang.String],prefix,4
/home/sandro/workspace/sandro/MLCQCodeSmellSamples/scripts/../dataset/commons-configuration_34357e075d63c3634310878636f9498847badcab/src/main/java/org/apache/commons/configuration2/JNDIConfiguration.java,org.apache.commons.configuration2.JNDIConfiguration,setPrefix/1[java.lang.String],baseContext,1
/home/sandro/workspace/sandro/MLCQCodeSmellSamples/scripts/../dataset/commons-configuration_34357e075d63c3634310878636f9498847badcab/src/test/java/org/apache/commons/configuration2/TestAbstractConfigurationBasicFeatures.java,org.apache.commons.configuration2.TestAbstractConfigurationBasicFeatures$CollectingConfigurationListener,onEvent/1[org.apache.commons.configuration2.ConfigurationEvent],events,1
/home/sandro/workspace/sandro/MLCQCodeSmellSamples/scripts/../dataset/commons-configuration_34357e075d63c3634310878636f9498847badcab/src/main/java/org/apache/commons/configuration2/builder/DefaultParametersManager.java,org.apache.commons.configuration2.builder.DefaultParametersManager,"registerDefaultsHandler/3[java.lang.Class<T>,org.apache.commons.configuration2.builder.DefaultParametersHandler<? super T>,java.lang.Class<?>]",defaultHandlers,1
/home/sandro/workspace/sandro/MLCQCodeSmellSamples/scripts/../dataset/commons-configuration_34357e075d63c3634310878636f9498847badcab/src/main/java/org/apache/commons/configuration2/builder/DefaultParametersManager.java,org.apache.commons.configuration2.builder.DefaultParametersManager,"unregisterDefaultsHandler/2[org.apache.commons.configuration2.builder.DefaultParametersHandler<?>,java.lang.Class<?>]",defaultHandlers,2
/home/sandro/workspace/sandro/MLCQCodeSmellSamples/scripts/../dataset/commons-configuration_34357e075d63c3634310878636f9498847badcab/src/main/java/org/apache/commons/configuration2/builder/DefaultParametersManager.java,org.apache.commons.configuration2.builder.DefaultParametersManager,initializeParameters/1[org.apache.commons.configuration2.builder.BuilderParameters],defaultHandlers,1
/home/sandro/workspace/sandro/MLCQCodeSmellSamples/scripts/../dataset/commons-configuration_34357e075d63c3634310878636f9498847badcab/src/main/java/org/apache/commons/configuration2/builder/DefaultParametersManager.java,org.apache.commons.configuration2.builder.DefaultParametersManager,DefaultParametersManager/0,defaultHandlers,1
/home/sandro/workspace/sandro/MLCQCodeSmellSamples/scripts/../dataset/commons-configuration_34357e075d63c3634310878636f9498847badcab/src/test/java/org/apache/commons/configuration2/TestThreesomeConfiguration.java,org.apache.commons.configuration2.TestThreesomeConfiguration,testList2/0,conf,1
/home/sandro/workspace/sandro/MLCQCodeSmellSamples/scripts/../dataset/commons-configuration_34357e075d63c3634310878636f9498847badcab/src/test/java/org/apache/commons/configuration2/TestThreesomeConfiguration.java,org.apache.commons.configuration2.TestThreesomeConfiguration,testList3/0,conf,1
/home/sandro/workspace/sandro/MLCQCodeSmellSamples/scripts/../dataset/commons-configuration_34357e075d63c3634310878636f9498847badcab/src/test/java/org/apache/commons/configuration2/TestThreesomeConfiguration.java,org.apache.commons.configuration2.TestThreesomeConfiguration,testList1/0,conf,1
/home/sandro/workspace/sandro/MLCQCodeSmellSamples/scripts/../dataset/commons-configuration_34357e075d63c3634310878636f9498847badcab/src/test/java/org/apache/commons/configuration2/TestThreesomeConfiguration.java,org.apache.commons.configuration2.TestThreesomeConfiguration,setUp/0,conf,1
/home/sandro/workspace/sandro/MLCQCodeSmellSamples/scripts/../dataset/commons-configuration_34357e075d63c3634310878636f9498847badcab/src/main/java/org/apache/commons/configuration2/tree/ModelTransaction.java,org.apache.commons.configuration2.tree.ModelTransaction$Operations,addOperation/1[org.apache.commons.configuration2.tree.ModelTransaction.Operation],operations,2
/home/sandro/workspace/sandro/MLCQCodeSmellSamples/scripts/../dataset/commons-configuration_34357e075d63c3634310878636f9498847badcab/src/main/java/org/apache/commons/configuration2/tree/ModelTransaction.java,org.apache.commons.configuration2.tree.ModelTransaction$Operations,addChildrenOperation/1[org.apache.commons.configuration2.tree.ModelTransaction.ChildrenUpdateOperation],childrenOperation,3
/home/sandro/workspace/sandro/MLCQCodeSmellSamples/scripts/../dataset/commons-configuration_34357e075d63c3634310878636f9498847badcab/src/main/java/org/apache/commons/configuration2/tree/ModelTransaction.java,org.apache.commons.configuration2.tree.ModelTransaction$Operations,"apply/2[org.apache.commons.configuration2.tree.ImmutableNode,int]",operations,2
/home/sandro/workspace/sandro/MLCQCodeSmellSamples/scripts/../dataset/commons-configuration_34357e075d63c3634310878636f9498847badcab/src/main/java/org/apache/commons/configuration2/tree/ModelTransaction.java,org.apache.commons.configuration2.tree.ModelTransaction$Operations,"apply/2[org.apache.commons.configuration2.tree.ImmutableNode,int]",childrenOperation,2
/home/sandro/workspace/sandro/MLCQCodeSmellSamples/scripts/../dataset/commons-configuration_34357e075d63c3634310878636f9498847badcab/src/main/java/org/apache/commons/configuration2/tree/ModelTransaction.java,org.apache.commons.configuration2.tree.ModelTransaction$Operations,handleAddedNodes/1[org.apache.commons.configuration2.tree.ImmutableNode],addedNodesInOperation,2
/home/sandro/workspace/sandro/MLCQCodeSmellSamples/scripts/../dataset/commons-configuration_34357e075d63c3634310878636f9498847badcab/src/main/java/org/apache/commons/configuration2/tree/ModelTransaction.java,org.apache.commons.configuration2.tree.ModelTransaction$Operations,newNodesAdded/1[java.util.Collection<org.apache.commons.configuration2.tree.ImmutableNode>],addedNodesInOperation,2
/home/sandro/workspace/sandro/MLCQCodeSmellSamples/scripts/../dataset/commons-configuration_34357e075d63c3634310878636f9498847badcab/src/main/java/org/apache/commons/configuration2/beanutils/BeanHelper.java,org.apache.commons.configuration2.beanutils.BeanHelper$BeanCreationContextImpl,"initBean/2[java.lang.Object,org.apache.commons.configuration2.beanutils.BeanDeclaration]",data,2
/home/sandro/workspace/sandro/MLCQCodeSmellSamples/scripts/../dataset/commons-configuration_34357e075d63c3634310878636f9498847badcab/src/main/java/org/apache/commons/configuration2/beanutils/BeanHelper.java,org.apache.commons.configuration2.beanutils.BeanHelper$BeanCreationContextImpl,"initBean/2[java.lang.Object,org.apache.commons.configuration2.beanutils.BeanDeclaration]",beanHelper,1
/home/sandro/workspace/sandro/MLCQCodeSmellSamples/scripts/../dataset/commons-configuration_34357e075d63c3634310878636f9498847badcab/src/main/java/org/apache/commons/configuration2/beanutils/BeanHelper.java,org.apache.commons.configuration2.beanutils.BeanHelper$BeanCreationContextImpl,getBeanClass/0,beanClass,1
/home/sandro/workspace/sandro/MLCQCodeSmellSamples/scripts/../dataset/commons-configuration_34357e075d63c3634310878636f9498847badcab/src/main/java/org/apache/commons/configuration2/beanutils/BeanHelper.java,org.apache.commons.configuration2.beanutils.BeanHelper$BeanCreationContextImpl,"BeanCreationContextImpl/4[org.apache.commons.configuration2.beanutils.BeanHelper,java.lang.Class<?>,org.apache.commons.configuration2.beanutils.BeanDeclaration,java.lang.Object]",data,3
/home/sandro/workspace/sandro/MLCQCodeSmellSamples/scripts/../dataset/commons-configuration_34357e075d63c3634310878636f9498847badcab/src/main/java/org/apache/commons/configuration2/beanutils/BeanHelper.java,org.apache.commons.configuration2.beanutils.BeanHelper$BeanCreationContextImpl,"BeanCreationContextImpl/4[org.apache.commons.configuration2.beanutils.BeanHelper,java.lang.Class<?>,org.apache.commons.configuration2.beanutils.BeanDeclaration,java.lang.Object]",beanClass,3
/home/sandro/workspace/sandro/MLCQCodeSmellSamples/scripts/../dataset/commons-configuration_34357e075d63c3634310878636f9498847badcab/src/main/java/org/apache/commons/configuration2/beanutils/BeanHelper.java,org.apache.commons.configuration2.beanutils.BeanHelper$BeanCreationContextImpl,"BeanCreationContextImpl/4[org.apache.commons.configuration2.beanutils.BeanHelper,java.lang.Class<?>,org.apache.commons.configuration2.beanutils.BeanDeclaration,java.lang.Object]",param,3
/home/sandro/workspace/sandro/MLCQCodeSmellSamples/scripts/../dataset/commons-configuration_34357e075d63c3634310878636f9498847badcab/src/main/java/org/apache/commons/configuration2/beanutils/BeanHelper.java,org.apache.commons.configuration2.beanutils.BeanHelper$BeanCreationContextImpl,"BeanCreationContextImpl/4[org.apache.commons.configuration2.beanutils.BeanHelper,java.lang.Class<?>,org.apache.commons.configuration2.beanutils.BeanDeclaration,java.lang.Object]",beanHelper,1
/home/sandro/workspace/sandro/MLCQCodeSmellSamples/scripts/../dataset/commons-configuration_34357e075d63c3634310878636f9498847badcab/src/main/java/org/apache/commons/configuration2/beanutils/BeanHelper.java,org.apache.commons.configuration2.beanutils.BeanHelper$BeanCreationContextImpl,getParameter/0,param,1
/home/sandro/workspace/sandro/MLCQCodeSmellSamples/scripts/../dataset/commons-configuration_34357e075d63c3634310878636f9498847badcab/src/main/java/org/apache/commons/configuration2/beanutils/BeanHelper.java,org.apache.commons.configuration2.beanutils.BeanHelper$BeanCreationContextImpl,createBean/1[org.apache.commons.configuration2.beanutils.BeanDeclaration],data,2
/home/sandro/workspace/sandro/MLCQCodeSmellSamples/scripts/../dataset/commons-configuration_34357e075d63c3634310878636f9498847badcab/src/main/java/org/apache/commons/configuration2/beanutils/BeanHelper.java,org.apache.commons.configuration2.beanutils.BeanHelper$BeanCreationContextImpl,createBean/1[org.apache.commons.configuration2.beanutils.BeanDeclaration],beanHelper,1
/home/sandro/workspace/sandro/MLCQCodeSmellSamples/scripts/../dataset/commons-configuration_34357e075d63c3634310878636f9498847badcab/src/main/java/org/apache/commons/configuration2/beanutils/BeanHelper.java,org.apache.commons.configuration2.beanutils.BeanHelper$BeanCreationContextImpl,getBeanDeclaration/0,data,1
/home/sandro/workspace/sandro/MLCQCodeSmellSamples/scripts/../dataset/commons-configuration_34357e075d63c3634310878636f9498847badcab/src/main/java/org/apache/commons/configuration2/beanutils/ConstructorArg.java,org.apache.commons.configuration2.beanutils.ConstructorArg,forValue/1[java.lang.Object],value,3
/home/sandro/workspace/sandro/MLCQCodeSmellSamples/scripts/../dataset/commons-configuration_34357e075d63c3634310878636f9498847badcab/src/main/java/org/apache/commons/configuration2/beanutils/ConstructorArg.java,org.apache.commons.configuration2.beanutils.ConstructorArg,"forValue/2[java.lang.Object,java.lang.String]",typeName,3
/home/sandro/workspace/sandro/MLCQCodeSmellSamples/scripts/../dataset/commons-configuration_34357e075d63c3634310878636f9498847badcab/src/main/java/org/apache/commons/configuration2/beanutils/ConstructorArg.java,org.apache.commons.configuration2.beanutils.ConstructorArg,"forValue/2[java.lang.Object,java.lang.String]",value,3
/home/sandro/workspace/sandro/MLCQCodeSmellSamples/scripts/../dataset/commons-configuration_34357e075d63c3634310878636f9498847badcab/src/main/java/org/apache/commons/configuration2/beanutils/ConstructorArg.java,org.apache.commons.configuration2.beanutils.ConstructorArg,"ConstructorArg/3[org.apache.commons.configuration2.beanutils.BeanDeclaration,java.lang.Object,java.lang.String]",beanDeclaration,1
/home/sandro/workspace/sandro/MLCQCodeSmellSamples/scripts/../dataset/commons-configuration_34357e075d63c3634310878636f9498847badcab/src/main/java/org/apache/commons/configuration2/beanutils/ConstructorArg.java,org.apache.commons.configuration2.beanutils.ConstructorArg,"ConstructorArg/3[org.apache.commons.configuration2.beanutils.BeanDeclaration,java.lang.Object,java.lang.String]",typeName,1
/home/sandro/workspace/sandro/MLCQCodeSmellSamples/scripts/../dataset/commons-configuration_34357e075d63c3634310878636f9498847badcab/src/main/java/org/apache/commons/configuration2/beanutils/ConstructorArg.java,org.apache.commons.configuration2.beanutils.ConstructorArg,"ConstructorArg/3[org.apache.commons.configuration2.beanutils.BeanDeclaration,java.lang.Object,java.lang.String]",value,1
/home/sandro/workspace/sandro/MLCQCodeSmellSamples/scripts/../dataset/commons-configuration_34357e075d63c3634310878636f9498847badcab/src/main/java/org/apache/commons/configuration2/beanutils/ConstructorArg.java,org.apache.commons.configuration2.beanutils.ConstructorArg,getValue/0,value,1
/home/sandro/workspace/sandro/MLCQCodeSmellSamples/scripts/../dataset/commons-configuration_34357e075d63c3634310878636f9498847badcab/src/main/java/org/apache/commons/configuration2/beanutils/ConstructorArg.java,org.apache.commons.configuration2.beanutils.ConstructorArg,getTypeName/0,typeName,1
/home/sandro/workspace/sandro/MLCQCodeSmellSamples/scripts/../dataset/commons-configuration_34357e075d63c3634310878636f9498847badcab/src/main/java/org/apache/commons/configuration2/beanutils/ConstructorArg.java,org.apache.commons.configuration2.beanutils.ConstructorArg,getBeanDeclaration/0,beanDeclaration,1
/home/sandro/workspace/sandro/MLCQCodeSmellSamples/scripts/../dataset/commons-configuration_34357e075d63c3634310878636f9498847badcab/src/main/java/org/apache/commons/configuration2/beanutils/ConstructorArg.java,org.apache.commons.configuration2.beanutils.ConstructorArg,"forBeanDeclaration/2[org.apache.commons.configuration2.beanutils.BeanDeclaration,java.lang.String]",typeName,3
/home/sandro/workspace/sandro/MLCQCodeSmellSamples/scripts/../dataset/commons-configuration_34357e075d63c3634310878636f9498847badcab/src/test/java/org/apache/commons/configuration2/TestSubsetConfiguration.java,org.apache.commons.configuration2.TestSubsetConfiguration,testNested/0,TEST_FILE,1
/home/sandro/workspace/sandro/MLCQCodeSmellSamples/scripts/../dataset/commons-configuration_34357e075d63c3634310878636f9498847badcab/src/main/java/org/apache/commons/configuration2/interpol/DefaultLookups.java,org.apache.commons.configuration2.interpol.DefaultLookups,getLookup/0,lookup,1
/home/sandro/workspace/sandro/MLCQCodeSmellSamples/scripts/../dataset/commons-configuration_34357e075d63c3634310878636f9498847badcab/src/main/java/org/apache/commons/configuration2/interpol/DefaultLookups.java,org.apache.commons.configuration2.interpol.DefaultLookups,"DefaultLookups/2[java.lang.String,org.apache.commons.configuration2.interpol.Lookup]",lookup,4
/home/sandro/workspace/sandro/MLCQCodeSmellSamples/scripts/../dataset/commons-configuration_34357e075d63c3634310878636f9498847badcab/src/main/java/org/apache/commons/configuration2/interpol/DefaultLookups.java,org.apache.commons.configuration2.interpol.DefaultLookups,"DefaultLookups/2[java.lang.String,org.apache.commons.configuration2.interpol.Lookup]",prefix,4
/home/sandro/workspace/sandro/MLCQCodeSmellSamples/scripts/../dataset/commons-configuration_34357e075d63c3634310878636f9498847badcab/src/main/java/org/apache/commons/configuration2/interpol/DefaultLookups.java,org.apache.commons.configuration2.interpol.DefaultLookups,getPrefix/0,prefix,1
/home/sandro/workspace/sandro/MLCQCodeSmellSamples/scripts/../dataset/commons-configuration_34357e075d63c3634310878636f9498847badcab/src/main/java/org/apache/commons/configuration2/io/CombinedLocationStrategy.java,org.apache.commons.configuration2.io.CombinedLocationStrategy,CombinedLocationStrategy/1[java.util.Collection<? extends org.apache.commons.configuration2.io.FileLocationStrategy>],subStrategies,2
/home/sandro/workspace/sandro/MLCQCodeSmellSamples/scripts/../dataset/commons-configuration_34357e075d63c3634310878636f9498847badcab/src/main/java/org/apache/commons/configuration2/io/CombinedLocationStrategy.java,org.apache.commons.configuration2.io.CombinedLocationStrategy,getSubStrategies/0,subStrategies,1
/home/sandro/workspace/sandro/MLCQCodeSmellSamples/scripts/../dataset/commons-configuration_34357e075d63c3634310878636f9498847badcab/src/main/java/org/apache/commons/configuration2/builder/combined/CombinedBuilderParametersImpl.java,org.apache.commons.configuration2.builder.combined.CombinedBuilderParametersImpl,"fromParameters/2[java.util.Map<java.lang.String,?>,boolean]",PARAM_KEY,1
/home/sandro/workspace/sandro/MLCQCodeSmellSamples/scripts/../dataset/commons-configuration_34357e075d63c3634310878636f9498847badcab/src/main/java/org/apache/commons/configuration2/builder/combined/CombinedBuilderParametersImpl.java,org.apache.commons.configuration2.builder.combined.CombinedBuilderParametersImpl,setInheritSettings/1[boolean],inheritSettings,3
/home/sandro/workspace/sandro/MLCQCodeSmellSamples/scripts/../dataset/commons-configuration_34357e075d63c3634310878636f9498847badcab/src/main/java/org/apache/commons/configuration2/builder/combined/CombinedBuilderParametersImpl.java,org.apache.commons.configuration2.builder.combined.CombinedBuilderParametersImpl,providerForTag/1[java.lang.String],providers,1
/home/sandro/workspace/sandro/MLCQCodeSmellSamples/scripts/../dataset/commons-configuration_34357e075d63c3634310878636f9498847badcab/src/main/java/org/apache/commons/configuration2/builder/combined/CombinedBuilderParametersImpl.java,org.apache.commons.configuration2.builder.combined.CombinedBuilderParametersImpl,getDefinitionBuilder/0,definitionBuilder,1
/home/sandro/workspace/sandro/MLCQCodeSmellSamples/scripts/../dataset/commons-configuration_34357e075d63c3634310878636f9498847badcab/src/main/java/org/apache/commons/configuration2/builder/combined/CombinedBuilderParametersImpl.java,org.apache.commons.configuration2.builder.combined.CombinedBuilderParametersImpl,isInheritSettings/0,inheritSettings,1
/home/sandro/workspace/sandro/MLCQCodeSmellSamples/scripts/../dataset/commons-configuration_34357e075d63c3634310878636f9498847badcab/src/main/java/org/apache/commons/configuration2/builder/combined/CombinedBuilderParametersImpl.java,org.apache.commons.configuration2.builder.combined.CombinedBuilderParametersImpl,setBasePath/1[java.lang.String],basePath,1
/home/sandro/workspace/sandro/MLCQCodeSmellSamples/scripts/../dataset/commons-configuration_34357e075d63c3634310878636f9498847badcab/src/main/java/org/apache/commons/configuration2/builder/combined/CombinedBuilderParametersImpl.java,org.apache.commons.configuration2.builder.combined.CombinedBuilderParametersImpl,getParameters/0,PARAM_KEY,1
/home/sandro/workspace/sandro/MLCQCodeSmellSamples/scripts/../dataset/commons-configuration_34357e075d63c3634310878636f9498847badcab/src/main/java/org/apache/commons/configuration2/builder/combined/CombinedBuilderParametersImpl.java,org.apache.commons.configuration2.builder.combined.CombinedBuilderParametersImpl,"registerMissingProviders/1[java.util.Map<java.lang.String,org.apache.commons.configuration2.builder.combined.ConfigurationBuilderProvider>]",providers,5
/home/sandro/workspace/sandro/MLCQCodeSmellSamples/scripts/../dataset/commons-configuration_34357e075d63c3634310878636f9498847badcab/src/main/java/org/apache/commons/configuration2/builder/combined/CombinedBuilderParametersImpl.java,org.apache.commons.configuration2.builder.combined.CombinedBuilderParametersImpl,getProviders/0,providers,1
/home/sandro/workspace/sandro/MLCQCodeSmellSamples/scripts/../dataset/commons-configuration_34357e075d63c3634310878636f9498847badcab/src/main/java/org/apache/commons/configuration2/builder/combined/CombinedBuilderParametersImpl.java,org.apache.commons.configuration2.builder.combined.CombinedBuilderParametersImpl,setChildDefaultParametersManager/1[org.apache.commons.configuration2.builder.DefaultParametersManager],childDefaultParametersManager,1
/home/sandro/workspace/sandro/MLCQCodeSmellSamples/scripts/../dataset/commons-configuration_34357e075d63c3634310878636f9498847badcab/src/main/java/org/apache/commons/configuration2/builder/combined/CombinedBuilderParametersImpl.java,org.apache.commons.configuration2.builder.combined.CombinedBuilderParametersImpl,"registerProvider/2[java.lang.String,org.apache.commons.configuration2.builder.combined.ConfigurationBuilderProvider]",providers,1
/home/sandro/workspace/sandro/MLCQCodeSmellSamples/scripts/../dataset/commons-configuration_34357e075d63c3634310878636f9498847badcab/src/main/java/org/apache/commons/configuration2/builder/combined/CombinedBuilderParametersImpl.java,org.apache.commons.configuration2.builder.combined.CombinedBuilderParametersImpl,getChildDefaultParametersManager/0,childDefaultParametersManager,3
/home/sandro/workspace/sandro/MLCQCodeSmellSamples/scripts/../dataset/commons-configuration_34357e075d63c3634310878636f9498847badcab/src/main/java/org/apache/commons/configuration2/builder/combined/CombinedBuilderParametersImpl.java,org.apache.commons.configuration2.builder.combined.CombinedBuilderParametersImpl,getDefinitionBuilderParameters/0,definitionBuilderParameters,1
/home/sandro/workspace/sandro/MLCQCodeSmellSamples/scripts/../dataset/commons-configuration_34357e075d63c3634310878636f9498847badcab/src/main/java/org/apache/commons/configuration2/builder/combined/CombinedBuilderParametersImpl.java,org.apache.commons.configuration2.builder.combined.CombinedBuilderParametersImpl,getBasePath/0,basePath,1
/home/sandro/workspace/sandro/MLCQCodeSmellSamples/scripts/../dataset/commons-configuration_34357e075d63c3634310878636f9498847badcab/src/main/java/org/apache/commons/configuration2/builder/combined/CombinedBuilderParametersImpl.java,org.apache.commons.configuration2.builder.combined.CombinedBuilderParametersImpl,getDefaultChildParameters/0,childParameters,1
/home/sandro/workspace/sandro/MLCQCodeSmellSamples/scripts/../dataset/commons-configuration_34357e075d63c3634310878636f9498847badcab/src/main/java/org/apache/commons/configuration2/builder/combined/CombinedBuilderParametersImpl.java,org.apache.commons.configuration2.builder.combined.CombinedBuilderParametersImpl,setDefinitionBuilder/1[org.apache.commons.configuration2.builder.ConfigurationBuilder<? extends org.apache.commons.configuration2.HierarchicalConfiguration<?>>],definitionBuilder,1
/home/sandro/workspace/sandro/MLCQCodeSmellSamples/scripts/../dataset/commons-configuration_34357e075d63c3634310878636f9498847badcab/src/main/java/org/apache/commons/configuration2/builder/combined/CombinedBuilderParametersImpl.java,org.apache.commons.configuration2.builder.combined.CombinedBuilderParametersImpl,setDefinitionBuilderParameters/1[org.apache.commons.configuration2.builder.BuilderParameters],definitionBuilderParameters,1
/home/sandro/workspace/sandro/MLCQCodeSmellSamples/scripts/../dataset/commons-configuration_34357e075d63c3634310878636f9498847badcab/src/main/java/org/apache/commons/configuration2/builder/combined/CombinedBuilderParametersImpl.java,org.apache.commons.configuration2.builder.combined.CombinedBuilderParametersImpl,CombinedBuilderParametersImpl/0,childParameters,1
/home/sandro/workspace/sandro/MLCQCodeSmellSamples/scripts/../dataset/commons-configuration_34357e075d63c3634310878636f9498847badcab/src/main/java/org/apache/commons/configuration2/builder/combined/CombinedBuilderParametersImpl.java,org.apache.commons.configuration2.builder.combined.CombinedBuilderParametersImpl,CombinedBuilderParametersImpl/0,inheritSettings,1
/home/sandro/workspace/sandro/MLCQCodeSmellSamples/scripts/../dataset/commons-configuration_34357e075d63c3634310878636f9498847badcab/src/main/java/org/apache/commons/configuration2/builder/combined/CombinedBuilderParametersImpl.java,org.apache.commons.configuration2.builder.combined.CombinedBuilderParametersImpl,CombinedBuilderParametersImpl/0,providers,1
/home/sandro/workspace/sandro/MLCQCodeSmellSamples/scripts/../dataset/commons-configuration_34357e075d63c3634310878636f9498847badcab/src/test/java/org/apache/commons/configuration2/io/TestCombinedLocationStrategy.java,org.apache.commons.configuration2.io.TestCombinedLocationStrategy,testLocateSuccessFirstSubStrategy/0,locator,2
/home/sandro/workspace/sandro/MLCQCodeSmellSamples/scripts/../dataset/commons-configuration_34357e075d63c3634310878636f9498847badcab/src/test/java/org/apache/commons/configuration2/io/TestCombinedLocationStrategy.java,org.apache.commons.configuration2.io.TestCombinedLocationStrategy,testLocateSuccessFirstSubStrategy/0,locateURL,2
/home/sandro/workspace/sandro/MLCQCodeSmellSamples/scripts/../dataset/commons-configuration_34357e075d63c3634310878636f9498847badcab/src/test/java/org/apache/commons/configuration2/io/TestCombinedLocationStrategy.java,org.apache.commons.configuration2.io.TestCombinedLocationStrategy,getFileSystem/0,fileSystem,4
/home/sandro/workspace/sandro/MLCQCodeSmellSamples/scripts/../dataset/commons-configuration_34357e075d63c3634310878636f9498847badcab/src/test/java/org/apache/commons/configuration2/io/TestCombinedLocationStrategy.java,org.apache.commons.configuration2.io.TestCombinedLocationStrategy,getSubStrategies/0,subStrategies,4
/home/sandro/workspace/sandro/MLCQCodeSmellSamples/scripts/../dataset/commons-configuration_34357e075d63c3634310878636f9498847badcab/src/test/java/org/apache/commons/configuration2/io/TestCombinedLocationStrategy.java,org.apache.commons.configuration2.io.TestCombinedLocationStrategy,testLocateFailed/0,locator,3
/home/sandro/workspace/sandro/MLCQCodeSmellSamples/scripts/../dataset/commons-configuration_34357e075d63c3634310878636f9498847badcab/src/test/java/org/apache/commons/configuration2/io/TestCombinedLocationStrategy.java,org.apache.commons.configuration2.io.TestCombinedLocationStrategy,setUpOnce/0,locator,1
/home/sandro/workspace/sandro/MLCQCodeSmellSamples/scripts/../dataset/commons-configuration_34357e075d63c3634310878636f9498847badcab/src/test/java/org/apache/commons/configuration2/io/TestCombinedLocationStrategy.java,org.apache.commons.configuration2.io.TestCombinedLocationStrategy,setUpOnce/0,locateURL,1
/home/sandro/workspace/sandro/MLCQCodeSmellSamples/scripts/../dataset/commons-configuration_34357e075d63c3634310878636f9498847badcab/src/test/java/org/apache/commons/configuration2/io/TestCombinedLocationStrategy.java,org.apache.commons.configuration2.io.TestCombinedLocationStrategy,testLocateSuccessSecondSubStrategy/0,locator,3
/home/sandro/workspace/sandro/MLCQCodeSmellSamples/scripts/../dataset/commons-configuration_34357e075d63c3634310878636f9498847badcab/src/test/java/org/apache/commons/configuration2/io/TestCombinedLocationStrategy.java,org.apache.commons.configuration2.io.TestCombinedLocationStrategy,testLocateSuccessSecondSubStrategy/0,locateURL,2
/home/sandro/workspace/sandro/MLCQCodeSmellSamples/scripts/../dataset/commons-configuration_34357e075d63c3634310878636f9498847badcab/src/main/java/org/apache/commons/configuration2/tree/xpath/ConfigurationAttributePointer.java,org.apache.commons.configuration2.tree.xpath.ConfigurationAttributePointer,getImmediateNode/0,attributeResult,1
/home/sandro/workspace/sandro/MLCQCodeSmellSamples/scripts/../dataset/commons-configuration_34357e075d63c3634310878636f9498847badcab/src/main/java/org/apache/commons/configuration2/tree/xpath/ConfigurationAttributePointer.java,org.apache.commons.configuration2.tree.xpath.ConfigurationAttributePointer,"ConfigurationAttributePointer/2[org.apache.commons.configuration2.tree.xpath.ConfigurationNodePointer<T>,java.lang.String]",attributeResult,1
/home/sandro/workspace/sandro/MLCQCodeSmellSamples/scripts/../dataset/commons-configuration_34357e075d63c3634310878636f9498847badcab/src/main/java/org/apache/commons/configuration2/tree/xpath/ConfigurationAttributePointer.java,org.apache.commons.configuration2.tree.xpath.ConfigurationAttributePointer,getName/0,attributeResult,1
/home/sandro/workspace/sandro/MLCQCodeSmellSamples/scripts/../dataset/commons-configuration_34357e075d63c3634310878636f9498847badcab/src/main/java/org/apache/commons/configuration2/tree/xpath/ConfigurationAttributePointer.java,org.apache.commons.configuration2.tree.xpath.ConfigurationAttributePointer,getValue/0,attributeResult,1
/home/sandro/workspace/sandro/MLCQCodeSmellSamples/scripts/../dataset/commons-configuration_34357e075d63c3634310878636f9498847badcab/src/main/java/org/apache/commons/configuration2/convert/DefaultListDelimiterHandler.java,org.apache.commons.configuration2.convert.DefaultListDelimiterHandler,DefaultListDelimiterHandler/1[char],delimiter,1
/home/sandro/workspace/sandro/MLCQCodeSmellSamples/scripts/../dataset/commons-configuration_34357e075d63c3634310878636f9498847badcab/src/main/java/org/apache/commons/configuration2/convert/DefaultListDelimiterHandler.java,org.apache.commons.configuration2.convert.DefaultListDelimiterHandler,getDelimiter/0,delimiter,1
/home/sandro/workspace/sandro/MLCQCodeSmellSamples/scripts/../dataset/commons-configuration_34357e075d63c3634310878636f9498847badcab/src/main/java/org/apache/commons/configuration2/convert/DefaultListDelimiterHandler.java,org.apache.commons.configuration2.convert.DefaultListDelimiterHandler,"splitString/2[java.lang.String,boolean]",ESCAPE,4
/home/sandro/workspace/sandro/MLCQCodeSmellSamples/scripts/../dataset/commons-configuration_34357e075d63c3634310878636f9498847badcab/src/main/java/org/apache/commons/configuration2/convert/DefaultListDelimiterHandler.java,org.apache.commons.configuration2.convert.DefaultListDelimiterHandler,escapeString/1[java.lang.String],BUF_SIZE,1
/home/sandro/workspace/sandro/MLCQCodeSmellSamples/scripts/../dataset/commons-configuration_34357e075d63c3634310878636f9498847badcab/src/main/java/org/apache/commons/configuration2/convert/DefaultListDelimiterHandler.java,org.apache.commons.configuration2.convert.DefaultListDelimiterHandler,escapeString/1[java.lang.String],ESCAPE,2
/home/sandro/workspace/sandro/MLCQCodeSmellSamples/scripts/../dataset/commons-configuration_34357e075d63c3634310878636f9498847badcab/src/test/java/org/apache/commons/configuration2/TestBaseHierarchicalConfigurationSynchronization.java,org.apache.commons.configuration2.TestBaseHierarchicalConfigurationSynchronization$SubNodeAccessThread,"SubNodeAccessThread/4[org.apache.commons.configuration2.HierarchicalConfiguration<org.apache.commons.configuration2.ImmutableNode>,java.util.concurrent.CountDownLatch,java.lang.String,java.lang.String]",keyProp,1
/home/sandro/workspace/sandro/MLCQCodeSmellSamples/scripts/../dataset/commons-configuration_34357e075d63c3634310878636f9498847badcab/src/test/java/org/apache/commons/configuration2/TestBaseHierarchicalConfigurationSynchronization.java,org.apache.commons.configuration2.TestBaseHierarchicalConfigurationSynchronization$SubNodeAccessThread,"SubNodeAccessThread/4[org.apache.commons.configuration2.HierarchicalConfiguration<org.apache.commons.configuration2.ImmutableNode>,java.util.concurrent.CountDownLatch,java.lang.String,java.lang.String]",latch,1
/home/sandro/workspace/sandro/MLCQCodeSmellSamples/scripts/../dataset/commons-configuration_34357e075d63c3634310878636f9498847badcab/src/test/java/org/apache/commons/configuration2/TestBaseHierarchicalConfigurationSynchronization.java,org.apache.commons.configuration2.TestBaseHierarchicalConfigurationSynchronization$SubNodeAccessThread,"SubNodeAccessThread/4[org.apache.commons.configuration2.HierarchicalConfiguration<org.apache.commons.configuration2.ImmutableNode>,java.util.concurrent.CountDownLatch,java.lang.String,java.lang.String]",config,1
/home/sandro/workspace/sandro/MLCQCodeSmellSamples/scripts/../dataset/commons-configuration_34357e075d63c3634310878636f9498847badcab/src/test/java/org/apache/commons/configuration2/TestBaseHierarchicalConfigurationSynchronization.java,org.apache.commons.configuration2.TestBaseHierarchicalConfigurationSynchronization$SubNodeAccessThread,"SubNodeAccessThread/4[org.apache.commons.configuration2.HierarchicalConfiguration<org.apache.commons.configuration2.ImmutableNode>,java.util.concurrent.CountDownLatch,java.lang.String,java.lang.String]",keySub,1
/home/sandro/workspace/sandro/MLCQCodeSmellSamples/scripts/../dataset/commons-configuration_34357e075d63c3634310878636f9498847badcab/src/test/java/org/apache/commons/configuration2/TestBaseHierarchicalConfigurationSynchronization.java,org.apache.commons.configuration2.TestBaseHierarchicalConfigurationSynchronization$SubNodeAccessThread,run/0,keyProp,1
/home/sandro/workspace/sandro/MLCQCodeSmellSamples/scripts/../dataset/commons-configuration_34357e075d63c3634310878636f9498847badcab/src/test/java/org/apache/commons/configuration2/TestBaseHierarchicalConfigurationSynchronization.java,org.apache.commons.configuration2.TestBaseHierarchicalConfigurationSynchronization$SubNodeAccessThread,run/0,latch,1
/home/sandro/workspace/sandro/MLCQCodeSmellSamples/scripts/../dataset/commons-configuration_34357e075d63c3634310878636f9498847badcab/src/test/java/org/apache/commons/configuration2/TestBaseHierarchicalConfigurationSynchronization.java,org.apache.commons.configuration2.TestBaseHierarchicalConfigurationSynchronization$SubNodeAccessThread,run/0,config,1
/home/sandro/workspace/sandro/MLCQCodeSmellSamples/scripts/../dataset/commons-configuration_34357e075d63c3634310878636f9498847badcab/src/test/java/org/apache/commons/configuration2/TestBaseHierarchicalConfigurationSynchronization.java,org.apache.commons.configuration2.TestBaseHierarchicalConfigurationSynchronization$SubNodeAccessThread,run/0,value,1
/home/sandro/workspace/sandro/MLCQCodeSmellSamples/scripts/../dataset/commons-configuration_34357e075d63c3634310878636f9498847badcab/src/test/java/org/apache/commons/configuration2/TestBaseHierarchicalConfigurationSynchronization.java,org.apache.commons.configuration2.TestBaseHierarchicalConfigurationSynchronization$SubNodeAccessThread,run/0,keySub,1
/home/sandro/workspace/sandro/MLCQCodeSmellSamples/scripts/../dataset/commons-configuration_34357e075d63c3634310878636f9498847badcab/src/test/java/org/apache/commons/configuration2/TestBaseHierarchicalConfigurationSynchronization.java,org.apache.commons.configuration2.TestBaseHierarchicalConfigurationSynchronization$SubNodeAccessThread,verify/0,value,1
/home/sandro/workspace/sandro/MLCQCodeSmellSamples/scripts/../dataset/commons-configuration_34357e075d63c3634310878636f9498847badcab/src/main/java/org/apache/commons/configuration2/spring/ConfigurationPropertiesFactoryBean.java,org.apache.commons.configuration2.spring.ConfigurationPropertiesFactoryBean,isThrowExceptionOnMissing/0,throwExceptionOnMissing,1
/home/sandro/workspace/sandro/MLCQCodeSmellSamples/scripts/../dataset/commons-configuration_34357e075d63c3634310878636f9498847badcab/src/main/java/org/apache/commons/configuration2/spring/ConfigurationPropertiesFactoryBean.java,org.apache.commons.configuration2.spring.ConfigurationPropertiesFactoryBean,afterPropertiesSet/0,compositeConfiguration,6
/home/sandro/workspace/sandro/MLCQCodeSmellSamples/scripts/../dataset/commons-configuration_34357e075d63c3634310878636f9498847badcab/src/main/java/org/apache/commons/configuration2/spring/ConfigurationPropertiesFactoryBean.java,org.apache.commons.configuration2.spring.ConfigurationPropertiesFactoryBean,afterPropertiesSet/0,configurations,3
/home/sandro/workspace/sandro/MLCQCodeSmellSamples/scripts/../dataset/commons-configuration_34357e075d63c3634310878636f9498847badcab/src/main/java/org/apache/commons/configuration2/spring/ConfigurationPropertiesFactoryBean.java,org.apache.commons.configuration2.spring.ConfigurationPropertiesFactoryBean,afterPropertiesSet/0,throwExceptionOnMissing,1
/home/sandro/workspace/sandro/MLCQCodeSmellSamples/scripts/../dataset/commons-configuration_34357e075d63c3634310878636f9498847badcab/src/main/java/org/apache/commons/configuration2/spring/ConfigurationPropertiesFactoryBean.java,org.apache.commons.configuration2.spring.ConfigurationPropertiesFactoryBean,afterPropertiesSet/0,locations,3
/home/sandro/workspace/sandro/MLCQCodeSmellSamples/scripts/../dataset/commons-configuration_34357e075d63c3634310878636f9498847badcab/src/main/java/org/apache/commons/configuration2/spring/ConfigurationPropertiesFactoryBean.java,org.apache.commons.configuration2.spring.ConfigurationPropertiesFactoryBean,getConfiguration/0,compositeConfiguration,1
/home/sandro/workspace/sandro/MLCQCodeSmellSamples/scripts/../dataset/commons-configuration_34357e075d63c3634310878636f9498847badcab/src/main/java/org/apache/commons/configuration2/spring/ConfigurationPropertiesFactoryBean.java,org.apache.commons.configuration2.spring.ConfigurationPropertiesFactoryBean,setLocations/1[org.apache.commons.configuration2.spring.Resource[]],locations,4
/home/sandro/workspace/sandro/MLCQCodeSmellSamples/scripts/../dataset/commons-configuration_34357e075d63c3634310878636f9498847badcab/src/main/java/org/apache/commons/configuration2/spring/ConfigurationPropertiesFactoryBean.java,org.apache.commons.configuration2.spring.ConfigurationPropertiesFactoryBean,setThrowExceptionOnMissing/1[boolean],throwExceptionOnMissing,4
/home/sandro/workspace/sandro/MLCQCodeSmellSamples/scripts/../dataset/commons-configuration_34357e075d63c3634310878636f9498847badcab/src/main/java/org/apache/commons/configuration2/spring/ConfigurationPropertiesFactoryBean.java,org.apache.commons.configuration2.spring.ConfigurationPropertiesFactoryBean,ConfigurationPropertiesFactoryBean/1[org.apache.commons.configuration2.Configuration],compositeConfiguration,1
/home/sandro/workspace/sandro/MLCQCodeSmellSamples/scripts/../dataset/commons-configuration_34357e075d63c3634310878636f9498847badcab/src/main/java/org/apache/commons/configuration2/spring/ConfigurationPropertiesFactoryBean.java,org.apache.commons.configuration2.spring.ConfigurationPropertiesFactoryBean,setConfigurations/1[org.apache.commons.configuration2.Configuration[]],configurations,4
/home/sandro/workspace/sandro/MLCQCodeSmellSamples/scripts/../dataset/commons-configuration_34357e075d63c3634310878636f9498847badcab/src/main/java/org/apache/commons/configuration2/spring/ConfigurationPropertiesFactoryBean.java,org.apache.commons.configuration2.spring.ConfigurationPropertiesFactoryBean,getLocations/0,locations,1
/home/sandro/workspace/sandro/MLCQCodeSmellSamples/scripts/../dataset/commons-configuration_34357e075d63c3634310878636f9498847badcab/src/main/java/org/apache/commons/configuration2/spring/ConfigurationPropertiesFactoryBean.java,org.apache.commons.configuration2.spring.ConfigurationPropertiesFactoryBean,getObject/0,compositeConfiguration,2
/home/sandro/workspace/sandro/MLCQCodeSmellSamples/scripts/../dataset/commons-configuration_34357e075d63c3634310878636f9498847badcab/src/main/java/org/apache/commons/configuration2/spring/ConfigurationPropertiesFactoryBean.java,org.apache.commons.configuration2.spring.ConfigurationPropertiesFactoryBean,getConfigurations/0,configurations,1
/home/sandro/workspace/sandro/MLCQCodeSmellSamples/scripts/../dataset/commons-configuration_34357e075d63c3634310878636f9498847badcab/src/main/java/org/apache/commons/configuration2/builder/combined/MultiFileConfigurationBuilderProvider.java,org.apache.commons.configuration2.builder.combined.MultiFileConfigurationBuilderProvider$WrapperBuilder,"removeEventListener/2[org.apache.commons.configuration2.event.EventType<T>,org.apache.commons.configuration2.event.EventListener<? super T>]",builder,1
/home/sandro/workspace/sandro/MLCQCodeSmellSamples/scripts/../dataset/commons-configuration_34357e075d63c3634310878636f9498847badcab/src/main/java/org/apache/commons/configuration2/builder/combined/MultiFileConfigurationBuilderProvider.java,org.apache.commons.configuration2.builder.combined.MultiFileConfigurationBuilderProvider$WrapperBuilder,getConfiguration/0,configuration,1
/home/sandro/workspace/sandro/MLCQCodeSmellSamples/scripts/../dataset/commons-configuration_34357e075d63c3634310878636f9498847badcab/src/main/java/org/apache/commons/configuration2/builder/combined/MultiFileConfigurationBuilderProvider.java,org.apache.commons.configuration2.builder.combined.MultiFileConfigurationBuilderProvider$WrapperBuilder,"WrapperBuilder/2[org.apache.commons.configuration2.Configuration,org.apache.commons.configuration2.builder.ConfigurationBuilder<? extends org.apache.commons.configuration2.Configuration>]",configuration,1
/home/sandro/workspace/sandro/MLCQCodeSmellSamples/scripts/../dataset/commons-configuration_34357e075d63c3634310878636f9498847badcab/src/main/java/org/apache/commons/configuration2/builder/combined/MultiFileConfigurationBuilderProvider.java,org.apache.commons.configuration2.builder.combined.MultiFileConfigurationBuilderProvider$WrapperBuilder,"WrapperBuilder/2[org.apache.commons.configuration2.Configuration,org.apache.commons.configuration2.builder.ConfigurationBuilder<? extends org.apache.commons.configuration2.Configuration>]",builder,1
/home/sandro/workspace/sandro/MLCQCodeSmellSamples/scripts/../dataset/commons-configuration_34357e075d63c3634310878636f9498847badcab/src/main/java/org/apache/commons/configuration2/builder/combined/MultiFileConfigurationBuilderProvider.java,org.apache.commons.configuration2.builder.combined.MultiFileConfigurationBuilderProvider$WrapperBuilder,"addEventListener/2[org.apache.commons.configuration2.event.EventType<T>,org.apache.commons.configuration2.event.EventListener<? super T>]",builder,1
/home/sandro/workspace/sandro/MLCQCodeSmellSamples/scripts/../dataset/commons-configuration_34357e075d63c3634310878636f9498847badcab/src/test/java/org/apache/commons/configuration2/TestBaseConfiguration.java,org.apache.commons.configuration2.TestBaseConfiguration,testGetBooleanUnknown/0,config,1
/home/sandro/workspace/sandro/MLCQCodeSmellSamples/scripts/../dataset/commons-configuration_34357e075d63c3634310878636f9498847badcab/src/test/java/org/apache/commons/configuration2/TestBaseConfiguration.java,org.apache.commons.configuration2.TestBaseConfiguration,testGetFloat/0,config,5
/home/sandro/workspace/sandro/MLCQCodeSmellSamples/scripts/../dataset/commons-configuration_34357e075d63c3634310878636f9498847badcab/src/test/java/org/apache/commons/configuration2/TestBaseConfiguration.java,org.apache.commons.configuration2.TestBaseConfiguration,testGetBigIntegerUnknown/0,config,1
/home/sandro/workspace/sandro/MLCQCodeSmellSamples/scripts/../dataset/commons-configuration_34357e075d63c3634310878636f9498847badcab/src/test/java/org/apache/commons/configuration2/TestBaseConfiguration.java,org.apache.commons.configuration2.TestBaseConfiguration,testMultipleInterpolation/0,config,1
/home/sandro/workspace/sandro/MLCQCodeSmellSamples/scripts/../dataset/commons-configuration_34357e075d63c3634310878636f9498847badcab/src/test/java/org/apache/commons/configuration2/TestBaseConfiguration.java,org.apache.commons.configuration2.TestBaseConfiguration,testPropertyAccess/0,config,6
/home/sandro/workspace/sandro/MLCQCodeSmellSamples/scripts/../dataset/commons-configuration_34357e075d63c3634310878636f9498847badcab/src/test/java/org/apache/commons/configuration2/TestBaseConfiguration.java,org.apache.commons.configuration2.TestBaseConfiguration,testGetBinaryValue/0,config,9
/home/sandro/workspace/sandro/MLCQCodeSmellSamples/scripts/../dataset/commons-configuration_34357e075d63c3634310878636f9498847badcab/src/test/java/org/apache/commons/configuration2/TestBaseConfiguration.java,org.apache.commons.configuration2.TestBaseConfiguration,testGetBigIntegerIncompatibleType/0,config,2
/home/sandro/workspace/sandro/MLCQCodeSmellSamples/scripts/../dataset/commons-configuration_34357e075d63c3634310878636f9498847badcab/src/test/java/org/apache/commons/configuration2/TestBaseConfiguration.java,org.apache.commons.configuration2.TestBaseConfiguration,testGetHexadecimalValue/0,config,9
/home/sandro/workspace/sandro/MLCQCodeSmellSamples/scripts/../dataset/commons-configuration_34357e075d63c3634310878636f9498847badcab/src/test/java/org/apache/commons/configuration2/TestBaseConfiguration.java,org.apache.commons.configuration2.TestBaseConfiguration,testThrowExceptionOnMissing/0,config,1
/home/sandro/workspace/sandro/MLCQCodeSmellSamples/scripts/../dataset/commons-configuration_34357e075d63c3634310878636f9498847badcab/src/test/java/org/apache/commons/configuration2/TestBaseConfiguration.java,org.apache.commons.configuration2.TestBaseConfiguration,testGetLong/0,config,5
/home/sandro/workspace/sandro/MLCQCodeSmellSamples/scripts/../dataset/commons-configuration_34357e075d63c3634310878636f9498847badcab/src/test/java/org/apache/commons/configuration2/TestBaseConfiguration.java,org.apache.commons.configuration2.TestBaseConfiguration,testClone/0,config,4
/home/sandro/workspace/sandro/MLCQCodeSmellSamples/scripts/../dataset/commons-configuration_34357e075d63c3634310878636f9498847badcab/src/test/java/org/apache/commons/configuration2/TestBaseConfiguration.java,org.apache.commons.configuration2.TestBaseConfiguration,testGetBoolean/0,config,5
/home/sandro/workspace/sandro/MLCQCodeSmellSamples/scripts/../dataset/commons-configuration_34357e075d63c3634310878636f9498847badcab/src/test/java/org/apache/commons/configuration2/TestBaseConfiguration.java,org.apache.commons.configuration2.TestBaseConfiguration,testGetStringUnknown/0,config,1
/home/sandro/workspace/sandro/MLCQCodeSmellSamples/scripts/../dataset/commons-configuration_34357e075d63c3634310878636f9498847badcab/src/test/java/org/apache/commons/configuration2/TestBaseConfiguration.java,org.apache.commons.configuration2.TestBaseConfiguration,testGetDouble/0,config,5
/home/sandro/workspace/sandro/MLCQCodeSmellSamples/scripts/../dataset/commons-configuration_34357e075d63c3634310878636f9498847badcab/src/test/java/org/apache/commons/configuration2/TestBaseConfiguration.java,org.apache.commons.configuration2.TestBaseConfiguration,testGetFloatUnknown/0,config,1
/home/sandro/workspace/sandro/MLCQCodeSmellSamples/scripts/../dataset/commons-configuration_34357e075d63c3634310878636f9498847badcab/src/test/java/org/apache/commons/configuration2/TestBaseConfiguration.java,org.apache.commons.configuration2.TestBaseConfiguration,testGetShort/0,config,5
/home/sandro/workspace/sandro/MLCQCodeSmellSamples/scripts/../dataset/commons-configuration_34357e075d63c3634310878636f9498847badcab/src/test/java/org/apache/commons/configuration2/TestBaseConfiguration.java,org.apache.commons.configuration2.TestBaseConfiguration,testInterpolationLocalhost/0,config,1
/home/sandro/workspace/sandro/MLCQCodeSmellSamples/scripts/../dataset/commons-configuration_34357e075d63c3634310878636f9498847badcab/src/test/java/org/apache/commons/configuration2/TestBaseConfiguration.java,org.apache.commons.configuration2.TestBaseConfiguration,testAddProperty/0,config,6
/home/sandro/workspace/sandro/MLCQCodeSmellSamples/scripts/../dataset/commons-configuration_34357e075d63c3634310878636f9498847badcab/src/test/java/org/apache/commons/configuration2/TestBaseConfiguration.java,org.apache.commons.configuration2.TestBaseConfiguration,testSetInterpolator/0,config,2
/home/sandro/workspace/sandro/MLCQCodeSmellSamples/scripts/../dataset/commons-configuration_34357e075d63c3634310878636f9498847badcab/src/test/java/org/apache/commons/configuration2/TestBaseConfiguration.java,org.apache.commons.configuration2.TestBaseConfiguration,testGetShortUnknown/0,config,1
/home/sandro/workspace/sandro/MLCQCodeSmellSamples/scripts/../dataset/commons-configuration_34357e075d63c3634310878636f9498847badcab/src/test/java/org/apache/commons/configuration2/TestBaseConfiguration.java,org.apache.commons.configuration2.TestBaseConfiguration,testNoInterpolator/0,config,3
/home/sandro/workspace/sandro/MLCQCodeSmellSamples/scripts/../dataset/commons-configuration_34357e075d63c3634310878636f9498847badcab/src/test/java/org/apache/commons/configuration2/TestBaseConfiguration.java,org.apache.commons.configuration2.TestBaseConfiguration,testInterpolationLoop/0,config,1
/home/sandro/workspace/sandro/MLCQCodeSmellSamples/scripts/../dataset/commons-configuration_34357e075d63c3634310878636f9498847badcab/src/test/java/org/apache/commons/configuration2/TestBaseConfiguration.java,org.apache.commons.configuration2.TestBaseConfiguration,testGetByteIncompatibleType/0,config,2
/home/sandro/workspace/sandro/MLCQCodeSmellSamples/scripts/../dataset/commons-configuration_34357e075d63c3634310878636f9498847badcab/src/test/java/org/apache/commons/configuration2/TestBaseConfiguration.java,org.apache.commons.configuration2.TestBaseConfiguration,testGetLongIncompatibleTypes/0,config,2
/home/sandro/workspace/sandro/MLCQCodeSmellSamples/scripts/../dataset/commons-configuration_34357e075d63c3634310878636f9498847badcab/src/test/java/org/apache/commons/configuration2/TestBaseConfiguration.java,org.apache.commons.configuration2.TestBaseConfiguration,testInterpolationEnvironment/0,config,1
/home/sandro/workspace/sandro/MLCQCodeSmellSamples/scripts/../dataset/commons-configuration_34357e075d63c3634310878636f9498847badcab/src/test/java/org/apache/commons/configuration2/TestBaseConfiguration.java,org.apache.commons.configuration2.TestBaseConfiguration,testCloneInterpolation/0,KEY_NUMBER,3
/home/sandro/workspace/sandro/MLCQCodeSmellSamples/scripts/../dataset/commons-configuration_34357e075d63c3634310878636f9498847badcab/src/test/java/org/apache/commons/configuration2/TestBaseConfiguration.java,org.apache.commons.configuration2.TestBaseConfiguration,testCloneInterpolation/0,config,4
/home/sandro/workspace/sandro/MLCQCodeSmellSamples/scripts/../dataset/commons-configuration_34357e075d63c3634310878636f9498847badcab/src/test/java/org/apache/commons/configuration2/TestBaseConfiguration.java,org.apache.commons.configuration2.TestBaseConfiguration,testInstallInterpolator/0,config,3
/home/sandro/workspace/sandro/MLCQCodeSmellSamples/scripts/../dataset/commons-configuration_34357e075d63c3634310878636f9498847badcab/src/test/java/org/apache/commons/configuration2/TestBaseConfiguration.java,org.apache.commons.configuration2.TestBaseConfiguration,testGetByteUnknown/0,config,1
/home/sandro/workspace/sandro/MLCQCodeSmellSamples/scripts/../dataset/commons-configuration_34357e075d63c3634310878636f9498847badcab/src/test/java/org/apache/commons/configuration2/TestBaseConfiguration.java,org.apache.commons.configuration2.TestBaseConfiguration,testGetByte/0,config,5
/home/sandro/workspace/sandro/MLCQCodeSmellSamples/scripts/../dataset/commons-configuration_34357e075d63c3634310878636f9498847badcab/src/test/java/org/apache/commons/configuration2/TestBaseConfiguration.java,org.apache.commons.configuration2.TestBaseConfiguration,testGetDoubleIncompatibleType/0,config,2
/home/sandro/workspace/sandro/MLCQCodeSmellSamples/scripts/../dataset/commons-configuration_34357e075d63c3634310878636f9498847badcab/src/test/java/org/apache/commons/configuration2/TestBaseConfiguration.java,org.apache.commons.configuration2.TestBaseConfiguration,testGetString/0,config,4
/home/sandro/workspace/sandro/MLCQCodeSmellSamples/scripts/../dataset/commons-configuration_34357e075d63c3634310878636f9498847badcab/src/test/java/org/apache/commons/configuration2/TestBaseConfiguration.java,org.apache.commons.configuration2.TestBaseConfiguration,testGetList/0,config,3
/home/sandro/workspace/sandro/MLCQCodeSmellSamples/scripts/../dataset/commons-configuration_34357e075d63c3634310878636f9498847badcab/src/test/java/org/apache/commons/configuration2/TestBaseConfiguration.java,org.apache.commons.configuration2.TestBaseConfiguration,testInterpolationConstants/0,config,1
/home/sandro/workspace/sandro/MLCQCodeSmellSamples/scripts/../dataset/commons-configuration_34357e075d63c3634310878636f9498847badcab/src/test/java/org/apache/commons/configuration2/TestBaseConfiguration.java,org.apache.commons.configuration2.TestBaseConfiguration,testSubset/0,config,4
/home/sandro/workspace/sandro/MLCQCodeSmellSamples/scripts/../dataset/commons-configuration_34357e075d63c3634310878636f9498847badcab/src/test/java/org/apache/commons/configuration2/TestBaseConfiguration.java,org.apache.commons.configuration2.TestBaseConfiguration,testInterpolatedConfiguration/0,config,1
/home/sandro/workspace/sandro/MLCQCodeSmellSamples/scripts/../dataset/commons-configuration_34357e075d63c3634310878636f9498847badcab/src/test/java/org/apache/commons/configuration2/TestBaseConfiguration.java,org.apache.commons.configuration2.TestBaseConfiguration,testGetProperty/0,config,4
/home/sandro/workspace/sandro/MLCQCodeSmellSamples/scripts/../dataset/commons-configuration_34357e075d63c3634310878636f9498847badcab/src/test/java/org/apache/commons/configuration2/TestBaseConfiguration.java,org.apache.commons.configuration2.TestBaseConfiguration,testNumberConversions/0,KEY_NUMBER,9
/home/sandro/workspace/sandro/MLCQCodeSmellSamples/scripts/../dataset/commons-configuration_34357e075d63c3634310878636f9498847badcab/src/test/java/org/apache/commons/configuration2/TestBaseConfiguration.java,org.apache.commons.configuration2.TestBaseConfiguration,testNumberConversions/0,config,9
/home/sandro/workspace/sandro/MLCQCodeSmellSamples/scripts/../dataset/commons-configuration_34357e075d63c3634310878636f9498847badcab/src/test/java/org/apache/commons/configuration2/TestBaseConfiguration.java,org.apache.commons.configuration2.TestBaseConfiguration,testGetShortIncompatibleType/0,config,2
/home/sandro/workspace/sandro/MLCQCodeSmellSamples/scripts/../dataset/commons-configuration_34357e075d63c3634310878636f9498847badcab/src/test/java/org/apache/commons/configuration2/TestBaseConfiguration.java,org.apache.commons.configuration2.TestBaseConfiguration,testInterpolationUnknownProperty/0,config,1
/home/sandro/workspace/sandro/MLCQCodeSmellSamples/scripts/../dataset/commons-configuration_34357e075d63c3634310878636f9498847badcab/src/test/java/org/apache/commons/configuration2/TestBaseConfiguration.java,org.apache.commons.configuration2.TestBaseConfiguration,testGetBigDecimalIncompatibleType/0,config,2
/home/sandro/workspace/sandro/MLCQCodeSmellSamples/scripts/../dataset/commons-configuration_34357e075d63c3634310878636f9498847badcab/src/test/java/org/apache/commons/configuration2/TestBaseConfiguration.java,org.apache.commons.configuration2.TestBaseConfiguration,testGetBigDecimal/0,config,4
/home/sandro/workspace/sandro/MLCQCodeSmellSamples/scripts/../dataset/commons-configuration_34357e075d63c3634310878636f9498847badcab/src/test/java/org/apache/commons/configuration2/TestBaseConfiguration.java,org.apache.commons.configuration2.TestBaseConfiguration,testGetLongUnknown/0,config,1
/home/sandro/workspace/sandro/MLCQCodeSmellSamples/scripts/../dataset/commons-configuration_34357e075d63c3634310878636f9498847badcab/src/test/java/org/apache/commons/configuration2/TestBaseConfiguration.java,org.apache.commons.configuration2.TestBaseConfiguration,testInterpolation/0,config,1
/home/sandro/workspace/sandro/MLCQCodeSmellSamples/scripts/../dataset/commons-configuration_34357e075d63c3634310878636f9498847badcab/src/test/java/org/apache/commons/configuration2/TestBaseConfiguration.java,org.apache.commons.configuration2.TestBaseConfiguration,setUp/0,config,3
/home/sandro/workspace/sandro/MLCQCodeSmellSamples/scripts/../dataset/commons-configuration_34357e075d63c3634310878636f9498847badcab/src/test/java/org/apache/commons/configuration2/TestBaseConfiguration.java,org.apache.commons.configuration2.TestBaseConfiguration,testGetDoubleUnknown/0,config,1
/home/sandro/workspace/sandro/MLCQCodeSmellSamples/scripts/../dataset/commons-configuration_34357e075d63c3634310878636f9498847badcab/src/test/java/org/apache/commons/configuration2/TestBaseConfiguration.java,org.apache.commons.configuration2.TestBaseConfiguration,testInterpolationSystemProperties/0,config,1
/home/sandro/workspace/sandro/MLCQCodeSmellSamples/scripts/../dataset/commons-configuration_34357e075d63c3634310878636f9498847badcab/src/test/java/org/apache/commons/configuration2/TestBaseConfiguration.java,org.apache.commons.configuration2.TestBaseConfiguration,testGetInterpolatedList/0,config,4
/home/sandro/workspace/sandro/MLCQCodeSmellSamples/scripts/../dataset/commons-configuration_34357e075d63c3634310878636f9498847badcab/src/test/java/org/apache/commons/configuration2/TestBaseConfiguration.java,org.apache.commons.configuration2.TestBaseConfiguration,testCommaSeparatedString/0,config,2
/home/sandro/workspace/sandro/MLCQCodeSmellSamples/scripts/../dataset/commons-configuration_34357e075d63c3634310878636f9498847badcab/src/test/java/org/apache/commons/configuration2/TestBaseConfiguration.java,org.apache.commons.configuration2.TestBaseConfiguration,testGetBigDecimalUnknown/0,config,1
/home/sandro/workspace/sandro/MLCQCodeSmellSamples/scripts/../dataset/commons-configuration_34357e075d63c3634310878636f9498847badcab/src/test/java/org/apache/commons/configuration2/TestBaseConfiguration.java,org.apache.commons.configuration2.TestBaseConfiguration,testCloneModify/0,config,6
/home/sandro/workspace/sandro/MLCQCodeSmellSamples/scripts/../dataset/commons-configuration_34357e075d63c3634310878636f9498847badcab/src/test/java/org/apache/commons/configuration2/TestBaseConfiguration.java,org.apache.commons.configuration2.TestBaseConfiguration,testSize/0,config,2
/home/sandro/workspace/sandro/MLCQCodeSmellSamples/scripts/../dataset/commons-configuration_34357e075d63c3634310878636f9498847badcab/src/test/java/org/apache/commons/configuration2/TestBaseConfiguration.java,org.apache.commons.configuration2.TestBaseConfiguration,testCommaSeparatedStringEscaped/0,config,2
/home/sandro/workspace/sandro/MLCQCodeSmellSamples/scripts/../dataset/commons-configuration_34357e075d63c3634310878636f9498847badcab/src/test/java/org/apache/commons/configuration2/TestBaseConfiguration.java,org.apache.commons.configuration2.TestBaseConfiguration,testGetBigInteger/0,config,4
/home/sandro/workspace/sandro/MLCQCodeSmellSamples/scripts/../dataset/commons-configuration_34357e075d63c3634310878636f9498847badcab/src/test/java/org/apache/commons/configuration2/TestBaseConfiguration.java,org.apache.commons.configuration2.TestBaseConfiguration,testGetBooleanIncompatibleType/0,config,2
/home/sandro/workspace/sandro/MLCQCodeSmellSamples/scripts/../dataset/commons-configuration_34357e075d63c3634310878636f9498847badcab/src/test/java/org/apache/commons/configuration2/TestBaseConfiguration.java,org.apache.commons.configuration2.TestBaseConfiguration,testGetFloatIncompatibleType/0,config,2
/home/sandro/workspace/sandro/MLCQCodeSmellSamples/scripts/../dataset/commons-configuration_34357e075d63c3634310878636f9498847badcab/src/test/java/org/apache/commons/configuration2/TestBaseConfiguration.java,org.apache.commons.configuration2.TestBaseConfiguration,testGetInterpolator/0,config,1
/home/sandro/workspace/sandro/MLCQCodeSmellSamples/scripts/../dataset/commons-configuration_34357e075d63c3634310878636f9498847badcab/src/test/java/org/apache/commons/configuration2/TestBaseConfiguration.java,org.apache.commons.configuration2.TestBaseConfiguration,testInterpolationEscaped/0,config,1
/home/sandro/workspace/sandro/MLCQCodeSmellSamples/scripts/../dataset/commons-configuration_34357e075d63c3634310878636f9498847badcab/src/test/java/org/apache/commons/configuration2/TestBaseConfiguration.java,org.apache.commons.configuration2.TestBaseConfiguration,testGetInterpolatedPrimitives/0,config,20
/home/sandro/workspace/sandro/MLCQCodeSmellSamples/scripts/../dataset/commons-configuration_34357e075d63c3634310878636f9498847badcab/src/test/java/org/apache/commons/configuration2/TestBaseConfiguration.java,org.apache.commons.configuration2.TestBaseConfiguration,testCloneListProperty/0,config,4
/home/sandro/workspace/sandro/MLCQCodeSmellSamples/scripts/../dataset/commons-configuration_34357e075d63c3634310878636f9498847badcab/src/test/java/org/apache/commons/configuration2/TestBaseConfiguration.java,org.apache.commons.configuration2.TestBaseConfiguration,testInterpolationSubset/0,config,1
/home/sandro/workspace/sandro/MLCQCodeSmellSamples/scripts/../dataset/commons-configuration_34357e075d63c3634310878636f9498847badcab/src/test/java/org/apache/commons/configuration2/TestBaseConfiguration.java,org.apache.commons.configuration2.TestBaseConfiguration,testGetStringForListValue/0,config,3
/home/sandro/workspace/sandro/MLCQCodeSmellSamples/scripts/../dataset/commons-configuration_34357e075d63c3634310878636f9498847badcab/src/test/java/org/apache/commons/configuration2/io/TestDefaultFileSystem.java,org.apache.commons.configuration2.io.TestDefaultFileSystem,testDefaultLogger/0,fileSystem,1
/home/sandro/workspace/sandro/MLCQCodeSmellSamples/scripts/../dataset/commons-configuration_34357e075d63c3634310878636f9498847badcab/src/test/java/org/apache/commons/configuration2/io/TestDefaultFileSystem.java,org.apache.commons.configuration2.io.TestDefaultFileSystem,testGetOutputStreamInvalidPath/0,fileSystem,1
/home/sandro/workspace/sandro/MLCQCodeSmellSamples/scripts/../dataset/commons-configuration_34357e075d63c3634310878636f9498847badcab/src/test/java/org/apache/commons/configuration2/io/TestDefaultFileSystem.java,org.apache.commons.configuration2.io.TestDefaultFileSystem,testSetLogger/0,fileSystem,2
/home/sandro/workspace/sandro/MLCQCodeSmellSamples/scripts/../dataset/commons-configuration_34357e075d63c3634310878636f9498847badcab/src/test/java/org/apache/commons/configuration2/io/TestDefaultFileSystem.java,org.apache.commons.configuration2.io.TestDefaultFileSystem,setUp/0,fileSystem,1
/home/sandro/workspace/sandro/MLCQCodeSmellSamples/scripts/../dataset/commons-configuration_34357e075d63c3634310878636f9498847badcab/src/main/java/org/apache/commons/configuration2/builder/JndiBuilderParametersImpl.java,org.apache.commons.configuration2.builder.JndiBuilderParametersImpl,setPrefix/1[java.lang.String],PROP_PREFIX,1
/home/sandro/workspace/sandro/MLCQCodeSmellSamples/scripts/../dataset/commons-configuration_34357e075d63c3634310878636f9498847badcab/src/main/java/org/apache/commons/configuration2/builder/JndiBuilderParametersImpl.java,org.apache.commons.configuration2.builder.JndiBuilderParametersImpl,setContext/1[javax.naming.Context],PROP_CONTEXT,1
/home/sandro/workspace/sandro/MLCQCodeSmellSamples/scripts/../dataset/commons-configuration_34357e075d63c3634310878636f9498847badcab/src/test/java/org/apache/commons/configuration2/TestPropertiesConfiguration.java,org.apache.commons.configuration2.TestPropertiesConfiguration,testMultilines/0,conf,1
/home/sandro/workspace/sandro/MLCQCodeSmellSamples/scripts/../dataset/commons-configuration_34357e075d63c3634310878636f9498847badcab/src/test/java/org/apache/commons/configuration2/TestPropertiesConfiguration.java,org.apache.commons.configuration2.TestPropertiesConfiguration,testLoadInclude/0,conf,1
/home/sandro/workspace/sandro/MLCQCodeSmellSamples/scripts/../dataset/commons-configuration_34357e075d63c3634310878636f9498847badcab/src/test/java/org/apache/commons/configuration2/TestPropertiesConfiguration.java,org.apache.commons.configuration2.TestPropertiesConfiguration,testDisableListDelimiter/0,conf,1
/home/sandro/workspace/sandro/MLCQCodeSmellSamples/scripts/../dataset/commons-configuration_34357e075d63c3634310878636f9498847badcab/src/test/java/org/apache/commons/configuration2/TestPropertiesConfiguration.java,org.apache.commons.configuration2.TestPropertiesConfiguration,testDisableListDelimiter/0,testProperties,1
/home/sandro/workspace/sandro/MLCQCodeSmellSamples/scripts/../dataset/commons-configuration_34357e075d63c3634310878636f9498847badcab/src/test/java/org/apache/commons/configuration2/TestPropertiesConfiguration.java,org.apache.commons.configuration2.TestPropertiesConfiguration,checkSavedConfig/0,conf,1
/home/sandro/workspace/sandro/MLCQCodeSmellSamples/scripts/../dataset/commons-configuration_34357e075d63c3634310878636f9498847badcab/src/test/java/org/apache/commons/configuration2/TestPropertiesConfiguration.java,org.apache.commons.configuration2.TestPropertiesConfiguration,checkSavedConfig/0,testSavePropertiesFile,1
/home/sandro/workspace/sandro/MLCQCodeSmellSamples/scripts/../dataset/commons-configuration_34357e075d63c3634310878636f9498847badcab/src/test/java/org/apache/commons/configuration2/TestPropertiesConfiguration.java,org.apache.commons.configuration2.TestPropertiesConfiguration,testPropertyLoaded/0,conf,3
/home/sandro/workspace/sandro/MLCQCodeSmellSamples/scripts/../dataset/commons-configuration_34357e075d63c3634310878636f9498847badcab/src/test/java/org/apache/commons/configuration2/TestPropertiesConfiguration.java,org.apache.commons.configuration2.TestPropertiesConfiguration,testReadFooterComment/0,conf,2
/home/sandro/workspace/sandro/MLCQCodeSmellSamples/scripts/../dataset/commons-configuration_34357e075d63c3634310878636f9498847badcab/src/test/java/org/apache/commons/configuration2/TestPropertiesConfiguration.java,org.apache.commons.configuration2.TestPropertiesConfiguration,testAppend/0,conf,3
/home/sandro/workspace/sandro/MLCQCodeSmellSamples/scripts/../dataset/commons-configuration_34357e075d63c3634310878636f9498847badcab/src/test/java/org/apache/commons/configuration2/TestPropertiesConfiguration.java,org.apache.commons.configuration2.TestPropertiesConfiguration,testSaveToCustomURL/0,folder,1
/home/sandro/workspace/sandro/MLCQCodeSmellSamples/scripts/../dataset/commons-configuration_34357e075d63c3634310878636f9498847badcab/src/test/java/org/apache/commons/configuration2/TestPropertiesConfiguration.java,org.apache.commons.configuration2.TestPropertiesConfiguration,testSaveToCustomURL/0,conf,1
/home/sandro/workspace/sandro/MLCQCodeSmellSamples/scripts/../dataset/commons-configuration_34357e075d63c3634310878636f9498847badcab/src/test/java/org/apache/commons/configuration2/TestPropertiesConfiguration.java,org.apache.commons.configuration2.TestPropertiesConfiguration,testEscapeQuote/0,PROP_NAME,2
/home/sandro/workspace/sandro/MLCQCodeSmellSamples/scripts/../dataset/commons-configuration_34357e075d63c3634310878636f9498847badcab/src/test/java/org/apache/commons/configuration2/TestPropertiesConfiguration.java,org.apache.commons.configuration2.TestPropertiesConfiguration,testEscapeQuote/0,conf,3
/home/sandro/workspace/sandro/MLCQCodeSmellSamples/scripts/../dataset/commons-configuration_34357e075d63c3634310878636f9498847badcab/src/test/java/org/apache/commons/configuration2/TestPropertiesConfiguration.java,org.apache.commons.configuration2.TestPropertiesConfiguration,testEscapeQuote/0,testSavePropertiesFile,1
/home/sandro/workspace/sandro/MLCQCodeSmellSamples/scripts/../dataset/commons-configuration_34357e075d63c3634310878636f9498847badcab/src/test/java/org/apache/commons/configuration2/TestPropertiesConfiguration.java,org.apache.commons.configuration2.TestPropertiesConfiguration,testSaveWithDelimiterParsingDisabled/0,conf,5
/home/sandro/workspace/sandro/MLCQCodeSmellSamples/scripts/../dataset/commons-configuration_34357e075d63c3634310878636f9498847badcab/src/test/java/org/apache/commons/configuration2/TestPropertiesConfiguration.java,org.apache.commons.configuration2.TestPropertiesConfiguration,testSaveWithDelimiterParsingDisabled/0,testSavePropertiesFile,1
/home/sandro/workspace/sandro/MLCQCodeSmellSamples/scripts/../dataset/commons-configuration_34357e075d63c3634310878636f9498847badcab/src/test/java/org/apache/commons/configuration2/TestPropertiesConfiguration.java,org.apache.commons.configuration2.TestPropertiesConfiguration,testSetPropertyListWithDelimiterParsingDisabled/0,conf,5
/home/sandro/workspace/sandro/MLCQCodeSmellSamples/scripts/../dataset/commons-configuration_34357e075d63c3634310878636f9498847badcab/src/test/java/org/apache/commons/configuration2/TestPropertiesConfiguration.java,org.apache.commons.configuration2.TestPropertiesConfiguration,testSetPropertyListWithDelimiterParsingDisabled/0,testSavePropertiesFile,1
/home/sandro/workspace/sandro/MLCQCodeSmellSamples/scripts/../dataset/commons-configuration_34357e075d63c3634310878636f9498847badcab/src/test/java/org/apache/commons/configuration2/TestPropertiesConfiguration.java,org.apache.commons.configuration2.TestPropertiesConfiguration,testReadCalledDirectly/0,conf,2
/home/sandro/workspace/sandro/MLCQCodeSmellSamples/scripts/../dataset/commons-configuration_34357e075d63c3634310878636f9498847badcab/src/test/java/org/apache/commons/configuration2/TestPropertiesConfiguration.java,org.apache.commons.configuration2.TestPropertiesConfiguration,testSlashEscaping/0,PROP_NAME,2
/home/sandro/workspace/sandro/MLCQCodeSmellSamples/scripts/../dataset/commons-configuration_34357e075d63c3634310878636f9498847badcab/src/test/java/org/apache/commons/configuration2/TestPropertiesConfiguration.java,org.apache.commons.configuration2.TestPropertiesConfiguration,testSlashEscaping/0,conf,2
/home/sandro/workspace/sandro/MLCQCodeSmellSamples/scripts/../dataset/commons-configuration_34357e075d63c3634310878636f9498847badcab/src/test/java/org/apache/commons/configuration2/TestPropertiesConfiguration.java,org.apache.commons.configuration2.TestPropertiesConfiguration,testGetFooterSynchronized/0,conf,2
/home/sandro/workspace/sandro/MLCQCodeSmellSamples/scripts/../dataset/commons-configuration_34357e075d63c3634310878636f9498847badcab/src/test/java/org/apache/commons/configuration2/TestPropertiesConfiguration.java,org.apache.commons.configuration2.TestPropertiesConfiguration,checkEmpty/1[java.lang.String],conf,1
/home/sandro/workspace/sandro/MLCQCodeSmellSamples/scripts/../dataset/commons-configuration_34357e075d63c3634310878636f9498847badcab/src/test/java/org/apache/commons/configuration2/TestPropertiesConfiguration.java,org.apache.commons.configuration2.TestPropertiesConfiguration,testJupRead/0,conf,5
/home/sandro/workspace/sandro/MLCQCodeSmellSamples/scripts/../dataset/commons-configuration_34357e075d63c3634310878636f9498847badcab/src/test/java/org/apache/commons/configuration2/TestPropertiesConfiguration.java,org.apache.commons.configuration2.TestPropertiesConfiguration,testLoadIncludeFromClassPath/0,conf,1
/home/sandro/workspace/sandro/MLCQCodeSmellSamples/scripts/../dataset/commons-configuration_34357e075d63c3634310878636f9498847badcab/src/test/java/org/apache/commons/configuration2/TestPropertiesConfiguration.java,org.apache.commons.configuration2.TestPropertiesConfiguration,testSaveWithDataConfig/0,conf,4
/home/sandro/workspace/sandro/MLCQCodeSmellSamples/scripts/../dataset/commons-configuration_34357e075d63c3634310878636f9498847badcab/src/test/java/org/apache/commons/configuration2/TestPropertiesConfiguration.java,org.apache.commons.configuration2.TestPropertiesConfiguration,testSaveWithDataConfig/0,testSavePropertiesFile,2
/home/sandro/workspace/sandro/MLCQCodeSmellSamples/scripts/../dataset/commons-configuration_34357e075d63c3634310878636f9498847badcab/src/test/java/org/apache/commons/configuration2/TestPropertiesConfiguration.java,org.apache.commons.configuration2.TestPropertiesConfiguration,testMixedArray/0,conf,1
/home/sandro/workspace/sandro/MLCQCodeSmellSamples/scripts/../dataset/commons-configuration_34357e075d63c3634310878636f9498847badcab/src/test/java/org/apache/commons/configuration2/TestPropertiesConfiguration.java,org.apache.commons.configuration2.TestPropertiesConfiguration,testJupWriteUtf8WithoutUnicodeEscapes/0,conf,6
/home/sandro/workspace/sandro/MLCQCodeSmellSamples/scripts/../dataset/commons-configuration_34357e075d63c3634310878636f9498847badcab/src/test/java/org/apache/commons/configuration2/TestPropertiesConfiguration.java,org.apache.commons.configuration2.TestPropertiesConfiguration,testJupWriteUtf8WithoutUnicodeEscapes/0,testSavePropertiesFile,4
/home/sandro/workspace/sandro/MLCQCodeSmellSamples/scripts/../dataset/commons-configuration_34357e075d63c3634310878636f9498847badcab/src/test/java/org/apache/commons/configuration2/TestPropertiesConfiguration.java,org.apache.commons.configuration2.TestPropertiesConfiguration,checkBackslashList/1[java.lang.String],conf,1
/home/sandro/workspace/sandro/MLCQCodeSmellSamples/scripts/../dataset/commons-configuration_34357e075d63c3634310878636f9498847badcab/src/test/java/org/apache/commons/configuration2/TestPropertiesConfiguration.java,org.apache.commons.configuration2.TestPropertiesConfiguration,testLoadIncludeFileViaFileSystem/0,conf,2
/home/sandro/workspace/sandro/MLCQCodeSmellSamples/scripts/../dataset/commons-configuration_34357e075d63c3634310878636f9498847badcab/src/test/java/org/apache/commons/configuration2/TestPropertiesConfiguration.java,org.apache.commons.configuration2.TestPropertiesConfiguration,testLoadIncludeFileViaFileSystem/0,testSavePropertiesFile,1
/home/sandro/workspace/sandro/MLCQCodeSmellSamples/scripts/../dataset/commons-configuration_34357e075d63c3634310878636f9498847badcab/src/test/java/org/apache/commons/configuration2/TestPropertiesConfiguration.java,org.apache.commons.configuration2.TestPropertiesConfiguration,testSetIOFactoryReader/0,PROP_VALUE,1
/home/sandro/workspace/sandro/MLCQCodeSmellSamples/scripts/../dataset/commons-configuration_34357e075d63c3634310878636f9498847badcab/src/test/java/org/apache/commons/configuration2/TestPropertiesConfiguration.java,org.apache.commons.configuration2.TestPropertiesConfiguration,testSetIOFactoryReader/0,PROP_NAME,1
/home/sandro/workspace/sandro/MLCQCodeSmellSamples/scripts/../dataset/commons-configuration_34357e075d63c3634310878636f9498847badcab/src/test/java/org/apache/commons/configuration2/TestPropertiesConfiguration.java,org.apache.commons.configuration2.TestPropertiesConfiguration,testSetIOFactoryReader/0,conf,4
/home/sandro/workspace/sandro/MLCQCodeSmellSamples/scripts/../dataset/commons-configuration_34357e075d63c3634310878636f9498847badcab/src/test/java/org/apache/commons/configuration2/TestPropertiesConfiguration.java,org.apache.commons.configuration2.TestPropertiesConfiguration,testSetIOFactoryReader/0,testProperties,1
/home/sandro/workspace/sandro/MLCQCodeSmellSamples/scripts/../dataset/commons-configuration_34357e075d63c3634310878636f9498847badcab/src/test/java/org/apache/commons/configuration2/TestPropertiesConfiguration.java,org.apache.commons.configuration2.TestPropertiesConfiguration,testInitFromNonExistingFile/0,conf,3
/home/sandro/workspace/sandro/MLCQCodeSmellSamples/scripts/../dataset/commons-configuration_34357e075d63c3634310878636f9498847badcab/src/test/java/org/apache/commons/configuration2/TestPropertiesConfiguration.java,org.apache.commons.configuration2.TestPropertiesConfiguration,testInitFromNonExistingFile/0,testSavePropertiesFile,1
/home/sandro/workspace/sandro/MLCQCodeSmellSamples/scripts/../dataset/commons-configuration_34357e075d63c3634310878636f9498847badcab/src/test/java/org/apache/commons/configuration2/TestPropertiesConfiguration.java,org.apache.commons.configuration2.TestPropertiesConfiguration,testGetIOFactoryDefault/0,conf,1
/home/sandro/workspace/sandro/MLCQCodeSmellSamples/scripts/../dataset/commons-configuration_34357e075d63c3634310878636f9498847badcab/src/test/java/org/apache/commons/configuration2/TestPropertiesConfiguration.java,org.apache.commons.configuration2.TestPropertiesConfiguration,testSetFooterSynchronized/0,conf,2
/home/sandro/workspace/sandro/MLCQCodeSmellSamples/scripts/../dataset/commons-configuration_34357e075d63c3634310878636f9498847badcab/src/test/java/org/apache/commons/configuration2/TestPropertiesConfiguration.java,org.apache.commons.configuration2.TestPropertiesConfiguration,testLineSeparator/0,conf,4
/home/sandro/workspace/sandro/MLCQCodeSmellSamples/scripts/../dataset/commons-configuration_34357e075d63c3634310878636f9498847badcab/src/test/java/org/apache/commons/configuration2/TestPropertiesConfiguration.java,org.apache.commons.configuration2.TestPropertiesConfiguration,testEscapedKeyValueSeparator/0,conf,5
/home/sandro/workspace/sandro/MLCQCodeSmellSamples/scripts/../dataset/commons-configuration_34357e075d63c3634310878636f9498847badcab/src/test/java/org/apache/commons/configuration2/TestPropertiesConfiguration.java,org.apache.commons.configuration2.TestPropertiesConfiguration,testUnEscapeCharacters/0,conf,1
/home/sandro/workspace/sandro/MLCQCodeSmellSamples/scripts/../dataset/commons-configuration_34357e075d63c3634310878636f9498847badcab/src/test/java/org/apache/commons/configuration2/TestPropertiesConfiguration.java,org.apache.commons.configuration2.TestPropertiesConfiguration,testSave/0,conf,2
/home/sandro/workspace/sandro/MLCQCodeSmellSamples/scripts/../dataset/commons-configuration_34357e075d63c3634310878636f9498847badcab/src/test/java/org/apache/commons/configuration2/TestPropertiesConfiguration.java,org.apache.commons.configuration2.TestPropertiesConfiguration,testSave/0,testSavePropertiesFile,1
/home/sandro/workspace/sandro/MLCQCodeSmellSamples/scripts/../dataset/commons-configuration_34357e075d63c3634310878636f9498847badcab/src/test/java/org/apache/commons/configuration2/TestPropertiesConfiguration.java,org.apache.commons.configuration2.TestPropertiesConfiguration,testWriteFooterComment/0,PROP_VALUE,2
/home/sandro/workspace/sandro/MLCQCodeSmellSamples/scripts/../dataset/commons-configuration_34357e075d63c3634310878636f9498847badcab/src/test/java/org/apache/commons/configuration2/TestPropertiesConfiguration.java,org.apache.commons.configuration2.TestPropertiesConfiguration,testWriteFooterComment/0,PROP_NAME,2
/home/sandro/workspace/sandro/MLCQCodeSmellSamples/scripts/../dataset/commons-configuration_34357e075d63c3634310878636f9498847badcab/src/test/java/org/apache/commons/configuration2/TestPropertiesConfiguration.java,org.apache.commons.configuration2.TestPropertiesConfiguration,testWriteFooterComment/0,conf,4
/home/sandro/workspace/sandro/MLCQCodeSmellSamples/scripts/../dataset/commons-configuration_34357e075d63c3634310878636f9498847badcab/src/test/java/org/apache/commons/configuration2/TestPropertiesConfiguration.java,org.apache.commons.configuration2.TestPropertiesConfiguration,testWriteFooterComment/0,CR,2
/home/sandro/workspace/sandro/MLCQCodeSmellSamples/scripts/../dataset/commons-configuration_34357e075d63c3634310878636f9498847badcab/src/test/java/org/apache/commons/configuration2/TestPropertiesConfiguration.java,org.apache.commons.configuration2.TestPropertiesConfiguration,testMultipleIncludeFiles/0,conf,5
/home/sandro/workspace/sandro/MLCQCodeSmellSamples/scripts/../dataset/commons-configuration_34357e075d63c3634310878636f9498847badcab/src/test/java/org/apache/commons/configuration2/TestPropertiesConfiguration.java,org.apache.commons.configuration2.TestPropertiesConfiguration,testList/0,conf,1
/home/sandro/workspace/sandro/MLCQCodeSmellSamples/scripts/../dataset/commons-configuration_34357e075d63c3634310878636f9498847badcab/src/test/java/org/apache/commons/configuration2/TestPropertiesConfiguration.java,org.apache.commons.configuration2.TestPropertiesConfiguration,testLoadIncludeFromReader/0,conf,3
/home/sandro/workspace/sandro/MLCQCodeSmellSamples/scripts/../dataset/commons-configuration_34357e075d63c3634310878636f9498847badcab/src/test/java/org/apache/commons/configuration2/TestPropertiesConfiguration.java,org.apache.commons.configuration2.TestPropertiesConfiguration,testReference/0,conf,1
/home/sandro/workspace/sandro/MLCQCodeSmellSamples/scripts/../dataset/commons-configuration_34357e075d63c3634310878636f9498847badcab/src/test/java/org/apache/commons/configuration2/TestPropertiesConfiguration.java,org.apache.commons.configuration2.TestPropertiesConfiguration,testComment/0,conf,2
/home/sandro/workspace/sandro/MLCQCodeSmellSamples/scripts/../dataset/commons-configuration_34357e075d63c3634310878636f9498847badcab/src/test/java/org/apache/commons/configuration2/TestPropertiesConfiguration.java,org.apache.commons.configuration2.TestPropertiesConfiguration,testPropertyLoadedInclude/0,conf,3
/home/sandro/workspace/sandro/MLCQCodeSmellSamples/scripts/../dataset/commons-configuration_34357e075d63c3634310878636f9498847badcab/src/test/java/org/apache/commons/configuration2/TestPropertiesConfiguration.java,org.apache.commons.configuration2.TestPropertiesConfiguration,testSetHeaderSynchronized/0,conf,2
/home/sandro/workspace/sandro/MLCQCodeSmellSamples/scripts/../dataset/commons-configuration_34357e075d63c3634310878636f9498847badcab/src/test/java/org/apache/commons/configuration2/TestPropertiesConfiguration.java,org.apache.commons.configuration2.TestPropertiesConfiguration,testSetInclude/0,conf,3
/home/sandro/workspace/sandro/MLCQCodeSmellSamples/scripts/../dataset/commons-configuration_34357e075d63c3634310878636f9498847badcab/src/test/java/org/apache/commons/configuration2/TestPropertiesConfiguration.java,org.apache.commons.configuration2.TestPropertiesConfiguration,testSetInclude/0,testProperties,1
/home/sandro/workspace/sandro/MLCQCodeSmellSamples/scripts/../dataset/commons-configuration_34357e075d63c3634310878636f9498847badcab/src/test/java/org/apache/commons/configuration2/TestPropertiesConfiguration.java,org.apache.commons.configuration2.TestPropertiesConfiguration,testPropertyLoadedIncludeNotAllowed/0,conf,4
/home/sandro/workspace/sandro/MLCQCodeSmellSamples/scripts/../dataset/commons-configuration_34357e075d63c3634310878636f9498847badcab/src/test/java/org/apache/commons/configuration2/TestPropertiesConfiguration.java,org.apache.commons.configuration2.TestPropertiesConfiguration,testLoad/0,conf,1
/home/sandro/workspace/sandro/MLCQCodeSmellSamples/scripts/../dataset/commons-configuration_34357e075d63c3634310878636f9498847badcab/src/test/java/org/apache/commons/configuration2/TestPropertiesConfiguration.java,org.apache.commons.configuration2.TestPropertiesConfiguration,testLoadViaPropertyWithBasePath/0,testBasePath,1
/home/sandro/workspace/sandro/MLCQCodeSmellSamples/scripts/../dataset/commons-configuration_34357e075d63c3634310878636f9498847badcab/src/test/java/org/apache/commons/configuration2/TestPropertiesConfiguration.java,org.apache.commons.configuration2.TestPropertiesConfiguration,setUp/0,conf,3
/home/sandro/workspace/sandro/MLCQCodeSmellSamples/scripts/../dataset/commons-configuration_34357e075d63c3634310878636f9498847badcab/src/test/java/org/apache/commons/configuration2/TestPropertiesConfiguration.java,org.apache.commons.configuration2.TestPropertiesConfiguration,setUp/0,testProperties,1
/home/sandro/workspace/sandro/MLCQCodeSmellSamples/scripts/../dataset/commons-configuration_34357e075d63c3634310878636f9498847badcab/src/test/java/org/apache/commons/configuration2/TestPropertiesConfiguration.java,org.apache.commons.configuration2.TestPropertiesConfiguration,setUp/0,testSavePropertiesFile,2
/home/sandro/workspace/sandro/MLCQCodeSmellSamples/scripts/../dataset/commons-configuration_34357e075d63c3634310878636f9498847badcab/src/test/java/org/apache/commons/configuration2/TestPropertiesConfiguration.java,org.apache.commons.configuration2.TestPropertiesConfiguration,testCopyAndSave/0,conf,1
/home/sandro/workspace/sandro/MLCQCodeSmellSamples/scripts/../dataset/commons-configuration_34357e075d63c3634310878636f9498847badcab/src/test/java/org/apache/commons/configuration2/TestPropertiesConfiguration.java,org.apache.commons.configuration2.TestPropertiesConfiguration,checkCopiedConfig/1[org.apache.commons.configuration2.Configuration],testSavePropertiesFile,1
/home/sandro/workspace/sandro/MLCQCodeSmellSamples/scripts/../dataset/commons-configuration_34357e075d63c3634310878636f9498847badcab/src/test/java/org/apache/commons/configuration2/TestPropertiesConfiguration.java,org.apache.commons.configuration2.TestPropertiesConfiguration,testSaveWithDefaultListDelimiterHandler/0,conf,3
/home/sandro/workspace/sandro/MLCQCodeSmellSamples/scripts/../dataset/commons-configuration_34357e075d63c3634310878636f9498847badcab/src/test/java/org/apache/commons/configuration2/TestPropertiesConfiguration.java,org.apache.commons.configuration2.TestPropertiesConfiguration,testSaveWithDefaultListDelimiterHandler/0,testSavePropertiesFile,1
/home/sandro/workspace/sandro/MLCQCodeSmellSamples/scripts/../dataset/commons-configuration_34357e075d63c3634310878636f9498847badcab/src/test/java/org/apache/commons/configuration2/TestPropertiesConfiguration.java,org.apache.commons.configuration2.TestPropertiesConfiguration,testLoadViaPropertyWithBasePath2/0,testBasePath2,1
/home/sandro/workspace/sandro/MLCQCodeSmellSamples/scripts/../dataset/commons-configuration_34357e075d63c3634310878636f9498847badcab/src/test/java/org/apache/commons/configuration2/TestPropertiesConfiguration.java,org.apache.commons.configuration2.TestPropertiesConfiguration,testCloneNullLayout/0,conf,3
/home/sandro/workspace/sandro/MLCQCodeSmellSamples/scripts/../dataset/commons-configuration_34357e075d63c3634310878636f9498847badcab/src/test/java/org/apache/commons/configuration2/TestPropertiesConfiguration.java,org.apache.commons.configuration2.TestPropertiesConfiguration,saveTestConfig/0,conf,1
/home/sandro/workspace/sandro/MLCQCodeSmellSamples/scripts/../dataset/commons-configuration_34357e075d63c3634310878636f9498847badcab/src/test/java/org/apache/commons/configuration2/TestPropertiesConfiguration.java,org.apache.commons.configuration2.TestPropertiesConfiguration,saveTestConfig/0,testSavePropertiesFile,1
/home/sandro/workspace/sandro/MLCQCodeSmellSamples/scripts/../dataset/commons-configuration_34357e075d63c3634310878636f9498847badcab/src/test/java/org/apache/commons/configuration2/TestPropertiesConfiguration.java,org.apache.commons.configuration2.TestPropertiesConfiguration,testClearFooterComment/0,conf,3
/home/sandro/workspace/sandro/MLCQCodeSmellSamples/scripts/../dataset/commons-configuration_34357e075d63c3634310878636f9498847badcab/src/test/java/org/apache/commons/configuration2/TestPropertiesConfiguration.java,org.apache.commons.configuration2.TestPropertiesConfiguration,testChangingListDelimiter/0,conf,1
/home/sandro/workspace/sandro/MLCQCodeSmellSamples/scripts/../dataset/commons-configuration_34357e075d63c3634310878636f9498847badcab/src/test/java/org/apache/commons/configuration2/TestPropertiesConfiguration.java,org.apache.commons.configuration2.TestPropertiesConfiguration,testChangingListDelimiter/0,testProperties,1
/home/sandro/workspace/sandro/MLCQCodeSmellSamples/scripts/../dataset/commons-configuration_34357e075d63c3634310878636f9498847badcab/src/test/java/org/apache/commons/configuration2/TestPropertiesConfiguration.java,org.apache.commons.configuration2.TestPropertiesConfiguration,testGetLayout/0,conf,4
/home/sandro/workspace/sandro/MLCQCodeSmellSamples/scripts/../dataset/commons-configuration_34357e075d63c3634310878636f9498847badcab/src/test/java/org/apache/commons/configuration2/TestPropertiesConfiguration.java,org.apache.commons.configuration2.TestPropertiesConfiguration,testSaveMissingFilename/0,conf,1
/home/sandro/workspace/sandro/MLCQCodeSmellSamples/scripts/../dataset/commons-configuration_34357e075d63c3634310878636f9498847badcab/src/test/java/org/apache/commons/configuration2/TestPropertiesConfiguration.java,org.apache.commons.configuration2.TestPropertiesConfiguration,testLoadUnexistingFile/0,conf,1
/home/sandro/workspace/sandro/MLCQCodeSmellSamples/scripts/../dataset/commons-configuration_34357e075d63c3634310878636f9498847badcab/src/test/java/org/apache/commons/configuration2/TestPropertiesConfiguration.java,org.apache.commons.configuration2.TestPropertiesConfiguration,testGetStringWithEscapedComma/0,conf,1
/home/sandro/workspace/sandro/MLCQCodeSmellSamples/scripts/../dataset/commons-configuration_34357e075d63c3634310878636f9498847badcab/src/test/java/org/apache/commons/configuration2/TestPropertiesConfiguration.java,org.apache.commons.configuration2.TestPropertiesConfiguration,testNewLineEscaping/0,conf,1
/home/sandro/workspace/sandro/MLCQCodeSmellSamples/scripts/../dataset/commons-configuration_34357e075d63c3634310878636f9498847badcab/src/test/java/org/apache/commons/configuration2/TestPropertiesConfiguration.java,org.apache.commons.configuration2.TestPropertiesConfiguration,testInMemoryCreatedSave/0,conf,3
/home/sandro/workspace/sandro/MLCQCodeSmellSamples/scripts/../dataset/commons-configuration_34357e075d63c3634310878636f9498847badcab/src/test/java/org/apache/commons/configuration2/TestPropertiesConfiguration.java,org.apache.commons.configuration2.TestPropertiesConfiguration,testInMemoryCreatedSave/0,testSavePropertiesFile,1
/home/sandro/workspace/sandro/MLCQCodeSmellSamples/scripts/../dataset/commons-configuration_34357e075d63c3634310878636f9498847badcab/src/test/java/org/apache/commons/configuration2/TestPropertiesConfiguration.java,org.apache.commons.configuration2.TestPropertiesConfiguration,testSaveEscapedEscapingCharacter/0,conf,2
/home/sandro/workspace/sandro/MLCQCodeSmellSamples/scripts/../dataset/commons-configuration_34357e075d63c3634310878636f9498847badcab/src/test/java/org/apache/commons/configuration2/TestPropertiesConfiguration.java,org.apache.commons.configuration2.TestPropertiesConfiguration,testGetHeaderSynchronized/0,conf,2
/home/sandro/workspace/sandro/MLCQCodeSmellSamples/scripts/../dataset/commons-configuration_34357e075d63c3634310878636f9498847badcab/src/test/java/org/apache/commons/configuration2/TestPropertiesConfiguration.java,org.apache.commons.configuration2.TestPropertiesConfiguration,testAppendAndSave/0,conf,1
/home/sandro/workspace/sandro/MLCQCodeSmellSamples/scripts/../dataset/commons-configuration_34357e075d63c3634310878636f9498847badcab/src/test/java/org/apache/commons/configuration2/TestPropertiesConfiguration.java,org.apache.commons.configuration2.TestPropertiesConfiguration,testSaveToHTTPServerSuccess/0,conf,1
/home/sandro/workspace/sandro/MLCQCodeSmellSamples/scripts/../dataset/commons-configuration_34357e075d63c3634310878636f9498847badcab/src/test/java/org/apache/commons/configuration2/TestPropertiesConfiguration.java,org.apache.commons.configuration2.TestPropertiesConfiguration,testSaveToHTTPServerSuccess/0,testSavePropertiesFile,1
/home/sandro/workspace/sandro/MLCQCodeSmellSamples/scripts/../dataset/commons-configuration_34357e075d63c3634310878636f9498847badcab/src/test/java/org/apache/commons/configuration2/TestPropertiesConfiguration.java,org.apache.commons.configuration2.TestPropertiesConfiguration,testEscapedKey/0,conf,3
/home/sandro/workspace/sandro/MLCQCodeSmellSamples/scripts/../dataset/commons-configuration_34357e075d63c3634310878636f9498847badcab/src/test/java/org/apache/commons/configuration2/TestPropertiesConfiguration.java,org.apache.commons.configuration2.TestPropertiesConfiguration,testClone/0,conf,6
/home/sandro/workspace/sandro/MLCQCodeSmellSamples/scripts/../dataset/commons-configuration_34357e075d63c3634310878636f9498847badcab/src/test/java/org/apache/commons/configuration2/TestPropertiesConfiguration.java,org.apache.commons.configuration2.TestPropertiesConfiguration,testFileWithSharpSymbol/0,folder,1
/home/sandro/workspace/sandro/MLCQCodeSmellSamples/scripts/../dataset/commons-configuration_34357e075d63c3634310878636f9498847badcab/src/test/java/org/apache/commons/configuration2/TestPropertiesConfiguration.java,org.apache.commons.configuration2.TestPropertiesConfiguration,testJupWrite/0,conf,5
/home/sandro/workspace/sandro/MLCQCodeSmellSamples/scripts/../dataset/commons-configuration_34357e075d63c3634310878636f9498847badcab/src/test/java/org/apache/commons/configuration2/TestPropertiesConfiguration.java,org.apache.commons.configuration2.TestPropertiesConfiguration,testJupWrite/0,testSavePropertiesFile,2
/home/sandro/workspace/sandro/MLCQCodeSmellSamples/scripts/../dataset/commons-configuration_34357e075d63c3634310878636f9498847badcab/src/test/java/org/apache/commons/configuration2/TestPropertiesConfiguration.java,org.apache.commons.configuration2.TestPropertiesConfiguration,testDisableIncludes/0,PROP_VALUE,2
/home/sandro/workspace/sandro/MLCQCodeSmellSamples/scripts/../dataset/commons-configuration_34357e075d63c3634310878636f9498847badcab/src/test/java/org/apache/commons/configuration2/TestPropertiesConfiguration.java,org.apache.commons.configuration2.TestPropertiesConfiguration,testDisableIncludes/0,PROP_NAME,2
/home/sandro/workspace/sandro/MLCQCodeSmellSamples/scripts/../dataset/commons-configuration_34357e075d63c3634310878636f9498847badcab/src/test/java/org/apache/commons/configuration2/TestPropertiesConfiguration.java,org.apache.commons.configuration2.TestPropertiesConfiguration,testDisableIncludes/0,conf,4
/home/sandro/workspace/sandro/MLCQCodeSmellSamples/scripts/../dataset/commons-configuration_34357e075d63c3634310878636f9498847badcab/src/test/java/org/apache/commons/configuration2/TestPropertiesConfiguration.java,org.apache.commons.configuration2.TestPropertiesConfiguration,testDisableIncludes/0,CR,2
/home/sandro/workspace/sandro/MLCQCodeSmellSamples/scripts/../dataset/commons-configuration_34357e075d63c3634310878636f9498847badcab/src/test/java/org/apache/commons/configuration2/TestPropertiesConfiguration.java,org.apache.commons.configuration2.TestPropertiesConfiguration,testSaveWithBasePath/0,conf,2
/home/sandro/workspace/sandro/MLCQCodeSmellSamples/scripts/../dataset/commons-configuration_34357e075d63c3634310878636f9498847badcab/src/test/java/org/apache/commons/configuration2/TestPropertiesConfiguration.java,org.apache.commons.configuration2.TestPropertiesConfiguration,testSaveWithBasePath/0,testSavePropertiesFile,3
/home/sandro/workspace/sandro/MLCQCodeSmellSamples/scripts/../dataset/commons-configuration_34357e075d63c3634310878636f9498847badcab/src/test/java/org/apache/commons/configuration2/TestPropertiesConfiguration.java,org.apache.commons.configuration2.TestPropertiesConfiguration,testLoadIncludeInterpol/0,conf,1
/home/sandro/workspace/sandro/MLCQCodeSmellSamples/scripts/../dataset/commons-configuration_34357e075d63c3634310878636f9498847badcab/src/test/java/org/apache/commons/configuration2/TestPropertiesConfiguration.java,org.apache.commons.configuration2.TestPropertiesConfiguration,testSetIOFactoryNull/0,conf,1
/home/sandro/workspace/sandro/MLCQCodeSmellSamples/scripts/../dataset/commons-configuration_34357e075d63c3634310878636f9498847badcab/src/test/java/org/apache/commons/configuration2/TestPropertiesConfiguration.java,org.apache.commons.configuration2.TestPropertiesConfiguration,testKeepSeparators/0,testSavePropertiesFile,1
/home/sandro/workspace/sandro/MLCQCodeSmellSamples/scripts/../dataset/commons-configuration_34357e075d63c3634310878636f9498847badcab/src/test/java/org/apache/commons/configuration2/TestPropertiesConfiguration.java,org.apache.commons.configuration2.TestPropertiesConfiguration,testLoadFromFile/0,conf,3
/home/sandro/workspace/sandro/MLCQCodeSmellSamples/scripts/../dataset/commons-configuration_34357e075d63c3634310878636f9498847badcab/src/test/java/org/apache/commons/configuration2/TestPropertiesConfiguration.java,org.apache.commons.configuration2.TestPropertiesConfiguration,testSetIOFactoryWriter/0,conf,2
/home/sandro/workspace/sandro/MLCQCodeSmellSamples/scripts/../dataset/commons-configuration_34357e075d63c3634310878636f9498847badcab/src/test/java/org/apache/commons/configuration2/TestPropertiesConfiguration.java,org.apache.commons.configuration2.TestPropertiesConfiguration,testGetStringWithEscapedChars/0,conf,1
/home/sandro/workspace/sandro/MLCQCodeSmellSamples/scripts/../dataset/commons-configuration_34357e075d63c3634310878636f9498847badcab/src/test/java/org/apache/commons/configuration2/TestPropertiesConfiguration.java,org.apache.commons.configuration2.TestPropertiesConfiguration,testKeyValueSeparators/0,conf,5
/home/sandro/workspace/sandro/MLCQCodeSmellSamples/scripts/../dataset/commons-configuration_34357e075d63c3634310878636f9498847badcab/src/test/java/org/apache/commons/configuration2/TestPropertiesConfiguration.java,org.apache.commons.configuration2.TestPropertiesConfiguration,testSaveToHTTPServerFail/0,conf,1
/home/sandro/workspace/sandro/MLCQCodeSmellSamples/scripts/../dataset/commons-configuration_34357e075d63c3634310878636f9498847badcab/src/test/java/org/apache/commons/configuration2/TestPropertiesConfiguration.java,org.apache.commons.configuration2.TestPropertiesConfiguration,testSaveToHTTPServerFail/0,testSavePropertiesFile,1
/home/sandro/workspace/sandro/MLCQCodeSmellSamples/scripts/../dataset/commons-configuration_34357e075d63c3634310878636f9498847badcab/src/test/java/org/apache/commons/configuration2/builder/TestDefaultParametersManager.java,org.apache.commons.configuration2.builder.TestDefaultParametersManager,testApplyDefaults/0,manager,2
/home/sandro/workspace/sandro/MLCQCodeSmellSamples/scripts/../dataset/commons-configuration_34357e075d63c3634310878636f9498847badcab/src/test/java/org/apache/commons/configuration2/builder/TestDefaultParametersManager.java,org.apache.commons.configuration2.builder.TestDefaultParametersManager,testApplyDefaults/0,parameters,1
/home/sandro/workspace/sandro/MLCQCodeSmellSamples/scripts/../dataset/commons-configuration_34357e075d63c3634310878636f9498847badcab/src/test/java/org/apache/commons/configuration2/builder/TestDefaultParametersManager.java,org.apache.commons.configuration2.builder.TestDefaultParametersManager,testRegisterDefaultsHandlerNoClass/0,manager,1
/home/sandro/workspace/sandro/MLCQCodeSmellSamples/scripts/../dataset/commons-configuration_34357e075d63c3634310878636f9498847badcab/src/test/java/org/apache/commons/configuration2/builder/TestDefaultParametersManager.java,org.apache.commons.configuration2.builder.TestDefaultParametersManager,testApplyDefaultsOnSubClass/0,manager,2
/home/sandro/workspace/sandro/MLCQCodeSmellSamples/scripts/../dataset/commons-configuration_34357e075d63c3634310878636f9498847badcab/src/test/java/org/apache/commons/configuration2/builder/TestDefaultParametersManager.java,org.apache.commons.configuration2.builder.TestDefaultParametersManager,testApplyDefaultsOnSubClass/0,parameters,1
/home/sandro/workspace/sandro/MLCQCodeSmellSamples/scripts/../dataset/commons-configuration_34357e075d63c3634310878636f9498847badcab/src/test/java/org/apache/commons/configuration2/builder/TestDefaultParametersManager.java,org.apache.commons.configuration2.builder.TestDefaultParametersManager,testApplyDefaultsStartClass/0,manager,3
/home/sandro/workspace/sandro/MLCQCodeSmellSamples/scripts/../dataset/commons-configuration_34357e075d63c3634310878636f9498847badcab/src/test/java/org/apache/commons/configuration2/builder/TestDefaultParametersManager.java,org.apache.commons.configuration2.builder.TestDefaultParametersManager,testApplyDefaultsStartClass/0,parameters,2
/home/sandro/workspace/sandro/MLCQCodeSmellSamples/scripts/../dataset/commons-configuration_34357e075d63c3634310878636f9498847badcab/src/test/java/org/apache/commons/configuration2/builder/TestDefaultParametersManager.java,org.apache.commons.configuration2.builder.TestDefaultParametersManager,testUnregisterDefaultsHandlerSpecific/0,manager,5
/home/sandro/workspace/sandro/MLCQCodeSmellSamples/scripts/../dataset/commons-configuration_34357e075d63c3634310878636f9498847badcab/src/test/java/org/apache/commons/configuration2/builder/TestDefaultParametersManager.java,org.apache.commons.configuration2.builder.TestDefaultParametersManager,testUnregisterDefaultsHandlerSpecific/0,parameters,2
/home/sandro/workspace/sandro/MLCQCodeSmellSamples/scripts/../dataset/commons-configuration_34357e075d63c3634310878636f9498847badcab/src/test/java/org/apache/commons/configuration2/builder/TestDefaultParametersManager.java,org.apache.commons.configuration2.builder.TestDefaultParametersManager,setUp/0,manager,1
/home/sandro/workspace/sandro/MLCQCodeSmellSamples/scripts/../dataset/commons-configuration_34357e075d63c3634310878636f9498847badcab/src/test/java/org/apache/commons/configuration2/builder/TestDefaultParametersManager.java,org.apache.commons.configuration2.builder.TestDefaultParametersManager,setUp/0,parameters,1
/home/sandro/workspace/sandro/MLCQCodeSmellSamples/scripts/../dataset/commons-configuration_34357e075d63c3634310878636f9498847badcab/src/test/java/org/apache/commons/configuration2/builder/TestDefaultParametersManager.java,org.apache.commons.configuration2.builder.TestDefaultParametersManager,"checkDefaultValues/1[java.util.Map<java.lang.String,java.lang.Object>]",listHandler,1
/home/sandro/workspace/sandro/MLCQCodeSmellSamples/scripts/../dataset/commons-configuration_34357e075d63c3634310878636f9498847badcab/src/test/java/org/apache/commons/configuration2/builder/TestDefaultParametersManager.java,org.apache.commons.configuration2.builder.TestDefaultParametersManager,"checkDefaultValues/1[java.util.Map<java.lang.String,java.lang.Object>]",DEF_ENCODING,1
/home/sandro/workspace/sandro/MLCQCodeSmellSamples/scripts/../dataset/commons-configuration_34357e075d63c3634310878636f9498847badcab/src/test/java/org/apache/commons/configuration2/builder/TestDefaultParametersManager.java,org.apache.commons.configuration2.builder.TestDefaultParametersManager,testApplyDefaultsMultipleHandlers/0,manager,3
/home/sandro/workspace/sandro/MLCQCodeSmellSamples/scripts/../dataset/commons-configuration_34357e075d63c3634310878636f9498847badcab/src/test/java/org/apache/commons/configuration2/builder/TestDefaultParametersManager.java,org.apache.commons.configuration2.builder.TestDefaultParametersManager,testApplyDefaultsMultipleHandlers/0,parameters,1
/home/sandro/workspace/sandro/MLCQCodeSmellSamples/scripts/../dataset/commons-configuration_34357e075d63c3634310878636f9498847badcab/src/test/java/org/apache/commons/configuration2/builder/TestDefaultParametersManager.java,org.apache.commons.configuration2.builder.TestDefaultParametersManager,testInitializeParametersNull/0,manager,2
/home/sandro/workspace/sandro/MLCQCodeSmellSamples/scripts/../dataset/commons-configuration_34357e075d63c3634310878636f9498847badcab/src/test/java/org/apache/commons/configuration2/builder/TestDefaultParametersManager.java,org.apache.commons.configuration2.builder.TestDefaultParametersManager,testUnregisterDefaultsHandlerAll/0,manager,5
/home/sandro/workspace/sandro/MLCQCodeSmellSamples/scripts/../dataset/commons-configuration_34357e075d63c3634310878636f9498847badcab/src/test/java/org/apache/commons/configuration2/builder/TestDefaultParametersManager.java,org.apache.commons.configuration2.builder.TestDefaultParametersManager,testUnregisterDefaultsHandlerAll/0,parameters,2
/home/sandro/workspace/sandro/MLCQCodeSmellSamples/scripts/../dataset/commons-configuration_34357e075d63c3634310878636f9498847badcab/src/test/java/org/apache/commons/configuration2/builder/TestDefaultParametersManager.java,org.apache.commons.configuration2.builder.TestDefaultParametersManager,setUpBeforeClass/0,listHandler,1
/home/sandro/workspace/sandro/MLCQCodeSmellSamples/scripts/../dataset/commons-configuration_34357e075d63c3634310878636f9498847badcab/src/test/java/org/apache/commons/configuration2/builder/TestDefaultParametersManager.java,org.apache.commons.configuration2.builder.TestDefaultParametersManager,testRegisterDefaultsHandlerNoHandler/0,manager,1
/home/sandro/workspace/sandro/MLCQCodeSmellSamples/scripts/../dataset/commons-configuration_34357e075d63c3634310878636f9498847badcab/src/main/java/org/apache/commons/configuration2/builder/combined/BaseConfigurationBuilderProvider.java,org.apache.commons.configuration2.builder.combined.BaseConfigurationBuilderProvider,"BaseConfigurationBuilderProvider/4[java.lang.String,java.lang.String,java.lang.String,java.util.Collection<java.lang.String>]",builderClass,1
/home/sandro/workspace/sandro/MLCQCodeSmellSamples/scripts/../dataset/commons-configuration_34357e075d63c3634310878636f9498847badcab/src/main/java/org/apache/commons/configuration2/builder/combined/BaseConfigurationBuilderProvider.java,org.apache.commons.configuration2.builder.combined.BaseConfigurationBuilderProvider,"BaseConfigurationBuilderProvider/4[java.lang.String,java.lang.String,java.lang.String,java.util.Collection<java.lang.String>]",reloadingBuilderClass,1
/home/sandro/workspace/sandro/MLCQCodeSmellSamples/scripts/../dataset/commons-configuration_34357e075d63c3634310878636f9498847badcab/src/main/java/org/apache/commons/configuration2/builder/combined/BaseConfigurationBuilderProvider.java,org.apache.commons.configuration2.builder.combined.BaseConfigurationBuilderProvider,"BaseConfigurationBuilderProvider/4[java.lang.String,java.lang.String,java.lang.String,java.util.Collection<java.lang.String>]",configurationClass,1
/home/sandro/workspace/sandro/MLCQCodeSmellSamples/scripts/../dataset/commons-configuration_34357e075d63c3634310878636f9498847badcab/src/main/java/org/apache/commons/configuration2/builder/combined/BaseConfigurationBuilderProvider.java,org.apache.commons.configuration2.builder.combined.BaseConfigurationBuilderProvider,"BaseConfigurationBuilderProvider/4[java.lang.String,java.lang.String,java.lang.String,java.util.Collection<java.lang.String>]",parameterClasses,1
/home/sandro/workspace/sandro/MLCQCodeSmellSamples/scripts/../dataset/commons-configuration_34357e075d63c3634310878636f9498847badcab/src/main/java/org/apache/commons/configuration2/builder/combined/BaseConfigurationBuilderProvider.java,org.apache.commons.configuration2.builder.combined.BaseConfigurationBuilderProvider,getReloadingBuilderClass/0,reloadingBuilderClass,1
/home/sandro/workspace/sandro/MLCQCodeSmellSamples/scripts/../dataset/commons-configuration_34357e075d63c3634310878636f9498847badcab/src/main/java/org/apache/commons/configuration2/builder/combined/BaseConfigurationBuilderProvider.java,org.apache.commons.configuration2.builder.combined.BaseConfigurationBuilderProvider,getParameterClasses/0,parameterClasses,1
/home/sandro/workspace/sandro/MLCQCodeSmellSamples/scripts/../dataset/commons-configuration_34357e075d63c3634310878636f9498847badcab/src/main/java/org/apache/commons/configuration2/builder/combined/BaseConfigurationBuilderProvider.java,org.apache.commons.configuration2.builder.combined.BaseConfigurationBuilderProvider,getConfigurationClass/0,configurationClass,1
/home/sandro/workspace/sandro/MLCQCodeSmellSamples/scripts/../dataset/commons-configuration_34357e075d63c3634310878636f9498847badcab/src/main/java/org/apache/commons/configuration2/builder/combined/BaseConfigurationBuilderProvider.java,org.apache.commons.configuration2.builder.combined.BaseConfigurationBuilderProvider,"createBuilder/2[org.apache.commons.configuration2.builder.combined.ConfigurationDeclaration,java.util.Collection<org.apache.commons.configuration2.builder.BuilderParameters>]",CTOR_PARAM_TYPES,1
/home/sandro/workspace/sandro/MLCQCodeSmellSamples/scripts/../dataset/commons-configuration_34357e075d63c3634310878636f9498847badcab/src/main/java/org/apache/commons/configuration2/builder/combined/BaseConfigurationBuilderProvider.java,org.apache.commons.configuration2.builder.combined.BaseConfigurationBuilderProvider,getBuilderClass/0,builderClass,1
/home/sandro/workspace/sandro/MLCQCodeSmellSamples/scripts/../dataset/commons-configuration_34357e075d63c3634310878636f9498847badcab/src/test/java/org/apache/commons/configuration2/TestINIConfiguration.java,org.apache.commons.configuration2.TestINIConfiguration$GlobalSectionTestThread,GlobalSectionTestThread/1[org.apache.commons.configuration2.INIConfiguration],config,1
/home/sandro/workspace/sandro/MLCQCodeSmellSamples/scripts/../dataset/commons-configuration_34357e075d63c3634310878636f9498847badcab/src/test/java/org/apache/commons/configuration2/TestINIConfiguration.java,org.apache.commons.configuration2.TestINIConfiguration$GlobalSectionTestThread,run/0,error,2
/home/sandro/workspace/sandro/MLCQCodeSmellSamples/scripts/../dataset/commons-configuration_34357e075d63c3634310878636f9498847badcab/src/test/java/org/apache/commons/configuration2/TestINIConfiguration.java,org.apache.commons.configuration2.TestINIConfiguration$GlobalSectionTestThread,run/0,config,1
/home/sandro/workspace/sandro/MLCQCodeSmellSamples/scripts/../dataset/commons-configuration_34357e075d63c3634310878636f9498847badcab/src/main/java/org/apache/commons/configuration2/tree/ModelTransaction.java,org.apache.commons.configuration2.tree.ModelTransaction,"addChangeNodeNameOperation/2[org.apache.commons.configuration2.tree.ImmutableNode,java.lang.String]",LEVEL_UNKNOWN,1
/home/sandro/workspace/sandro/MLCQCodeSmellSamples/scripts/../dataset/commons-configuration_34357e075d63c3634310878636f9498847badcab/src/main/java/org/apache/commons/configuration2/tree/ModelTransaction.java,org.apache.commons.configuration2.tree.ModelTransaction,execute/0,newRoot,2
/home/sandro/workspace/sandro/MLCQCodeSmellSamples/scripts/../dataset/commons-configuration_34357e075d63c3634310878636f9498847badcab/src/main/java/org/apache/commons/configuration2/tree/ModelTransaction.java,org.apache.commons.configuration2.tree.ModelTransaction,execute/0,rootNodeSelector,1
/home/sandro/workspace/sandro/MLCQCodeSmellSamples/scripts/../dataset/commons-configuration_34357e075d63c3634310878636f9498847badcab/src/main/java/org/apache/commons/configuration2/tree/ModelTransaction.java,org.apache.commons.configuration2.tree.ModelTransaction,execute/0,replacementMapping,1
/home/sandro/workspace/sandro/MLCQCodeSmellSamples/scripts/../dataset/commons-configuration_34357e075d63c3634310878636f9498847badcab/src/main/java/org/apache/commons/configuration2/tree/ModelTransaction.java,org.apache.commons.configuration2.tree.ModelTransaction,execute/0,parentMapping,1
/home/sandro/workspace/sandro/MLCQCodeSmellSamples/scripts/../dataset/commons-configuration_34357e075d63c3634310878636f9498847badcab/src/main/java/org/apache/commons/configuration2/tree/ModelTransaction.java,org.apache.commons.configuration2.tree.ModelTransaction,execute/0,currentData,1
/home/sandro/workspace/sandro/MLCQCodeSmellSamples/scripts/../dataset/commons-configuration_34357e075d63c3634310878636f9498847badcab/src/main/java/org/apache/commons/configuration2/tree/ModelTransaction.java,org.apache.commons.configuration2.tree.ModelTransaction,"ModelTransaction/3[org.apache.commons.configuration2.tree.TreeData,org.apache.commons.configuration2.tree.NodeSelector,org.apache.commons.configuration2.tree.NodeKeyResolver<org.apache.commons.configuration2.tree.ImmutableNode>]",resolver,4
/home/sandro/workspace/sandro/MLCQCodeSmellSamples/scripts/../dataset/commons-configuration_34357e075d63c3634310878636f9498847badcab/src/main/java/org/apache/commons/configuration2/tree/ModelTransaction.java,org.apache.commons.configuration2.tree.ModelTransaction,"ModelTransaction/3[org.apache.commons.configuration2.tree.TreeData,org.apache.commons.configuration2.tree.NodeSelector,org.apache.commons.configuration2.tree.NodeKeyResolver<org.apache.commons.configuration2.tree.ImmutableNode>]",operations,1
/home/sandro/workspace/sandro/MLCQCodeSmellSamples/scripts/../dataset/commons-configuration_34357e075d63c3634310878636f9498847badcab/src/main/java/org/apache/commons/configuration2/tree/ModelTransaction.java,org.apache.commons.configuration2.tree.ModelTransaction,"ModelTransaction/3[org.apache.commons.configuration2.tree.TreeData,org.apache.commons.configuration2.tree.NodeSelector,org.apache.commons.configuration2.tree.NodeKeyResolver<org.apache.commons.configuration2.tree.ImmutableNode>]",allRemovedNodes,1
/home/sandro/workspace/sandro/MLCQCodeSmellSamples/scripts/../dataset/commons-configuration_34357e075d63c3634310878636f9498847badcab/src/main/java/org/apache/commons/configuration2/tree/ModelTransaction.java,org.apache.commons.configuration2.tree.ModelTransaction,"ModelTransaction/3[org.apache.commons.configuration2.tree.TreeData,org.apache.commons.configuration2.tree.NodeSelector,org.apache.commons.configuration2.tree.NodeKeyResolver<org.apache.commons.configuration2.tree.ImmutableNode>]",replacedNodes,1
/home/sandro/workspace/sandro/MLCQCodeSmellSamples/scripts/../dataset/commons-configuration_34357e075d63c3634310878636f9498847badcab/src/main/java/org/apache/commons/configuration2/tree/ModelTransaction.java,org.apache.commons.configuration2.tree.ModelTransaction,"ModelTransaction/3[org.apache.commons.configuration2.tree.TreeData,org.apache.commons.configuration2.tree.NodeSelector,org.apache.commons.configuration2.tree.NodeKeyResolver<org.apache.commons.configuration2.tree.ImmutableNode>]",queryRoot,1
/home/sandro/workspace/sandro/MLCQCodeSmellSamples/scripts/../dataset/commons-configuration_34357e075d63c3634310878636f9498847badcab/src/main/java/org/apache/commons/configuration2/tree/ModelTransaction.java,org.apache.commons.configuration2.tree.ModelTransaction,"ModelTransaction/3[org.apache.commons.configuration2.tree.TreeData,org.apache.commons.configuration2.tree.NodeSelector,org.apache.commons.configuration2.tree.NodeKeyResolver<org.apache.commons.configuration2.tree.ImmutableNode>]",rootNodeSelector,1
/home/sandro/workspace/sandro/MLCQCodeSmellSamples/scripts/../dataset/commons-configuration_34357e075d63c3634310878636f9498847badcab/src/main/java/org/apache/commons/configuration2/tree/ModelTransaction.java,org.apache.commons.configuration2.tree.ModelTransaction,"ModelTransaction/3[org.apache.commons.configuration2.tree.TreeData,org.apache.commons.configuration2.tree.NodeSelector,org.apache.commons.configuration2.tree.NodeKeyResolver<org.apache.commons.configuration2.tree.ImmutableNode>]",replacementMapping,1
/home/sandro/workspace/sandro/MLCQCodeSmellSamples/scripts/../dataset/commons-configuration_34357e075d63c3634310878636f9498847badcab/src/main/java/org/apache/commons/configuration2/tree/ModelTransaction.java,org.apache.commons.configuration2.tree.ModelTransaction,"ModelTransaction/3[org.apache.commons.configuration2.tree.TreeData,org.apache.commons.configuration2.tree.NodeSelector,org.apache.commons.configuration2.tree.NodeKeyResolver<org.apache.commons.configuration2.tree.ImmutableNode>]",removedNodes,1
/home/sandro/workspace/sandro/MLCQCodeSmellSamples/scripts/../dataset/commons-configuration_34357e075d63c3634310878636f9498847badcab/src/main/java/org/apache/commons/configuration2/tree/ModelTransaction.java,org.apache.commons.configuration2.tree.ModelTransaction,"ModelTransaction/3[org.apache.commons.configuration2.tree.TreeData,org.apache.commons.configuration2.tree.NodeSelector,org.apache.commons.configuration2.tree.NodeKeyResolver<org.apache.commons.configuration2.tree.ImmutableNode>]",parentMapping,1
/home/sandro/workspace/sandro/MLCQCodeSmellSamples/scripts/../dataset/commons-configuration_34357e075d63c3634310878636f9498847badcab/src/main/java/org/apache/commons/configuration2/tree/ModelTransaction.java,org.apache.commons.configuration2.tree.ModelTransaction,"ModelTransaction/3[org.apache.commons.configuration2.tree.TreeData,org.apache.commons.configuration2.tree.NodeSelector,org.apache.commons.configuration2.tree.NodeKeyResolver<org.apache.commons.configuration2.tree.ImmutableNode>]",addedNodes,1
/home/sandro/workspace/sandro/MLCQCodeSmellSamples/scripts/../dataset/commons-configuration_34357e075d63c3634310878636f9498847badcab/src/main/java/org/apache/commons/configuration2/tree/ModelTransaction.java,org.apache.commons.configuration2.tree.ModelTransaction,"ModelTransaction/3[org.apache.commons.configuration2.tree.TreeData,org.apache.commons.configuration2.tree.NodeSelector,org.apache.commons.configuration2.tree.NodeKeyResolver<org.apache.commons.configuration2.tree.ImmutableNode>]",currentData,1
/home/sandro/workspace/sandro/MLCQCodeSmellSamples/scripts/../dataset/commons-configuration_34357e075d63c3634310878636f9498847badcab/src/main/java/org/apache/commons/configuration2/tree/ModelTransaction.java,org.apache.commons.configuration2.tree.ModelTransaction,updateParentMappingForAddedNodes/0,addedNodes,1
/home/sandro/workspace/sandro/MLCQCodeSmellSamples/scripts/../dataset/commons-configuration_34357e075d63c3634310878636f9498847badcab/src/main/java/org/apache/commons/configuration2/tree/ModelTransaction.java,org.apache.commons.configuration2.tree.ModelTransaction,updateParentMappingForAddedNodes/0,parentMapping,1
/home/sandro/workspace/sandro/MLCQCodeSmellSamples/scripts/../dataset/commons-configuration_34357e075d63c3634310878636f9498847badcab/src/main/java/org/apache/commons/configuration2/tree/ModelTransaction.java,org.apache.commons.configuration2.tree.ModelTransaction,"addRemoveNodeOperation/2[org.apache.commons.configuration2.tree.ImmutableNode,org.apache.commons.configuration2.tree.ImmutableNode]",LEVEL_UNKNOWN,1
/home/sandro/workspace/sandro/MLCQCodeSmellSamples/scripts/../dataset/commons-configuration_34357e075d63c3634310878636f9498847badcab/src/main/java/org/apache/commons/configuration2/tree/ModelTransaction.java,org.apache.commons.configuration2.tree.ModelTransaction,updateParentMapping/0,replacedNodes,1
/home/sandro/workspace/sandro/MLCQCodeSmellSamples/scripts/../dataset/commons-configuration_34357e075d63c3634310878636f9498847badcab/src/main/java/org/apache/commons/configuration2/tree/ModelTransaction.java,org.apache.commons.configuration2.tree.ModelTransaction,updateParentMapping/0,MAX_REPLACEMENTS,1
/home/sandro/workspace/sandro/MLCQCodeSmellSamples/scripts/../dataset/commons-configuration_34357e075d63c3634310878636f9498847badcab/src/main/java/org/apache/commons/configuration2/tree/ModelTransaction.java,org.apache.commons.configuration2.tree.ModelTransaction,updateParentMapping/0,replacementMapping,2
/home/sandro/workspace/sandro/MLCQCodeSmellSamples/scripts/../dataset/commons-configuration_34357e075d63c3634310878636f9498847badcab/src/main/java/org/apache/commons/configuration2/tree/ModelTransaction.java,org.apache.commons.configuration2.tree.ModelTransaction,"addRemoveAttributeOperation/2[org.apache.commons.configuration2.tree.ImmutableNode,java.lang.String]",LEVEL_UNKNOWN,1
/home/sandro/workspace/sandro/MLCQCodeSmellSamples/scripts/../dataset/commons-configuration_34357e075d63c3634310878636f9498847badcab/src/main/java/org/apache/commons/configuration2/tree/ModelTransaction.java,org.apache.commons.configuration2.tree.ModelTransaction,"addAddNodeOperation/2[org.apache.commons.configuration2.tree.ImmutableNode,org.apache.commons.configuration2.tree.ImmutableNode]",LEVEL_UNKNOWN,1
/home/sandro/workspace/sandro/MLCQCodeSmellSamples/scripts/../dataset/commons-configuration_34357e075d63c3634310878636f9498847badcab/src/main/java/org/apache/commons/configuration2/tree/ModelTransaction.java,org.apache.commons.configuration2.tree.ModelTransaction,getQueryRoot/0,queryRoot,1
/home/sandro/workspace/sandro/MLCQCodeSmellSamples/scripts/../dataset/commons-configuration_34357e075d63c3634310878636f9498847badcab/src/main/java/org/apache/commons/configuration2/tree/ModelTransaction.java,org.apache.commons.configuration2.tree.ModelTransaction,getResolver/0,resolver,1
/home/sandro/workspace/sandro/MLCQCodeSmellSamples/scripts/../dataset/commons-configuration_34357e075d63c3634310878636f9498847badcab/src/main/java/org/apache/commons/configuration2/tree/ModelTransaction.java,org.apache.commons.configuration2.tree.ModelTransaction,"addChangeNodeValueOperation/2[org.apache.commons.configuration2.tree.ImmutableNode,java.lang.Object]",LEVEL_UNKNOWN,1
/home/sandro/workspace/sandro/MLCQCodeSmellSamples/scripts/../dataset/commons-configuration_34357e075d63c3634310878636f9498847badcab/src/main/java/org/apache/commons/configuration2/tree/ModelTransaction.java,org.apache.commons.configuration2.tree.ModelTransaction,"fetchOperations/2[org.apache.commons.configuration2.tree.ImmutableNode,int]",operations,2
/home/sandro/workspace/sandro/MLCQCodeSmellSamples/scripts/../dataset/commons-configuration_34357e075d63c3634310878636f9498847badcab/src/main/java/org/apache/commons/configuration2/tree/ModelTransaction.java,org.apache.commons.configuration2.tree.ModelTransaction,"fetchOperations/2[org.apache.commons.configuration2.tree.ImmutableNode,int]",LEVEL_UNKNOWN,1
/home/sandro/workspace/sandro/MLCQCodeSmellSamples/scripts/../dataset/commons-configuration_34357e075d63c3634310878636f9498847badcab/src/main/java/org/apache/commons/configuration2/tree/ModelTransaction.java,org.apache.commons.configuration2.tree.ModelTransaction,removeNodeFromReplacementMapping/1[org.apache.commons.configuration2.tree.ImmutableNode],replacementMapping,1
/home/sandro/workspace/sandro/MLCQCodeSmellSamples/scripts/../dataset/commons-configuration_34357e075d63c3634310878636f9498847badcab/src/main/java/org/apache/commons/configuration2/tree/ModelTransaction.java,org.apache.commons.configuration2.tree.ModelTransaction,fetchReferenceMap/0,newReferences,3
/home/sandro/workspace/sandro/MLCQCodeSmellSamples/scripts/../dataset/commons-configuration_34357e075d63c3634310878636f9498847badcab/src/main/java/org/apache/commons/configuration2/tree/ModelTransaction.java,org.apache.commons.configuration2.tree.ModelTransaction,updateReferenceTracker/0,allRemovedNodes,1
/home/sandro/workspace/sandro/MLCQCodeSmellSamples/scripts/../dataset/commons-configuration_34357e075d63c3634310878636f9498847badcab/src/main/java/org/apache/commons/configuration2/tree/ModelTransaction.java,org.apache.commons.configuration2.tree.ModelTransaction,updateReferenceTracker/0,replacedNodes,1
/home/sandro/workspace/sandro/MLCQCodeSmellSamples/scripts/../dataset/commons-configuration_34357e075d63c3634310878636f9498847badcab/src/main/java/org/apache/commons/configuration2/tree/ModelTransaction.java,org.apache.commons.configuration2.tree.ModelTransaction,updateReferenceTracker/0,newReferences,2
/home/sandro/workspace/sandro/MLCQCodeSmellSamples/scripts/../dataset/commons-configuration_34357e075d63c3634310878636f9498847badcab/src/main/java/org/apache/commons/configuration2/tree/ModelTransaction.java,org.apache.commons.configuration2.tree.ModelTransaction,updateReferenceTracker/0,currentData,1
/home/sandro/workspace/sandro/MLCQCodeSmellSamples/scripts/../dataset/commons-configuration_34357e075d63c3634310878636f9498847badcab/src/main/java/org/apache/commons/configuration2/tree/ModelTransaction.java,org.apache.commons.configuration2.tree.ModelTransaction,executeOperations/0,operations,3
/home/sandro/workspace/sandro/MLCQCodeSmellSamples/scripts/../dataset/commons-configuration_34357e075d63c3634310878636f9498847badcab/src/main/java/org/apache/commons/configuration2/tree/ModelTransaction.java,org.apache.commons.configuration2.tree.ModelTransaction,rebuildParentMapping/0,newRoot,1
/home/sandro/workspace/sandro/MLCQCodeSmellSamples/scripts/../dataset/commons-configuration_34357e075d63c3634310878636f9498847badcab/src/main/java/org/apache/commons/configuration2/tree/ModelTransaction.java,org.apache.commons.configuration2.tree.ModelTransaction,rebuildParentMapping/0,replacementMapping,1
/home/sandro/workspace/sandro/MLCQCodeSmellSamples/scripts/../dataset/commons-configuration_34357e075d63c3634310878636f9498847badcab/src/main/java/org/apache/commons/configuration2/tree/ModelTransaction.java,org.apache.commons.configuration2.tree.ModelTransaction,rebuildParentMapping/0,parentMapping,2
/home/sandro/workspace/sandro/MLCQCodeSmellSamples/scripts/../dataset/commons-configuration_34357e075d63c3634310878636f9498847badcab/src/main/java/org/apache/commons/configuration2/tree/ModelTransaction.java,org.apache.commons.configuration2.tree.ModelTransaction,updateParentMappingForRemovedNodes/0,removedNodes,1
/home/sandro/workspace/sandro/MLCQCodeSmellSamples/scripts/../dataset/commons-configuration_34357e075d63c3634310878636f9498847badcab/src/main/java/org/apache/commons/configuration2/tree/ModelTransaction.java,org.apache.commons.configuration2.tree.ModelTransaction,getCurrentData/0,currentData,1
/home/sandro/workspace/sandro/MLCQCodeSmellSamples/scripts/../dataset/commons-configuration_34357e075d63c3634310878636f9498847badcab/src/main/java/org/apache/commons/configuration2/tree/ModelTransaction.java,org.apache.commons.configuration2.tree.ModelTransaction,"addAttributeOperation/3[org.apache.commons.configuration2.tree.ImmutableNode,java.lang.String,java.lang.Object]",LEVEL_UNKNOWN,1
/home/sandro/workspace/sandro/MLCQCodeSmellSamples/scripts/../dataset/commons-configuration_34357e075d63c3634310878636f9498847badcab/src/main/java/org/apache/commons/configuration2/tree/ModelTransaction.java,org.apache.commons.configuration2.tree.ModelTransaction,"addAddNodesOperation/2[org.apache.commons.configuration2.tree.ImmutableNode,java.util.Collection<? extends org.apache.commons.configuration2.tree.ImmutableNode>]",LEVEL_UNKNOWN,1
/home/sandro/workspace/sandro/MLCQCodeSmellSamples/scripts/../dataset/commons-configuration_34357e075d63c3634310878636f9498847badcab/src/main/java/org/apache/commons/configuration2/tree/ModelTransaction.java,org.apache.commons.configuration2.tree.ModelTransaction,"addAttributesOperation/2[org.apache.commons.configuration2.tree.ImmutableNode,java.util.Map<java.lang.String,java.lang.Object>]",LEVEL_UNKNOWN,1
/home/sandro/workspace/sandro/MLCQCodeSmellSamples/scripts/../dataset/commons-configuration_34357e075d63c3634310878636f9498847badcab/src/main/java/org/apache/commons/configuration2/resolver/CatalogResolver.java,org.apache.commons.configuration2.resolver.CatalogResolver$Catalog,"parseCatalog/2[java.lang.String,java.lang.String]",fs,2
/home/sandro/workspace/sandro/MLCQCodeSmellSamples/scripts/../dataset/commons-configuration_34357e075d63c3634310878636f9498847badcab/src/main/java/org/apache/commons/configuration2/resolver/CatalogResolver.java,org.apache.commons.configuration2.resolver.CatalogResolver$Catalog,loadSystemCatalogs/0,fileNameMap,1
/home/sandro/workspace/sandro/MLCQCodeSmellSamples/scripts/../dataset/commons-configuration_34357e075d63c3634310878636f9498847badcab/src/main/java/org/apache/commons/configuration2/resolver/CatalogResolver.java,org.apache.commons.configuration2.resolver.CatalogResolver$Catalog,loadSystemCatalogs/0,fs,3
/home/sandro/workspace/sandro/MLCQCodeSmellSamples/scripts/../dataset/commons-configuration_34357e075d63c3634310878636f9498847badcab/src/test/java/org/apache/commons/configuration2/TestDynamicCombinedConfiguration.java,org.apache.commons.configuration2.TestDynamicCombinedConfiguration,testUpdateConfiguration/0,MULTI_TENENT_FILE,1
/home/sandro/workspace/sandro/MLCQCodeSmellSamples/scripts/../dataset/commons-configuration_34357e075d63c3634310878636f9498847badcab/src/test/java/org/apache/commons/configuration2/TestDynamicCombinedConfiguration.java,org.apache.commons.configuration2.TestDynamicCombinedConfiguration,testUpdateConfiguration/0,parameters,1
/home/sandro/workspace/sandro/MLCQCodeSmellSamples/scripts/../dataset/commons-configuration_34357e075d63c3634310878636f9498847badcab/src/test/java/org/apache/commons/configuration2/TestDynamicCombinedConfiguration.java,org.apache.commons.configuration2.TestDynamicCombinedConfiguration,testConcurrentGetAndReloadFile/0,folder,2
/home/sandro/workspace/sandro/MLCQCodeSmellSamples/scripts/../dataset/commons-configuration_34357e075d63c3634310878636f9498847badcab/src/test/java/org/apache/commons/configuration2/TestDynamicCombinedConfiguration.java,org.apache.commons.configuration2.TestDynamicCombinedConfiguration,testConcurrentGetAndReloadFile/0,MULTI_DYNAMIC_FILE,1
/home/sandro/workspace/sandro/MLCQCodeSmellSamples/scripts/../dataset/commons-configuration_34357e075d63c3634310878636f9498847badcab/src/test/java/org/apache/commons/configuration2/TestDynamicCombinedConfiguration.java,org.apache.commons.configuration2.TestDynamicCombinedConfiguration,testConcurrentGetAndReloadFile/0,parameters,1
/home/sandro/workspace/sandro/MLCQCodeSmellSamples/scripts/../dataset/commons-configuration_34357e075d63c3634310878636f9498847badcab/src/test/java/org/apache/commons/configuration2/TestDynamicCombinedConfiguration.java,org.apache.commons.configuration2.TestDynamicCombinedConfiguration,testConcurrentGetAndReloadMultipleClients/0,THREAD_COUNT,2
/home/sandro/workspace/sandro/MLCQCodeSmellSamples/scripts/../dataset/commons-configuration_34357e075d63c3634310878636f9498847badcab/src/test/java/org/apache/commons/configuration2/TestDynamicCombinedConfiguration.java,org.apache.commons.configuration2.TestDynamicCombinedConfiguration,testConcurrentGetAndReloadMultipleClients/0,MULTI_TENENT_FILE,1
/home/sandro/workspace/sandro/MLCQCodeSmellSamples/scripts/../dataset/commons-configuration_34357e075d63c3634310878636f9498847badcab/src/test/java/org/apache/commons/configuration2/TestDynamicCombinedConfiguration.java,org.apache.commons.configuration2.TestDynamicCombinedConfiguration,testConcurrentGetAndReloadMultipleClients/0,LOOP_COUNT,1
/home/sandro/workspace/sandro/MLCQCodeSmellSamples/scripts/../dataset/commons-configuration_34357e075d63c3634310878636f9498847badcab/src/test/java/org/apache/commons/configuration2/TestDynamicCombinedConfiguration.java,org.apache.commons.configuration2.TestDynamicCombinedConfiguration,testConcurrentGetAndReloadMultipleClients/0,parameters,1
/home/sandro/workspace/sandro/MLCQCodeSmellSamples/scripts/../dataset/commons-configuration_34357e075d63c3634310878636f9498847badcab/src/test/java/org/apache/commons/configuration2/TestDynamicCombinedConfiguration.java,org.apache.commons.configuration2.TestDynamicCombinedConfiguration,testConcurrentGetAndReload2/0,THREAD_COUNT,2
/home/sandro/workspace/sandro/MLCQCodeSmellSamples/scripts/../dataset/commons-configuration_34357e075d63c3634310878636f9498847badcab/src/test/java/org/apache/commons/configuration2/TestDynamicCombinedConfiguration.java,org.apache.commons.configuration2.TestDynamicCombinedConfiguration,testConcurrentGetAndReload2/0,MULTI_TENENT_FILE,1
/home/sandro/workspace/sandro/MLCQCodeSmellSamples/scripts/../dataset/commons-configuration_34357e075d63c3634310878636f9498847badcab/src/test/java/org/apache/commons/configuration2/TestDynamicCombinedConfiguration.java,org.apache.commons.configuration2.TestDynamicCombinedConfiguration,testConcurrentGetAndReload2/0,LOOP_COUNT,1
/home/sandro/workspace/sandro/MLCQCodeSmellSamples/scripts/../dataset/commons-configuration_34357e075d63c3634310878636f9498847badcab/src/test/java/org/apache/commons/configuration2/TestDynamicCombinedConfiguration.java,org.apache.commons.configuration2.TestDynamicCombinedConfiguration,testConcurrentGetAndReload2/0,parameters,1
/home/sandro/workspace/sandro/MLCQCodeSmellSamples/scripts/../dataset/commons-configuration_34357e075d63c3634310878636f9498847badcab/src/test/java/org/apache/commons/configuration2/TestDynamicCombinedConfiguration.java,org.apache.commons.configuration2.TestDynamicCombinedConfiguration,testConcurrentGetAndReload/0,THREAD_COUNT,2
/home/sandro/workspace/sandro/MLCQCodeSmellSamples/scripts/../dataset/commons-configuration_34357e075d63c3634310878636f9498847badcab/src/test/java/org/apache/commons/configuration2/TestDynamicCombinedConfiguration.java,org.apache.commons.configuration2.TestDynamicCombinedConfiguration,testConcurrentGetAndReload/0,MULTI_TENENT_FILE,1
/home/sandro/workspace/sandro/MLCQCodeSmellSamples/scripts/../dataset/commons-configuration_34357e075d63c3634310878636f9498847badcab/src/test/java/org/apache/commons/configuration2/TestDynamicCombinedConfiguration.java,org.apache.commons.configuration2.TestDynamicCombinedConfiguration,testConcurrentGetAndReload/0,LOOP_COUNT,1
/home/sandro/workspace/sandro/MLCQCodeSmellSamples/scripts/../dataset/commons-configuration_34357e075d63c3634310878636f9498847badcab/src/test/java/org/apache/commons/configuration2/TestDynamicCombinedConfiguration.java,org.apache.commons.configuration2.TestDynamicCombinedConfiguration,testConcurrentGetAndReload/0,parameters,1
/home/sandro/workspace/sandro/MLCQCodeSmellSamples/scripts/../dataset/commons-configuration_34357e075d63c3634310878636f9498847badcab/src/test/java/org/apache/commons/configuration2/TestDynamicCombinedConfiguration.java,org.apache.commons.configuration2.TestDynamicCombinedConfiguration,setUpOnce/0,parameters,1
/home/sandro/workspace/sandro/MLCQCodeSmellSamples/scripts/../dataset/commons-configuration_34357e075d63c3634310878636f9498847badcab/src/test/java/org/apache/commons/configuration2/TestDynamicCombinedConfiguration.java,org.apache.commons.configuration2.TestDynamicCombinedConfiguration,testConfiguration/0,DEFAULT_FILE,1
/home/sandro/workspace/sandro/MLCQCodeSmellSamples/scripts/../dataset/commons-configuration_34357e075d63c3634310878636f9498847badcab/src/test/java/org/apache/commons/configuration2/TestDynamicCombinedConfiguration.java,org.apache.commons.configuration2.TestDynamicCombinedConfiguration,testConfiguration/0,PATTERN,1
/home/sandro/workspace/sandro/MLCQCodeSmellSamples/scripts/../dataset/commons-configuration_34357e075d63c3634310878636f9498847badcab/src/test/java/org/apache/commons/configuration2/TestDynamicCombinedConfiguration.java,org.apache.commons.configuration2.TestDynamicCombinedConfiguration,testConfiguration/0,PATTERN1,1
/home/sandro/workspace/sandro/MLCQCodeSmellSamples/scripts/../dataset/commons-configuration_34357e075d63c3634310878636f9498847badcab/src/test/java/org/apache/commons/configuration2/TestDynamicCombinedConfiguration.java,org.apache.commons.configuration2.TestDynamicCombinedConfiguration,testConfiguration/0,parameters,2
/home/sandro/workspace/sandro/MLCQCodeSmellSamples/scripts/../dataset/commons-configuration_34357e075d63c3634310878636f9498847badcab/src/test/java/org/apache/commons/configuration2/TestINIConfiguration.java,org.apache.commons.configuration2.TestINIConfiguration,testCommentLeadingSeparatorUsedInINIInput/0,LINE_SEPARATOR,5
/home/sandro/workspace/sandro/MLCQCodeSmellSamples/scripts/../dataset/commons-configuration_34357e075d63c3634310878636f9498847badcab/src/test/java/org/apache/commons/configuration2/TestINIConfiguration.java,org.apache.commons.configuration2.TestINIConfiguration,testGetSectionConnected/0,INI_DATA,1
/home/sandro/workspace/sandro/MLCQCodeSmellSamples/scripts/../dataset/commons-configuration_34357e075d63c3634310878636f9498847badcab/src/test/java/org/apache/commons/configuration2/TestINIConfiguration.java,org.apache.commons.configuration2.TestINIConfiguration,testValueWithDelimiters/0,LINE_SEPARATOR,2
/home/sandro/workspace/sandro/MLCQCodeSmellSamples/scripts/../dataset/commons-configuration_34357e075d63c3634310878636f9498847badcab/src/test/java/org/apache/commons/configuration2/TestINIConfiguration.java,org.apache.commons.configuration2.TestINIConfiguration,testKeysOfGlobalSection/0,INI_DATA_GLOBAL,1
/home/sandro/workspace/sandro/MLCQCodeSmellSamples/scripts/../dataset/commons-configuration_34357e075d63c3634310878636f9498847badcab/src/test/java/org/apache/commons/configuration2/TestINIConfiguration.java,org.apache.commons.configuration2.TestINIConfiguration,testQuotedValueWithQuotes/0,INI_DATA2,1
/home/sandro/workspace/sandro/MLCQCodeSmellSamples/scripts/../dataset/commons-configuration_34357e075d63c3634310878636f9498847badcab/src/test/java/org/apache/commons/configuration2/TestINIConfiguration.java,org.apache.commons.configuration2.TestINIConfiguration,testQuotedValueWithSingleQuotes/0,INI_DATA2,1
/home/sandro/workspace/sandro/MLCQCodeSmellSamples/scripts/../dataset/commons-configuration_34357e075d63c3634310878636f9498847badcab/src/test/java/org/apache/commons/configuration2/TestINIConfiguration.java,org.apache.commons.configuration2.TestINIConfiguration,testWriteEmptySection/0,LINE_SEPARATOR,2
/home/sandro/workspace/sandro/MLCQCodeSmellSamples/scripts/../dataset/commons-configuration_34357e075d63c3634310878636f9498847badcab/src/test/java/org/apache/commons/configuration2/TestINIConfiguration.java,org.apache.commons.configuration2.TestINIConfiguration,testGlobalSectionNodeHandlerGetChildByIndex/0,INI_DATA_GLOBAL,1
/home/sandro/workspace/sandro/MLCQCodeSmellSamples/scripts/../dataset/commons-configuration_34357e075d63c3634310878636f9498847badcab/src/test/java/org/apache/commons/configuration2/TestINIConfiguration.java,org.apache.commons.configuration2.TestINIConfiguration,testMultipleSeparators/0,INI_DATA_SEPARATORS,1
/home/sandro/workspace/sandro/MLCQCodeSmellSamples/scripts/../dataset/commons-configuration_34357e075d63c3634310878636f9498847badcab/src/test/java/org/apache/commons/configuration2/TestINIConfiguration.java,org.apache.commons.configuration2.TestINIConfiguration,testSaveWithDelimiterParsingDisabled/0,LINE_SEPARATOR,1
/home/sandro/workspace/sandro/MLCQCodeSmellSamples/scripts/../dataset/commons-configuration_34357e075d63c3634310878636f9498847badcab/src/test/java/org/apache/commons/configuration2/TestINIConfiguration.java,org.apache.commons.configuration2.TestINIConfiguration,testSaveWithDelimiterParsingDisabled/0,INI_DATA,2
/home/sandro/workspace/sandro/MLCQCodeSmellSamples/scripts/../dataset/commons-configuration_34357e075d63c3634310878636f9498847badcab/src/test/java/org/apache/commons/configuration2/TestINIConfiguration.java,org.apache.commons.configuration2.TestINIConfiguration,testLineContinuationNone/0,INI_DATA3,1
/home/sandro/workspace/sandro/MLCQCodeSmellSamples/scripts/../dataset/commons-configuration_34357e075d63c3634310878636f9498847badcab/src/test/java/org/apache/commons/configuration2/TestINIConfiguration.java,org.apache.commons.configuration2.TestINIConfiguration,testGlobalProperty/0,INI_DATA_GLOBAL,1
/home/sandro/workspace/sandro/MLCQCodeSmellSamples/scripts/../dataset/commons-configuration_34357e075d63c3634310878636f9498847badcab/src/test/java/org/apache/commons/configuration2/TestINIConfiguration.java,org.apache.commons.configuration2.TestINIConfiguration,testGetSectionGlobal/0,INI_DATA_GLOBAL,1
/home/sandro/workspace/sandro/MLCQCodeSmellSamples/scripts/../dataset/commons-configuration_34357e075d63c3634310878636f9498847badcab/src/test/java/org/apache/commons/configuration2/TestINIConfiguration.java,org.apache.commons.configuration2.TestINIConfiguration,writeTestFile/1[java.lang.String],folder,1
/home/sandro/workspace/sandro/MLCQCodeSmellSamples/scripts/../dataset/commons-configuration_34357e075d63c3634310878636f9498847badcab/src/test/java/org/apache/commons/configuration2/TestINIConfiguration.java,org.apache.commons.configuration2.TestINIConfiguration,testLineContinuationEmptyLine/0,INI_DATA3,1
/home/sandro/workspace/sandro/MLCQCodeSmellSamples/scripts/../dataset/commons-configuration_34357e075d63c3634310878636f9498847badcab/src/test/java/org/apache/commons/configuration2/TestINIConfiguration.java,org.apache.commons.configuration2.TestINIConfiguration,testLineContinuationEmptyLine/0,LINE_SEPARATOR,1
/home/sandro/workspace/sandro/MLCQCodeSmellSamples/scripts/../dataset/commons-configuration_34357e075d63c3634310878636f9498847badcab/src/test/java/org/apache/commons/configuration2/TestINIConfiguration.java,org.apache.commons.configuration2.TestINIConfiguration,testLoadAlternativeSeparator/0,INI_DATA,1
/home/sandro/workspace/sandro/MLCQCodeSmellSamples/scripts/../dataset/commons-configuration_34357e075d63c3634310878636f9498847badcab/src/test/java/org/apache/commons/configuration2/TestINIConfiguration.java,org.apache.commons.configuration2.TestINIConfiguration,testSaveWithGlobalSection/0,INI_DATA_GLOBAL,1
/home/sandro/workspace/sandro/MLCQCodeSmellSamples/scripts/../dataset/commons-configuration_34357e075d63c3634310878636f9498847badcab/src/test/java/org/apache/commons/configuration2/TestINIConfiguration.java,org.apache.commons.configuration2.TestINIConfiguration,testLineContinuationAtEnd/0,INI_DATA3,1
/home/sandro/workspace/sandro/MLCQCodeSmellSamples/scripts/../dataset/commons-configuration_34357e075d63c3634310878636f9498847badcab/src/test/java/org/apache/commons/configuration2/TestINIConfiguration.java,org.apache.commons.configuration2.TestINIConfiguration,testLineContinuationAtEnd/0,LINE_SEPARATOR,1
/home/sandro/workspace/sandro/MLCQCodeSmellSamples/scripts/../dataset/commons-configuration_34357e075d63c3634310878636f9498847badcab/src/test/java/org/apache/commons/configuration2/TestINIConfiguration.java,org.apache.commons.configuration2.TestINIConfiguration,testGetSectionsWithGlobal/0,INI_DATA_GLOBAL,1
/home/sandro/workspace/sandro/MLCQCodeSmellSamples/scripts/../dataset/commons-configuration_34357e075d63c3634310878636f9498847badcab/src/test/java/org/apache/commons/configuration2/TestINIConfiguration.java,org.apache.commons.configuration2.TestINIConfiguration,testGetSectionsNoGlobal/0,INI_DATA,1
/home/sandro/workspace/sandro/MLCQCodeSmellSamples/scripts/../dataset/commons-configuration_34357e075d63c3634310878636f9498847badcab/src/test/java/org/apache/commons/configuration2/TestINIConfiguration.java,org.apache.commons.configuration2.TestINIConfiguration,testListParsingDisabled/0,LINE_SEPARATOR,1
/home/sandro/workspace/sandro/MLCQCodeSmellSamples/scripts/../dataset/commons-configuration_34357e075d63c3634310878636f9498847badcab/src/test/java/org/apache/commons/configuration2/TestINIConfiguration.java,org.apache.commons.configuration2.TestINIConfiguration,testGlobalSectionNodeHandlerIndexOfChild/0,INI_DATA_GLOBAL,1
/home/sandro/workspace/sandro/MLCQCodeSmellSamples/scripts/../dataset/commons-configuration_34357e075d63c3634310878636f9498847badcab/src/test/java/org/apache/commons/configuration2/TestINIConfiguration.java,org.apache.commons.configuration2.TestINIConfiguration,testGetPropertyNoKey/0,LINE_SEPARATOR,2
/home/sandro/workspace/sandro/MLCQCodeSmellSamples/scripts/../dataset/commons-configuration_34357e075d63c3634310878636f9498847badcab/src/test/java/org/apache/commons/configuration2/TestINIConfiguration.java,org.apache.commons.configuration2.TestINIConfiguration,testGetPropertyNoKey/0,INI_DATA2,1
/home/sandro/workspace/sandro/MLCQCodeSmellSamples/scripts/../dataset/commons-configuration_34357e075d63c3634310878636f9498847badcab/src/test/java/org/apache/commons/configuration2/TestINIConfiguration.java,org.apache.commons.configuration2.TestINIConfiguration,testLineContinuationQuoted/0,INI_DATA3,1
/home/sandro/workspace/sandro/MLCQCodeSmellSamples/scripts/../dataset/commons-configuration_34357e075d63c3634310878636f9498847badcab/src/test/java/org/apache/commons/configuration2/TestINIConfiguration.java,org.apache.commons.configuration2.TestINIConfiguration,testLineContinuationQuoted/0,LINE_SEPARATOR,2
/home/sandro/workspace/sandro/MLCQCodeSmellSamples/scripts/../dataset/commons-configuration_34357e075d63c3634310878636f9498847badcab/src/test/java/org/apache/commons/configuration2/TestINIConfiguration.java,org.apache.commons.configuration2.TestINIConfiguration,testGetSectionsGlobalOnly/0,INI_DATA_GLOBAL_ONLY,1
/home/sandro/workspace/sandro/MLCQCodeSmellSamples/scripts/../dataset/commons-configuration_34357e075d63c3634310878636f9498847badcab/src/test/java/org/apache/commons/configuration2/TestINIConfiguration.java,org.apache.commons.configuration2.TestINIConfiguration,testLoadFromBuilder/0,INI_DATA,1
/home/sandro/workspace/sandro/MLCQCodeSmellSamples/scripts/../dataset/commons-configuration_34357e075d63c3634310878636f9498847badcab/src/test/java/org/apache/commons/configuration2/TestINIConfiguration.java,org.apache.commons.configuration2.TestINIConfiguration,testGetSectionNonExisting/0,INI_DATA,1
/home/sandro/workspace/sandro/MLCQCodeSmellSamples/scripts/../dataset/commons-configuration_34357e075d63c3634310878636f9498847badcab/src/test/java/org/apache/commons/configuration2/TestINIConfiguration.java,org.apache.commons.configuration2.TestINIConfiguration,testQuotedValue/0,INI_DATA2,1
/home/sandro/workspace/sandro/MLCQCodeSmellSamples/scripts/../dataset/commons-configuration_34357e075d63c3634310878636f9498847badcab/src/test/java/org/apache/commons/configuration2/TestINIConfiguration.java,org.apache.commons.configuration2.TestINIConfiguration,testGetSectionMerged/0,LINE_SEPARATOR,2
/home/sandro/workspace/sandro/MLCQCodeSmellSamples/scripts/../dataset/commons-configuration_34357e075d63c3634310878636f9498847badcab/src/test/java/org/apache/commons/configuration2/TestINIConfiguration.java,org.apache.commons.configuration2.TestINIConfiguration,testGetSectionMerged/0,INI_DATA,1
/home/sandro/workspace/sandro/MLCQCodeSmellSamples/scripts/../dataset/commons-configuration_34357e075d63c3634310878636f9498847badcab/src/test/java/org/apache/commons/configuration2/TestINIConfiguration.java,org.apache.commons.configuration2.TestINIConfiguration,testGetSectionGlobalNonExisting/0,INI_DATA,1
/home/sandro/workspace/sandro/MLCQCodeSmellSamples/scripts/../dataset/commons-configuration_34357e075d63c3634310878636f9498847badcab/src/test/java/org/apache/commons/configuration2/TestINIConfiguration.java,org.apache.commons.configuration2.TestINIConfiguration,testGetSectionsAdded/0,INI_DATA2,1
/home/sandro/workspace/sandro/MLCQCodeSmellSamples/scripts/../dataset/commons-configuration_34357e075d63c3634310878636f9498847badcab/src/test/java/org/apache/commons/configuration2/TestINIConfiguration.java,org.apache.commons.configuration2.TestINIConfiguration,testSeparatorUsedInINIInput/0,LINE_SEPARATOR,5
/home/sandro/workspace/sandro/MLCQCodeSmellSamples/scripts/../dataset/commons-configuration_34357e075d63c3634310878636f9498847badcab/src/test/java/org/apache/commons/configuration2/TestINIConfiguration.java,org.apache.commons.configuration2.TestINIConfiguration,testSaveWithOnlyGlobalSection/0,INI_DATA_GLOBAL_ONLY,1
/home/sandro/workspace/sandro/MLCQCodeSmellSamples/scripts/../dataset/commons-configuration_34357e075d63c3634310878636f9498847badcab/src/test/java/org/apache/commons/configuration2/TestINIConfiguration.java,org.apache.commons.configuration2.TestINIConfiguration,testLineContinuationQuotedComment/0,INI_DATA3,1
/home/sandro/workspace/sandro/MLCQCodeSmellSamples/scripts/../dataset/commons-configuration_34357e075d63c3634310878636f9498847badcab/src/test/java/org/apache/commons/configuration2/TestINIConfiguration.java,org.apache.commons.configuration2.TestINIConfiguration,testLineContinuationQuotedComment/0,LINE_SEPARATOR,1
/home/sandro/workspace/sandro/MLCQCodeSmellSamples/scripts/../dataset/commons-configuration_34357e075d63c3634310878636f9498847badcab/src/test/java/org/apache/commons/configuration2/TestINIConfiguration.java,org.apache.commons.configuration2.TestINIConfiguration,testGetSectionGloabalMultiThreaded/0,INI_DATA_GLOBAL,1
/home/sandro/workspace/sandro/MLCQCodeSmellSamples/scripts/../dataset/commons-configuration_34357e075d63c3634310878636f9498847badcab/src/test/java/org/apache/commons/configuration2/TestINIConfiguration.java,org.apache.commons.configuration2.TestINIConfiguration,testGetSectionsDottedVar/0,LINE_SEPARATOR,1
/home/sandro/workspace/sandro/MLCQCodeSmellSamples/scripts/../dataset/commons-configuration_34357e075d63c3634310878636f9498847badcab/src/test/java/org/apache/commons/configuration2/TestINIConfiguration.java,org.apache.commons.configuration2.TestINIConfiguration,testGetSectionsDottedVar/0,INI_DATA_GLOBAL,1
/home/sandro/workspace/sandro/MLCQCodeSmellSamples/scripts/../dataset/commons-configuration_34357e075d63c3634310878636f9498847badcab/src/test/java/org/apache/commons/configuration2/TestINIConfiguration.java,org.apache.commons.configuration2.TestINIConfiguration,testPropertyWithDelimiter/0,INI_DATA,1
/home/sandro/workspace/sandro/MLCQCodeSmellSamples/scripts/../dataset/commons-configuration_34357e075d63c3634310878636f9498847badcab/src/test/java/org/apache/commons/configuration2/TestINIConfiguration.java,org.apache.commons.configuration2.TestINIConfiguration,testGetPropertyNoValue/0,LINE_SEPARATOR,2
/home/sandro/workspace/sandro/MLCQCodeSmellSamples/scripts/../dataset/commons-configuration_34357e075d63c3634310878636f9498847badcab/src/test/java/org/apache/commons/configuration2/TestINIConfiguration.java,org.apache.commons.configuration2.TestINIConfiguration,testGetPropertyNoValue/0,INI_DATA2,1
/home/sandro/workspace/sandro/MLCQCodeSmellSamples/scripts/../dataset/commons-configuration_34357e075d63c3634310878636f9498847badcab/src/test/java/org/apache/commons/configuration2/TestINIConfiguration.java,org.apache.commons.configuration2.TestINIConfiguration,testExpressionEngineIgnoringCase/0,INI_DATA,1
/home/sandro/workspace/sandro/MLCQCodeSmellSamples/scripts/../dataset/commons-configuration_34357e075d63c3634310878636f9498847badcab/src/test/java/org/apache/commons/configuration2/TestINIConfiguration.java,org.apache.commons.configuration2.TestINIConfiguration,testLineContinuationComment/0,INI_DATA3,1
/home/sandro/workspace/sandro/MLCQCodeSmellSamples/scripts/../dataset/commons-configuration_34357e075d63c3634310878636f9498847badcab/src/test/java/org/apache/commons/configuration2/TestINIConfiguration.java,org.apache.commons.configuration2.TestINIConfiguration,testLineContinuationComment/0,LINE_SEPARATOR,1
/home/sandro/workspace/sandro/MLCQCodeSmellSamples/scripts/../dataset/commons-configuration_34357e075d63c3634310878636f9498847badcab/src/test/java/org/apache/commons/configuration2/TestINIConfiguration.java,org.apache.commons.configuration2.TestINIConfiguration,testGetSectionNonExistingManipulate/0,INI_DATA,1
/home/sandro/workspace/sandro/MLCQCodeSmellSamples/scripts/../dataset/commons-configuration_34357e075d63c3634310878636f9498847badcab/src/test/java/org/apache/commons/configuration2/TestINIConfiguration.java,org.apache.commons.configuration2.TestINIConfiguration,testGlobalSectionNodeHandlerGetChildrenCount/0,INI_DATA_GLOBAL,1
/home/sandro/workspace/sandro/MLCQCodeSmellSamples/scripts/../dataset/commons-configuration_34357e075d63c3634310878636f9498847badcab/src/test/java/org/apache/commons/configuration2/TestINIConfiguration.java,org.apache.commons.configuration2.TestINIConfiguration,testGetSectionExisting/0,INI_DATA,1
/home/sandro/workspace/sandro/MLCQCodeSmellSamples/scripts/../dataset/commons-configuration_34357e075d63c3634310878636f9498847badcab/src/test/java/org/apache/commons/configuration2/TestINIConfiguration.java,org.apache.commons.configuration2.TestINIConfiguration,testGlobalSectionNodeHandlerGetChildrenByName/0,INI_DATA_GLOBAL,1
/home/sandro/workspace/sandro/MLCQCodeSmellSamples/scripts/../dataset/commons-configuration_34357e075d63c3634310878636f9498847badcab/src/test/java/org/apache/commons/configuration2/TestINIConfiguration.java,org.apache.commons.configuration2.TestINIConfiguration,testValueWithComment/0,INI_DATA2,1
/home/sandro/workspace/sandro/MLCQCodeSmellSamples/scripts/../dataset/commons-configuration_34357e075d63c3634310878636f9498847badcab/src/test/java/org/apache/commons/configuration2/TestINIConfiguration.java,org.apache.commons.configuration2.TestINIConfiguration,testGlobalSectionConnected/0,INI_DATA_GLOBAL,1
/home/sandro/workspace/sandro/MLCQCodeSmellSamples/scripts/../dataset/commons-configuration_34357e075d63c3634310878636f9498847badcab/src/test/java/org/apache/commons/configuration2/TestINIConfiguration.java,org.apache.commons.configuration2.TestINIConfiguration,testMultipleSeparatorsQuoted/0,INI_DATA_SEPARATORS,1
/home/sandro/workspace/sandro/MLCQCodeSmellSamples/scripts/../dataset/commons-configuration_34357e075d63c3634310878636f9498847badcab/src/test/java/org/apache/commons/configuration2/TestINIConfiguration.java,org.apache.commons.configuration2.TestINIConfiguration,testSeparators/0,INI_DATA_SEPARATORS,1
/home/sandro/workspace/sandro/MLCQCodeSmellSamples/scripts/../dataset/commons-configuration_34357e075d63c3634310878636f9498847badcab/src/test/java/org/apache/commons/configuration2/TestINIConfiguration.java,org.apache.commons.configuration2.TestINIConfiguration,testLoad/0,INI_DATA,1
/home/sandro/workspace/sandro/MLCQCodeSmellSamples/scripts/../dataset/commons-configuration_34357e075d63c3634310878636f9498847badcab/src/test/java/org/apache/commons/configuration2/TestINIConfiguration.java,org.apache.commons.configuration2.TestINIConfiguration,testSave/0,INI_DATA,1
/home/sandro/workspace/sandro/MLCQCodeSmellSamples/scripts/../dataset/commons-configuration_34357e075d63c3634310878636f9498847badcab/src/test/java/org/apache/commons/configuration2/TestINIConfiguration.java,org.apache.commons.configuration2.TestINIConfiguration,testGetSectionsSynchronized/0,INI_DATA,1
/home/sandro/workspace/sandro/MLCQCodeSmellSamples/scripts/../dataset/commons-configuration_34357e075d63c3634310878636f9498847badcab/src/test/java/org/apache/commons/configuration2/TestINIConfiguration.java,org.apache.commons.configuration2.TestINIConfiguration,testListDelimiterHandlingInList/0,LINE_SEPARATOR,2
/home/sandro/workspace/sandro/MLCQCodeSmellSamples/scripts/../dataset/commons-configuration_34357e075d63c3634310878636f9498847badcab/src/test/java/org/apache/commons/configuration2/TestINIConfiguration.java,org.apache.commons.configuration2.TestINIConfiguration,testListDelimiterHandlingInList/0,INI_DATA,1
/home/sandro/workspace/sandro/MLCQCodeSmellSamples/scripts/../dataset/commons-configuration_34357e075d63c3634310878636f9498847badcab/src/test/java/org/apache/commons/configuration2/TestINIConfiguration.java,org.apache.commons.configuration2.TestINIConfiguration,testQuotedValueWithComment/0,INI_DATA2,1
/home/sandro/workspace/sandro/MLCQCodeSmellSamples/scripts/../dataset/commons-configuration_34357e075d63c3634310878636f9498847badcab/src/test/java/org/apache/commons/configuration2/TestINIConfiguration.java,org.apache.commons.configuration2.TestINIConfiguration,testLineContinuation/0,INI_DATA3,1
/home/sandro/workspace/sandro/MLCQCodeSmellSamples/scripts/../dataset/commons-configuration_34357e075d63c3634310878636f9498847badcab/src/test/java/org/apache/commons/configuration2/TestINIConfiguration.java,org.apache.commons.configuration2.TestINIConfiguration,testLineContinuation/0,LINE_SEPARATOR,2
/home/sandro/workspace/sandro/MLCQCodeSmellSamples/scripts/../dataset/commons-configuration_34357e075d63c3634310878636f9498847badcab/src/test/java/org/apache/commons/configuration2/TestINIConfiguration.java,org.apache.commons.configuration2.TestINIConfiguration,testSeparatorUsedInINIOutput/0,INI_DATA4,2
/home/sandro/workspace/sandro/MLCQCodeSmellSamples/scripts/../dataset/commons-configuration_34357e075d63c3634310878636f9498847badcab/src/test/java/org/apache/commons/configuration2/TestINIConfiguration.java,org.apache.commons.configuration2.TestINIConfiguration,testQuotedValueEmpty/0,INI_DATA2,1
/home/sandro/workspace/sandro/MLCQCodeSmellSamples/scripts/../dataset/commons-configuration_34357e075d63c3634310878636f9498847badcab/src/test/java/org/apache/commons/configuration2/TestINIConfiguration.java,org.apache.commons.configuration2.TestINIConfiguration,testValueWithSemicolon/0,LINE_SEPARATOR,3
/home/sandro/workspace/sandro/MLCQCodeSmellSamples/scripts/../dataset/commons-configuration_34357e075d63c3634310878636f9498847badcab/src/main/java/org/apache/commons/configuration2/ConfigurationMap.java,org.apache.commons.configuration2.ConfigurationMap$ConfigurationSet,size/0,configuration,1
/home/sandro/workspace/sandro/MLCQCodeSmellSamples/scripts/../dataset/commons-configuration_34357e075d63c3634310878636f9498847badcab/src/main/java/org/apache/commons/configuration2/ConfigurationMap.java,org.apache.commons.configuration2.ConfigurationMap$ConfigurationSet,ConfigurationSet/1[org.apache.commons.configuration2.Configuration],configuration,3
/home/sandro/workspace/sandro/MLCQCodeSmellSamples/scripts/../dataset/commons-configuration_34357e075d63c3634310878636f9498847badcab/src/main/java/org/apache/commons/configuration2/reloading/VFSFileHandlerReloadingDetector.java,org.apache.commons.configuration2.reloading.VFSFileHandlerReloadingDetector,getLastModificationDate/0,log,1
/home/sandro/workspace/sandro/MLCQCodeSmellSamples/scripts/../dataset/commons-configuration_34357e075d63c3634310878636f9498847badcab/src/main/java/org/apache/commons/configuration2/reloading/VFSFileHandlerReloadingDetector.java,org.apache.commons.configuration2.reloading.VFSFileHandlerReloadingDetector,getFileObject/0,log,1
/home/sandro/workspace/sandro/MLCQCodeSmellSamples/scripts/../dataset/commons-configuration_34357e075d63c3634310878636f9498847badcab/src/test/java/org/apache/commons/configuration2/plist/TestXMLPropertyListConfigurationEvents.java,org.apache.commons.configuration2.plist.TestXMLPropertyListConfigurationEvents,createConfiguration/0,TEST_FILE,1
/home/sandro/workspace/sandro/MLCQCodeSmellSamples/scripts/../dataset/commons-configuration_34357e075d63c3634310878636f9498847badcab/src/test/java/org/apache/commons/configuration2/tree/xpath/TestConfigurationNodePointerFactory.java,org.apache.commons.configuration2.tree.xpath.TestConfigurationNodePointerFactory,testSimpleXPath/0,context,3
/home/sandro/workspace/sandro/MLCQCodeSmellSamples/scripts/../dataset/commons-configuration_34357e075d63c3634310878636f9498847badcab/src/test/java/org/apache/commons/configuration2/tree/xpath/TestConfigurationNodePointerFactory.java,org.apache.commons.configuration2.tree.xpath.TestConfigurationNodePointerFactory,testParentAxis/0,context,1
/home/sandro/workspace/sandro/MLCQCodeSmellSamples/scripts/../dataset/commons-configuration_34357e075d63c3634310878636f9498847badcab/src/test/java/org/apache/commons/configuration2/tree/xpath/TestConfigurationNodePointerFactory.java,org.apache.commons.configuration2.tree.xpath.TestConfigurationNodePointerFactory,testText/0,context,1
/home/sandro/workspace/sandro/MLCQCodeSmellSamples/scripts/../dataset/commons-configuration_34357e075d63c3634310878636f9498847badcab/src/test/java/org/apache/commons/configuration2/tree/xpath/TestConfigurationNodePointerFactory.java,org.apache.commons.configuration2.tree.xpath.TestConfigurationNodePointerFactory,testFollowingSiblingAxis/0,context,1
/home/sandro/workspace/sandro/MLCQCodeSmellSamples/scripts/../dataset/commons-configuration_34357e075d63c3634310878636f9498847badcab/src/test/java/org/apache/commons/configuration2/tree/xpath/TestConfigurationNodePointerFactory.java,org.apache.commons.configuration2.tree.xpath.TestConfigurationNodePointerFactory,setUp/0,context,1
/home/sandro/workspace/sandro/MLCQCodeSmellSamples/scripts/../dataset/commons-configuration_34357e075d63c3634310878636f9498847badcab/src/test/java/org/apache/commons/configuration2/tree/xpath/TestConfigurationNodePointerFactory.java,org.apache.commons.configuration2.tree.xpath.TestConfigurationNodePointerFactory,testQueryAttribute/0,context,1
/home/sandro/workspace/sandro/MLCQCodeSmellSamples/scripts/../dataset/commons-configuration_34357e075d63c3634310878636f9498847badcab/src/test/java/org/apache/commons/configuration2/tree/xpath/TestConfigurationNodePointerFactory.java,org.apache.commons.configuration2.tree.xpath.TestConfigurationNodePointerFactory,testQueryRootAttribute/0,context,1
/home/sandro/workspace/sandro/MLCQCodeSmellSamples/scripts/../dataset/commons-configuration_34357e075d63c3634310878636f9498847badcab/src/test/java/org/apache/commons/configuration2/tree/xpath/TestConfigurationNodePointerFactory.java,org.apache.commons.configuration2.tree.xpath.TestConfigurationNodePointerFactory,testPrecedingSiblingAxis/0,context,1
/home/sandro/workspace/sandro/MLCQCodeSmellSamples/scripts/../dataset/commons-configuration_34357e075d63c3634310878636f9498847badcab/src/test/java/org/apache/commons/configuration2/tree/xpath/TestConfigurationNodePointerFactory.java,org.apache.commons.configuration2.tree.xpath.TestConfigurationNodePointerFactory,testIndices/0,context,3
/home/sandro/workspace/sandro/MLCQCodeSmellSamples/scripts/../dataset/commons-configuration_34357e075d63c3634310878636f9498847badcab/src/test/java/org/apache/commons/configuration2/builder/combined/AbstractMultiFileConfigurationBuilderTest.java,org.apache.commons.configuration2.builder.combined.AbstractMultiFileConfigurationBuilderTest,switchToConfig/1[java.lang.String],PROP,2
/home/sandro/workspace/sandro/MLCQCodeSmellSamples/scripts/../dataset/commons-configuration_34357e075d63c3634310878636f9498847badcab/src/test/java/org/apache/commons/configuration2/builder/combined/AbstractMultiFileConfigurationBuilderTest.java,org.apache.commons.configuration2.builder.combined.AbstractMultiFileConfigurationBuilderTest,createTestBuilderParameters/1[org.apache.commons.configuration2.builder.BuilderParameters],PATTERN,1
/home/sandro/workspace/sandro/MLCQCodeSmellSamples/scripts/../dataset/commons-configuration_34357e075d63c3634310878636f9498847badcab/src/test/java/org/apache/commons/configuration2/TestPropertiesConfiguration.java,org.apache.commons.configuration2.TestPropertiesConfiguration$PropertiesReaderTestImpl,getPropertyName/0,propertyCount,1
/home/sandro/workspace/sandro/MLCQCodeSmellSamples/scripts/../dataset/commons-configuration_34357e075d63c3634310878636f9498847badcab/src/test/java/org/apache/commons/configuration2/TestPropertiesConfiguration.java,org.apache.commons.configuration2.TestPropertiesConfiguration$PropertiesReaderTestImpl,nextProperty/0,propertyCount,2
/home/sandro/workspace/sandro/MLCQCodeSmellSamples/scripts/../dataset/commons-configuration_34357e075d63c3634310878636f9498847badcab/src/test/java/org/apache/commons/configuration2/TestPropertiesConfiguration.java,org.apache.commons.configuration2.TestPropertiesConfiguration$PropertiesReaderTestImpl,nextProperty/0,maxProperties,1
/home/sandro/workspace/sandro/MLCQCodeSmellSamples/scripts/../dataset/commons-configuration_34357e075d63c3634310878636f9498847badcab/src/test/java/org/apache/commons/configuration2/TestPropertiesConfiguration.java,org.apache.commons.configuration2.TestPropertiesConfiguration$PropertiesReaderTestImpl,getPropertyValue/0,propertyCount,1
/home/sandro/workspace/sandro/MLCQCodeSmellSamples/scripts/../dataset/commons-configuration_34357e075d63c3634310878636f9498847badcab/src/test/java/org/apache/commons/configuration2/TestPropertiesConfiguration.java,org.apache.commons.configuration2.TestPropertiesConfiguration$PropertiesReaderTestImpl,"PropertiesReaderTestImpl/2[java.io.Reader,int]",maxProperties,1
/home/sandro/workspace/sandro/MLCQCodeSmellSamples/scripts/../dataset/commons-configuration_34357e075d63c3634310878636f9498847badcab/src/test/java/org/apache/commons/configuration2/tree/AbstractCombinerTest.java,org.apache.commons.configuration2.tree.AbstractCombinerTest,createCombinedConfiguration/0,CONF1,1
/home/sandro/workspace/sandro/MLCQCodeSmellSamples/scripts/../dataset/commons-configuration_34357e075d63c3634310878636f9498847badcab/src/test/java/org/apache/commons/configuration2/tree/AbstractCombinerTest.java,org.apache.commons.configuration2.tree.AbstractCombinerTest,createCombinedConfiguration/0,CONF2,1
/home/sandro/workspace/sandro/MLCQCodeSmellSamples/scripts/../dataset/commons-configuration_34357e075d63c3634310878636f9498847badcab/src/test/java/org/apache/commons/configuration2/tree/AbstractCombinerTest.java,org.apache.commons.configuration2.tree.AbstractCombinerTest,createCombinedConfiguration/0,combiner,1
/home/sandro/workspace/sandro/MLCQCodeSmellSamples/scripts/../dataset/commons-configuration_34357e075d63c3634310878636f9498847badcab/src/test/java/org/apache/commons/configuration2/tree/AbstractCombinerTest.java,org.apache.commons.configuration2.tree.AbstractCombinerTest,testInit/0,combiner,2
/home/sandro/workspace/sandro/MLCQCodeSmellSamples/scripts/../dataset/commons-configuration_34357e075d63c3634310878636f9498847badcab/src/test/java/org/apache/commons/configuration2/tree/AbstractCombinerTest.java,org.apache.commons.configuration2.tree.AbstractCombinerTest,setUp/0,combiner,1
/home/sandro/workspace/sandro/MLCQCodeSmellSamples/scripts/../dataset/commons-configuration_34357e075d63c3634310878636f9498847badcab/src/test/java/org/apache/commons/configuration2/TestPropertiesConfigurationLayout.java,org.apache.commons.configuration2.TestPropertiesConfigurationLayout$PropertiesBuilder,addLine/1[java.lang.String],buf,1
/home/sandro/workspace/sandro/MLCQCodeSmellSamples/scripts/../dataset/commons-configuration_34357e075d63c3634310878636f9498847badcab/src/test/java/org/apache/commons/configuration2/TestPropertiesConfigurationLayout.java,org.apache.commons.configuration2.TestPropertiesConfigurationLayout$PropertiesBuilder,addComment/1[java.lang.String],buf,4
/home/sandro/workspace/sandro/MLCQCodeSmellSamples/scripts/../dataset/commons-configuration_34357e075d63c3634310878636f9498847badcab/src/test/java/org/apache/commons/configuration2/TestPropertiesConfigurationLayout.java,org.apache.commons.configuration2.TestPropertiesConfigurationLayout$PropertiesBuilder,addComment/1[java.lang.String],commentCounter,2
/home/sandro/workspace/sandro/MLCQCodeSmellSamples/scripts/../dataset/commons-configuration_34357e075d63c3634310878636f9498847badcab/src/test/java/org/apache/commons/configuration2/TestPropertiesConfigurationLayout.java,org.apache.commons.configuration2.TestPropertiesConfigurationLayout$PropertiesBuilder,toString/0,buf,1
/home/sandro/workspace/sandro/MLCQCodeSmellSamples/scripts/../dataset/commons-configuration_34357e075d63c3634310878636f9498847badcab/src/test/java/org/apache/commons/configuration2/TestPropertiesConfigurationLayout.java,org.apache.commons.configuration2.TestPropertiesConfigurationLayout$PropertiesBuilder,"addProperty/2[java.lang.String,java.lang.String]",buf,1
/home/sandro/workspace/sandro/MLCQCodeSmellSamples/scripts/../dataset/commons-configuration_34357e075d63c3634310878636f9498847badcab/src/test/java/org/apache/commons/configuration2/TestPropertiesConfigurationLayout.java,org.apache.commons.configuration2.TestPropertiesConfigurationLayout$PropertiesBuilder,getReader/0,buf,1
/home/sandro/workspace/sandro/MLCQCodeSmellSamples/scripts/../dataset/commons-configuration_34357e075d63c3634310878636f9498847badcab/src/main/java/org/apache/commons/configuration2/tree/xpath/ConfigurationNodeIteratorAttribute.java,org.apache.commons.configuration2.tree.xpath.ConfigurationNodeIteratorAttribute,size/0,attributeNames,1
/home/sandro/workspace/sandro/MLCQCodeSmellSamples/scripts/../dataset/commons-configuration_34357e075d63c3634310878636f9498847badcab/src/main/java/org/apache/commons/configuration2/tree/xpath/ConfigurationNodeIteratorAttribute.java,org.apache.commons.configuration2.tree.xpath.ConfigurationNodeIteratorAttribute,"createAttributeDataList/2[org.apache.commons.configuration2.tree.xpath.ConfigurationNodePointer<T>,org.apache.commons.configuration2.tree.xpath.QName]",WILDCARD,1
/home/sandro/workspace/sandro/MLCQCodeSmellSamples/scripts/../dataset/commons-configuration_34357e075d63c3634310878636f9498847badcab/src/main/java/org/apache/commons/configuration2/tree/xpath/ConfigurationNodeIteratorAttribute.java,org.apache.commons.configuration2.tree.xpath.ConfigurationNodeIteratorAttribute,createNodePointer/1[int],attributeNames,1
/home/sandro/workspace/sandro/MLCQCodeSmellSamples/scripts/../dataset/commons-configuration_34357e075d63c3634310878636f9498847badcab/src/main/java/org/apache/commons/configuration2/tree/xpath/ConfigurationNodeIteratorAttribute.java,org.apache.commons.configuration2.tree.xpath.ConfigurationNodeIteratorAttribute,createNodePointer/1[int],parentPointer,1
/home/sandro/workspace/sandro/MLCQCodeSmellSamples/scripts/../dataset/commons-configuration_34357e075d63c3634310878636f9498847badcab/src/main/java/org/apache/commons/configuration2/tree/xpath/ConfigurationNodeIteratorAttribute.java,org.apache.commons.configuration2.tree.xpath.ConfigurationNodeIteratorAttribute,"ConfigurationNodeIteratorAttribute/2[org.apache.commons.configuration2.tree.xpath.ConfigurationNodePointer<T>,org.apache.commons.configuration2.tree.xpath.QName]",attributeNames,1
/home/sandro/workspace/sandro/MLCQCodeSmellSamples/scripts/../dataset/commons-configuration_34357e075d63c3634310878636f9498847badcab/src/main/java/org/apache/commons/configuration2/tree/xpath/ConfigurationNodeIteratorAttribute.java,org.apache.commons.configuration2.tree.xpath.ConfigurationNodeIteratorAttribute,"ConfigurationNodeIteratorAttribute/2[org.apache.commons.configuration2.tree.xpath.ConfigurationNodePointer<T>,org.apache.commons.configuration2.tree.xpath.QName]",parentPointer,1
/home/sandro/workspace/sandro/MLCQCodeSmellSamples/scripts/../dataset/commons-configuration_34357e075d63c3634310878636f9498847badcab/src/test/java/org/apache/commons/configuration2/TestEnvironmentConfiguration.java,org.apache.commons.configuration2.TestEnvironmentConfiguration,testSetProperty/0,config,1
/home/sandro/workspace/sandro/MLCQCodeSmellSamples/scripts/../dataset/commons-configuration_34357e075d63c3634310878636f9498847badcab/src/test/java/org/apache/commons/configuration2/TestEnvironmentConfiguration.java,org.apache.commons.configuration2.TestEnvironmentConfiguration,testClear/0,config,1
/home/sandro/workspace/sandro/MLCQCodeSmellSamples/scripts/../dataset/commons-configuration_34357e075d63c3634310878636f9498847badcab/src/test/java/org/apache/commons/configuration2/TestEnvironmentConfiguration.java,org.apache.commons.configuration2.TestEnvironmentConfiguration,testClearProperty/0,config,2
/home/sandro/workspace/sandro/MLCQCodeSmellSamples/scripts/../dataset/commons-configuration_34357e075d63c3634310878636f9498847badcab/src/test/java/org/apache/commons/configuration2/TestEnvironmentConfiguration.java,org.apache.commons.configuration2.TestEnvironmentConfiguration,testInit/0,config,4
/home/sandro/workspace/sandro/MLCQCodeSmellSamples/scripts/../dataset/commons-configuration_34357e075d63c3634310878636f9498847badcab/src/test/java/org/apache/commons/configuration2/TestEnvironmentConfiguration.java,org.apache.commons.configuration2.TestEnvironmentConfiguration,testAddProperty/0,config,1
/home/sandro/workspace/sandro/MLCQCodeSmellSamples/scripts/../dataset/commons-configuration_34357e075d63c3634310878636f9498847badcab/src/test/java/org/apache/commons/configuration2/TestEnvironmentConfiguration.java,org.apache.commons.configuration2.TestEnvironmentConfiguration,setUp/0,config,1
/home/sandro/workspace/sandro/MLCQCodeSmellSamples/scripts/../dataset/commons-configuration_34357e075d63c3634310878636f9498847badcab/src/test/java/org/apache/commons/configuration2/TestNullCompositeConfiguration.java,org.apache.commons.configuration2.TestNullCompositeConfiguration,testGettingConfiguration/0,cc,4
/home/sandro/workspace/sandro/MLCQCodeSmellSamples/scripts/../dataset/commons-configuration_34357e075d63c3634310878636f9498847badcab/src/test/java/org/apache/commons/configuration2/TestNullCompositeConfiguration.java,org.apache.commons.configuration2.TestNullCompositeConfiguration,testGettingConfiguration/0,xmlConf,1
/home/sandro/workspace/sandro/MLCQCodeSmellSamples/scripts/../dataset/commons-configuration_34357e075d63c3634310878636f9498847badcab/src/test/java/org/apache/commons/configuration2/TestNullCompositeConfiguration.java,org.apache.commons.configuration2.TestNullCompositeConfiguration,testGettingConfiguration/0,conf1,1
/home/sandro/workspace/sandro/MLCQCodeSmellSamples/scripts/../dataset/commons-configuration_34357e075d63c3634310878636f9498847badcab/src/test/java/org/apache/commons/configuration2/TestNullCompositeConfiguration.java,org.apache.commons.configuration2.TestNullCompositeConfiguration,testGetList/0,cc,5
/home/sandro/workspace/sandro/MLCQCodeSmellSamples/scripts/../dataset/commons-configuration_34357e075d63c3634310878636f9498847badcab/src/test/java/org/apache/commons/configuration2/TestNullCompositeConfiguration.java,org.apache.commons.configuration2.TestNullCompositeConfiguration,testPropertyExistsInOnlyOneConfig/0,cc,3
/home/sandro/workspace/sandro/MLCQCodeSmellSamples/scripts/../dataset/commons-configuration_34357e075d63c3634310878636f9498847badcab/src/test/java/org/apache/commons/configuration2/TestNullCompositeConfiguration.java,org.apache.commons.configuration2.TestNullCompositeConfiguration,testPropertyExistsInOnlyOneConfig/0,xmlConf,1
/home/sandro/workspace/sandro/MLCQCodeSmellSamples/scripts/../dataset/commons-configuration_34357e075d63c3634310878636f9498847badcab/src/test/java/org/apache/commons/configuration2/TestNullCompositeConfiguration.java,org.apache.commons.configuration2.TestNullCompositeConfiguration,testPropertyExistsInOnlyOneConfig/0,conf1,1
/home/sandro/workspace/sandro/MLCQCodeSmellSamples/scripts/../dataset/commons-configuration_34357e075d63c3634310878636f9498847badcab/src/test/java/org/apache/commons/configuration2/TestNullCompositeConfiguration.java,org.apache.commons.configuration2.TestNullCompositeConfiguration,testGetVector/0,cc,4
/home/sandro/workspace/sandro/MLCQCodeSmellSamples/scripts/../dataset/commons-configuration_34357e075d63c3634310878636f9498847badcab/src/test/java/org/apache/commons/configuration2/TestNullCompositeConfiguration.java,org.apache.commons.configuration2.TestNullCompositeConfiguration,testGettingSubset/0,cc,5
/home/sandro/workspace/sandro/MLCQCodeSmellSamples/scripts/../dataset/commons-configuration_34357e075d63c3634310878636f9498847badcab/src/test/java/org/apache/commons/configuration2/TestNullCompositeConfiguration.java,org.apache.commons.configuration2.TestNullCompositeConfiguration,testGettingSubset/0,xmlConf,1
/home/sandro/workspace/sandro/MLCQCodeSmellSamples/scripts/../dataset/commons-configuration_34357e075d63c3634310878636f9498847badcab/src/test/java/org/apache/commons/configuration2/TestNullCompositeConfiguration.java,org.apache.commons.configuration2.TestNullCompositeConfiguration,testGettingSubset/0,conf1,1
/home/sandro/workspace/sandro/MLCQCodeSmellSamples/scripts/../dataset/commons-configuration_34357e075d63c3634310878636f9498847badcab/src/test/java/org/apache/commons/configuration2/TestNullCompositeConfiguration.java,org.apache.commons.configuration2.TestNullCompositeConfiguration,testGetProperty/0,cc,7
/home/sandro/workspace/sandro/MLCQCodeSmellSamples/scripts/../dataset/commons-configuration_34357e075d63c3634310878636f9498847badcab/src/test/java/org/apache/commons/configuration2/TestNullCompositeConfiguration.java,org.apache.commons.configuration2.TestNullCompositeConfiguration,testGetProperty/0,conf2,2
/home/sandro/workspace/sandro/MLCQCodeSmellSamples/scripts/../dataset/commons-configuration_34357e075d63c3634310878636f9498847badcab/src/test/java/org/apache/commons/configuration2/TestNullCompositeConfiguration.java,org.apache.commons.configuration2.TestNullCompositeConfiguration,testGetProperty/0,conf1,2
/home/sandro/workspace/sandro/MLCQCodeSmellSamples/scripts/../dataset/commons-configuration_34357e075d63c3634310878636f9498847badcab/src/test/java/org/apache/commons/configuration2/TestNullCompositeConfiguration.java,org.apache.commons.configuration2.TestNullCompositeConfiguration,testDefaultValueWhenKeyMissing/0,cc,5
/home/sandro/workspace/sandro/MLCQCodeSmellSamples/scripts/../dataset/commons-configuration_34357e075d63c3634310878636f9498847badcab/src/test/java/org/apache/commons/configuration2/TestNullCompositeConfiguration.java,org.apache.commons.configuration2.TestNullCompositeConfiguration,testDefaultValueWhenKeyMissing/0,xmlConf,1
/home/sandro/workspace/sandro/MLCQCodeSmellSamples/scripts/../dataset/commons-configuration_34357e075d63c3634310878636f9498847badcab/src/test/java/org/apache/commons/configuration2/TestNullCompositeConfiguration.java,org.apache.commons.configuration2.TestNullCompositeConfiguration,testDefaultValueWhenKeyMissing/0,conf1,1
/home/sandro/workspace/sandro/MLCQCodeSmellSamples/scripts/../dataset/commons-configuration_34357e075d63c3634310878636f9498847badcab/src/test/java/org/apache/commons/configuration2/TestNullCompositeConfiguration.java,org.apache.commons.configuration2.TestNullCompositeConfiguration,setUp/0,cc,2
/home/sandro/workspace/sandro/MLCQCodeSmellSamples/scripts/../dataset/commons-configuration_34357e075d63c3634310878636f9498847badcab/src/test/java/org/apache/commons/configuration2/TestNullCompositeConfiguration.java,org.apache.commons.configuration2.TestNullCompositeConfiguration,setUp/0,xmlConf,2
/home/sandro/workspace/sandro/MLCQCodeSmellSamples/scripts/../dataset/commons-configuration_34357e075d63c3634310878636f9498847badcab/src/test/java/org/apache/commons/configuration2/TestNullCompositeConfiguration.java,org.apache.commons.configuration2.TestNullCompositeConfiguration,setUp/0,testProperties2,1
/home/sandro/workspace/sandro/MLCQCodeSmellSamples/scripts/../dataset/commons-configuration_34357e075d63c3634310878636f9498847badcab/src/test/java/org/apache/commons/configuration2/TestNullCompositeConfiguration.java,org.apache.commons.configuration2.TestNullCompositeConfiguration,setUp/0,conf2,3
/home/sandro/workspace/sandro/MLCQCodeSmellSamples/scripts/../dataset/commons-configuration_34357e075d63c3634310878636f9498847badcab/src/test/java/org/apache/commons/configuration2/TestNullCompositeConfiguration.java,org.apache.commons.configuration2.TestNullCompositeConfiguration,setUp/0,conf1,3
/home/sandro/workspace/sandro/MLCQCodeSmellSamples/scripts/../dataset/commons-configuration_34357e075d63c3634310878636f9498847badcab/src/test/java/org/apache/commons/configuration2/TestNullCompositeConfiguration.java,org.apache.commons.configuration2.TestNullCompositeConfiguration,setUp/0,testPropertiesXML,1
/home/sandro/workspace/sandro/MLCQCodeSmellSamples/scripts/../dataset/commons-configuration_34357e075d63c3634310878636f9498847badcab/src/test/java/org/apache/commons/configuration2/TestNullCompositeConfiguration.java,org.apache.commons.configuration2.TestNullCompositeConfiguration,setUp/0,testProperties,1
/home/sandro/workspace/sandro/MLCQCodeSmellSamples/scripts/../dataset/commons-configuration_34357e075d63c3634310878636f9498847badcab/src/test/java/org/apache/commons/configuration2/TestNullCompositeConfiguration.java,org.apache.commons.configuration2.TestNullCompositeConfiguration,testStringArray/0,cc,4
/home/sandro/workspace/sandro/MLCQCodeSmellSamples/scripts/../dataset/commons-configuration_34357e075d63c3634310878636f9498847badcab/src/test/java/org/apache/commons/configuration2/TestNullCompositeConfiguration.java,org.apache.commons.configuration2.TestNullCompositeConfiguration,testStringArray/0,xmlConf,1
/home/sandro/workspace/sandro/MLCQCodeSmellSamples/scripts/../dataset/commons-configuration_34357e075d63c3634310878636f9498847badcab/src/test/java/org/apache/commons/configuration2/TestNullCompositeConfiguration.java,org.apache.commons.configuration2.TestNullCompositeConfiguration,testStringArray/0,conf1,1
/home/sandro/workspace/sandro/MLCQCodeSmellSamples/scripts/../dataset/commons-configuration_34357e075d63c3634310878636f9498847badcab/src/test/java/org/apache/commons/configuration2/TestNullCompositeConfiguration.java,org.apache.commons.configuration2.TestNullCompositeConfiguration,testCantRemoveMemoryConfig/0,cc,5
/home/sandro/workspace/sandro/MLCQCodeSmellSamples/scripts/../dataset/commons-configuration_34357e075d63c3634310878636f9498847badcab/src/test/java/org/apache/commons/configuration2/TestNullCompositeConfiguration.java,org.apache.commons.configuration2.TestNullCompositeConfiguration,testList/0,cc,4
/home/sandro/workspace/sandro/MLCQCodeSmellSamples/scripts/../dataset/commons-configuration_34357e075d63c3634310878636f9498847badcab/src/test/java/org/apache/commons/configuration2/TestNullCompositeConfiguration.java,org.apache.commons.configuration2.TestNullCompositeConfiguration,testList/0,xmlConf,1
/home/sandro/workspace/sandro/MLCQCodeSmellSamples/scripts/../dataset/commons-configuration_34357e075d63c3634310878636f9498847badcab/src/test/java/org/apache/commons/configuration2/TestNullCompositeConfiguration.java,org.apache.commons.configuration2.TestNullCompositeConfiguration,testList/0,conf1,1
/home/sandro/workspace/sandro/MLCQCodeSmellSamples/scripts/../dataset/commons-configuration_34357e075d63c3634310878636f9498847badcab/src/test/java/org/apache/commons/configuration2/TestNullCompositeConfiguration.java,org.apache.commons.configuration2.TestNullCompositeConfiguration,testGetPropertyMissing/0,cc,5
/home/sandro/workspace/sandro/MLCQCodeSmellSamples/scripts/../dataset/commons-configuration_34357e075d63c3634310878636f9498847badcab/src/test/java/org/apache/commons/configuration2/TestNullCompositeConfiguration.java,org.apache.commons.configuration2.TestNullCompositeConfiguration,testGetPropertyMissing/0,conf2,1
/home/sandro/workspace/sandro/MLCQCodeSmellSamples/scripts/../dataset/commons-configuration_34357e075d63c3634310878636f9498847badcab/src/test/java/org/apache/commons/configuration2/TestNullCompositeConfiguration.java,org.apache.commons.configuration2.TestNullCompositeConfiguration,testGetPropertyMissing/0,conf1,1
/home/sandro/workspace/sandro/MLCQCodeSmellSamples/scripts/../dataset/commons-configuration_34357e075d63c3634310878636f9498847badcab/src/test/java/org/apache/commons/configuration2/TestNullCompositeConfiguration.java,org.apache.commons.configuration2.TestNullCompositeConfiguration,testAddingProperty/0,cc,5
/home/sandro/workspace/sandro/MLCQCodeSmellSamples/scripts/../dataset/commons-configuration_34357e075d63c3634310878636f9498847badcab/src/test/java/org/apache/commons/configuration2/TestNullCompositeConfiguration.java,org.apache.commons.configuration2.TestNullCompositeConfiguration,testAddingProperty/0,xmlConf,1
/home/sandro/workspace/sandro/MLCQCodeSmellSamples/scripts/../dataset/commons-configuration_34357e075d63c3634310878636f9498847badcab/src/test/java/org/apache/commons/configuration2/TestNullCompositeConfiguration.java,org.apache.commons.configuration2.TestNullCompositeConfiguration,testAddingProperty/0,conf1,1
/home/sandro/workspace/sandro/MLCQCodeSmellSamples/scripts/../dataset/commons-configuration_34357e075d63c3634310878636f9498847badcab/src/test/java/org/apache/commons/configuration2/TestNullCompositeConfiguration.java,org.apache.commons.configuration2.TestNullCompositeConfiguration,testSettingMissingProperty/0,cc,4
/home/sandro/workspace/sandro/MLCQCodeSmellSamples/scripts/../dataset/commons-configuration_34357e075d63c3634310878636f9498847badcab/src/test/java/org/apache/commons/configuration2/TestNullCompositeConfiguration.java,org.apache.commons.configuration2.TestNullCompositeConfiguration,testSettingMissingProperty/0,xmlConf,1
/home/sandro/workspace/sandro/MLCQCodeSmellSamples/scripts/../dataset/commons-configuration_34357e075d63c3634310878636f9498847badcab/src/test/java/org/apache/commons/configuration2/TestNullCompositeConfiguration.java,org.apache.commons.configuration2.TestNullCompositeConfiguration,testSettingMissingProperty/0,conf1,1
/home/sandro/workspace/sandro/MLCQCodeSmellSamples/scripts/../dataset/commons-configuration_34357e075d63c3634310878636f9498847badcab/src/test/java/org/apache/commons/configuration2/TestNullCompositeConfiguration.java,org.apache.commons.configuration2.TestNullCompositeConfiguration,testGetKeysPreservesOrder/0,cc,2
/home/sandro/workspace/sandro/MLCQCodeSmellSamples/scripts/../dataset/commons-configuration_34357e075d63c3634310878636f9498847badcab/src/test/java/org/apache/commons/configuration2/TestNullCompositeConfiguration.java,org.apache.commons.configuration2.TestNullCompositeConfiguration,testGetKeysPreservesOrder/0,conf1,2
/home/sandro/workspace/sandro/MLCQCodeSmellSamples/scripts/../dataset/commons-configuration_34357e075d63c3634310878636f9498847badcab/src/test/java/org/apache/commons/configuration2/TestNullCompositeConfiguration.java,org.apache.commons.configuration2.TestNullCompositeConfiguration,testThrowExceptionOnMissing/0,cc,1
/home/sandro/workspace/sandro/MLCQCodeSmellSamples/scripts/../dataset/commons-configuration_34357e075d63c3634310878636f9498847badcab/src/test/java/org/apache/commons/configuration2/TestNullCompositeConfiguration.java,org.apache.commons.configuration2.TestNullCompositeConfiguration,testAddRemoveConfigurations/0,cc,10
/home/sandro/workspace/sandro/MLCQCodeSmellSamples/scripts/../dataset/commons-configuration_34357e075d63c3634310878636f9498847badcab/src/test/java/org/apache/commons/configuration2/TestNullCompositeConfiguration.java,org.apache.commons.configuration2.TestNullCompositeConfiguration,testAddRemoveConfigurations/0,conf2,1
/home/sandro/workspace/sandro/MLCQCodeSmellSamples/scripts/../dataset/commons-configuration_34357e075d63c3634310878636f9498847badcab/src/test/java/org/apache/commons/configuration2/TestNullCompositeConfiguration.java,org.apache.commons.configuration2.TestNullCompositeConfiguration,testAddRemoveConfigurations/0,conf1,3
/home/sandro/workspace/sandro/MLCQCodeSmellSamples/scripts/../dataset/commons-configuration_34357e075d63c3634310878636f9498847badcab/src/test/java/org/apache/commons/configuration2/TestNullCompositeConfiguration.java,org.apache.commons.configuration2.TestNullCompositeConfiguration,testMultipleTypesOfConfigs/0,cc,7
/home/sandro/workspace/sandro/MLCQCodeSmellSamples/scripts/../dataset/commons-configuration_34357e075d63c3634310878636f9498847badcab/src/test/java/org/apache/commons/configuration2/TestNullCompositeConfiguration.java,org.apache.commons.configuration2.TestNullCompositeConfiguration,testMultipleTypesOfConfigs/0,xmlConf,2
/home/sandro/workspace/sandro/MLCQCodeSmellSamples/scripts/../dataset/commons-configuration_34357e075d63c3634310878636f9498847badcab/src/test/java/org/apache/commons/configuration2/TestNullCompositeConfiguration.java,org.apache.commons.configuration2.TestNullCompositeConfiguration,testMultipleTypesOfConfigs/0,conf1,2
/home/sandro/workspace/sandro/MLCQCodeSmellSamples/scripts/../dataset/commons-configuration_34357e075d63c3634310878636f9498847badcab/src/test/java/org/apache/commons/configuration2/TestNullCompositeConfiguration.java,org.apache.commons.configuration2.TestNullCompositeConfiguration,testClearingProperty/0,cc,4
/home/sandro/workspace/sandro/MLCQCodeSmellSamples/scripts/../dataset/commons-configuration_34357e075d63c3634310878636f9498847badcab/src/test/java/org/apache/commons/configuration2/TestNullCompositeConfiguration.java,org.apache.commons.configuration2.TestNullCompositeConfiguration,testClearingProperty/0,xmlConf,1
/home/sandro/workspace/sandro/MLCQCodeSmellSamples/scripts/../dataset/commons-configuration_34357e075d63c3634310878636f9498847badcab/src/test/java/org/apache/commons/configuration2/TestNullCompositeConfiguration.java,org.apache.commons.configuration2.TestNullCompositeConfiguration,testClearingProperty/0,conf1,1
/home/sandro/workspace/sandro/MLCQCodeSmellSamples/scripts/../dataset/commons-configuration_34357e075d63c3634310878636f9498847badcab/src/test/java/org/apache/commons/configuration2/TestNullCompositeConfiguration.java,org.apache.commons.configuration2.TestNullCompositeConfiguration,testSubsetCanResolve/0,cc,4
/home/sandro/workspace/sandro/MLCQCodeSmellSamples/scripts/../dataset/commons-configuration_34357e075d63c3634310878636f9498847badcab/src/test/java/org/apache/commons/configuration2/TestNullCompositeConfiguration.java,org.apache.commons.configuration2.TestNullCompositeConfiguration,testGetKeys2PreservesOrder/0,cc,2
/home/sandro/workspace/sandro/MLCQCodeSmellSamples/scripts/../dataset/commons-configuration_34357e075d63c3634310878636f9498847badcab/src/test/java/org/apache/commons/configuration2/TestNullCompositeConfiguration.java,org.apache.commons.configuration2.TestNullCompositeConfiguration,testGetKeys2PreservesOrder/0,conf1,2
/home/sandro/workspace/sandro/MLCQCodeSmellSamples/scripts/../dataset/commons-configuration_34357e075d63c3634310878636f9498847badcab/src/test/java/org/apache/commons/configuration2/TestNullCompositeConfiguration.java,org.apache.commons.configuration2.TestNullCompositeConfiguration,testGetPropertyWIncludes/0,cc,3
/home/sandro/workspace/sandro/MLCQCodeSmellSamples/scripts/../dataset/commons-configuration_34357e075d63c3634310878636f9498847badcab/src/test/java/org/apache/commons/configuration2/TestNullCompositeConfiguration.java,org.apache.commons.configuration2.TestNullCompositeConfiguration,testGetPropertyWIncludes/0,conf2,1
/home/sandro/workspace/sandro/MLCQCodeSmellSamples/scripts/../dataset/commons-configuration_34357e075d63c3634310878636f9498847badcab/src/test/java/org/apache/commons/configuration2/TestNullCompositeConfiguration.java,org.apache.commons.configuration2.TestNullCompositeConfiguration,testGetPropertyWIncludes/0,conf1,1
/home/sandro/workspace/sandro/MLCQCodeSmellSamples/scripts/../dataset/commons-configuration_34357e075d63c3634310878636f9498847badcab/src/main/java/org/apache/commons/configuration2/BaseConfigurationXMLReader.java,org.apache.commons.configuration2.BaseConfigurationXMLReader,getConfiguration/0,config,1
/home/sandro/workspace/sandro/MLCQCodeSmellSamples/scripts/../dataset/commons-configuration_34357e075d63c3634310878636f9498847badcab/src/main/java/org/apache/commons/configuration2/BaseConfigurationXMLReader.java,org.apache.commons.configuration2.BaseConfigurationXMLReader,setConfiguration/1[org.apache.commons.configuration2.Configuration],config,1
/home/sandro/workspace/sandro/MLCQCodeSmellSamples/scripts/../dataset/commons-configuration_34357e075d63c3634310878636f9498847badcab/src/main/java/org/apache/commons/configuration2/interpol/InterpolatorSpecification.java,org.apache.commons.configuration2.interpol.InterpolatorSpecification,InterpolatorSpecification/1[org.apache.commons.configuration2.interpol.InterpolatorSpecification.Builder],interpolator,1
/home/sandro/workspace/sandro/MLCQCodeSmellSamples/scripts/../dataset/commons-configuration_34357e075d63c3634310878636f9498847badcab/src/main/java/org/apache/commons/configuration2/interpol/InterpolatorSpecification.java,org.apache.commons.configuration2.interpol.InterpolatorSpecification,InterpolatorSpecification/1[org.apache.commons.configuration2.interpol.InterpolatorSpecification.Builder],defaultLookups,1
/home/sandro/workspace/sandro/MLCQCodeSmellSamples/scripts/../dataset/commons-configuration_34357e075d63c3634310878636f9498847badcab/src/main/java/org/apache/commons/configuration2/interpol/InterpolatorSpecification.java,org.apache.commons.configuration2.interpol.InterpolatorSpecification,InterpolatorSpecification/1[org.apache.commons.configuration2.interpol.InterpolatorSpecification.Builder],prefixLookups,1
/home/sandro/workspace/sandro/MLCQCodeSmellSamples/scripts/../dataset/commons-configuration_34357e075d63c3634310878636f9498847badcab/src/main/java/org/apache/commons/configuration2/interpol/InterpolatorSpecification.java,org.apache.commons.configuration2.interpol.InterpolatorSpecification,InterpolatorSpecification/1[org.apache.commons.configuration2.interpol.InterpolatorSpecification.Builder],parentInterpolator,1
/home/sandro/workspace/sandro/MLCQCodeSmellSamples/scripts/../dataset/commons-configuration_34357e075d63c3634310878636f9498847badcab/src/main/java/org/apache/commons/configuration2/interpol/InterpolatorSpecification.java,org.apache.commons.configuration2.interpol.InterpolatorSpecification,getInterpolator/0,interpolator,1
/home/sandro/workspace/sandro/MLCQCodeSmellSamples/scripts/../dataset/commons-configuration_34357e075d63c3634310878636f9498847badcab/src/main/java/org/apache/commons/configuration2/interpol/InterpolatorSpecification.java,org.apache.commons.configuration2.interpol.InterpolatorSpecification,getParentInterpolator/0,parentInterpolator,1
/home/sandro/workspace/sandro/MLCQCodeSmellSamples/scripts/../dataset/commons-configuration_34357e075d63c3634310878636f9498847badcab/src/main/java/org/apache/commons/configuration2/interpol/InterpolatorSpecification.java,org.apache.commons.configuration2.interpol.InterpolatorSpecification,getPrefixLookups/0,prefixLookups,1
/home/sandro/workspace/sandro/MLCQCodeSmellSamples/scripts/../dataset/commons-configuration_34357e075d63c3634310878636f9498847badcab/src/main/java/org/apache/commons/configuration2/interpol/InterpolatorSpecification.java,org.apache.commons.configuration2.interpol.InterpolatorSpecification,getDefaultLookups/0,defaultLookups,1
/home/sandro/workspace/sandro/MLCQCodeSmellSamples/scripts/../dataset/commons-configuration_34357e075d63c3634310878636f9498847badcab/src/main/java/org/apache/commons/configuration2/beanutils/ConfigurationDynaClass.java,org.apache.commons.configuration2.beanutils.ConfigurationDynaClass,ConfigurationDynaClass/1[org.apache.commons.configuration2.Configuration],configuration,5
/home/sandro/workspace/sandro/MLCQCodeSmellSamples/scripts/../dataset/commons-configuration_34357e075d63c3634310878636f9498847badcab/src/main/java/org/apache/commons/configuration2/beanutils/ConfigurationDynaClass.java,org.apache.commons.configuration2.beanutils.ConfigurationDynaClass,ConfigurationDynaClass/1[org.apache.commons.configuration2.Configuration],LOG,2
/home/sandro/workspace/sandro/MLCQCodeSmellSamples/scripts/../dataset/commons-configuration_34357e075d63c3634310878636f9498847badcab/src/main/java/org/apache/commons/configuration2/beanutils/ConfigurationDynaClass.java,org.apache.commons.configuration2.beanutils.ConfigurationDynaClass,newInstance/0,configuration,1
/home/sandro/workspace/sandro/MLCQCodeSmellSamples/scripts/../dataset/commons-configuration_34357e075d63c3634310878636f9498847badcab/src/main/java/org/apache/commons/configuration2/beanutils/ConfigurationDynaClass.java,org.apache.commons.configuration2.beanutils.ConfigurationDynaClass,getDynaProperty/1[java.lang.String],LOG,2
/home/sandro/workspace/sandro/MLCQCodeSmellSamples/scripts/../dataset/commons-configuration_34357e075d63c3634310878636f9498847badcab/src/main/java/org/apache/commons/configuration2/beanutils/ConfigurationDynaClass.java,org.apache.commons.configuration2.beanutils.ConfigurationDynaClass,getDynaProperty/1[java.lang.String],configuration,1
/home/sandro/workspace/sandro/MLCQCodeSmellSamples/scripts/../dataset/commons-configuration_34357e075d63c3634310878636f9498847badcab/src/main/java/org/apache/commons/configuration2/beanutils/ConfigurationDynaClass.java,org.apache.commons.configuration2.beanutils.ConfigurationDynaClass,getDynaProperties/0,LOG,4
/home/sandro/workspace/sandro/MLCQCodeSmellSamples/scripts/../dataset/commons-configuration_34357e075d63c3634310878636f9498847badcab/src/main/java/org/apache/commons/configuration2/beanutils/ConfigurationDynaClass.java,org.apache.commons.configuration2.beanutils.ConfigurationDynaClass,getDynaProperties/0,configuration,1
/home/sandro/workspace/sandro/MLCQCodeSmellSamples/scripts/../dataset/commons-configuration_34357e075d63c3634310878636f9498847badcab/src/test/java/org/apache/commons/configuration2/builder/combined/TestCombinedConfigurationBuilder.java,org.apache.commons.configuration2.builder.combined.TestCombinedConfigurationBuilder$BuilderProviderTestImpl,setPropertyKey/1[java.lang.String],propertyKey,3
/home/sandro/workspace/sandro/MLCQCodeSmellSamples/scripts/../dataset/commons-configuration_34357e075d63c3634310878636f9498847badcab/src/test/java/org/apache/commons/configuration2/builder/combined/TestCombinedConfigurationBuilder.java,org.apache.commons.configuration2.builder.combined.TestCombinedConfigurationBuilder$BuilderProviderTestImpl,getPropertyKey/0,propertyKey,1
/home/sandro/workspace/sandro/MLCQCodeSmellSamples/scripts/../dataset/commons-configuration_34357e075d63c3634310878636f9498847badcab/src/main/java/org/apache/commons/configuration2/tree/QueryResult.java,org.apache.commons.configuration2.tree.QueryResult,getNode/0,node,1
/home/sandro/workspace/sandro/MLCQCodeSmellSamples/scripts/../dataset/commons-configuration_34357e075d63c3634310878636f9498847badcab/src/main/java/org/apache/commons/configuration2/tree/QueryResult.java,org.apache.commons.configuration2.tree.QueryResult,"QueryResult/2[T,java.lang.String]",node,1
/home/sandro/workspace/sandro/MLCQCodeSmellSamples/scripts/../dataset/commons-configuration_34357e075d63c3634310878636f9498847badcab/src/main/java/org/apache/commons/configuration2/tree/QueryResult.java,org.apache.commons.configuration2.tree.QueryResult,"QueryResult/2[T,java.lang.String]",attributeName,1
/home/sandro/workspace/sandro/MLCQCodeSmellSamples/scripts/../dataset/commons-configuration_34357e075d63c3634310878636f9498847badcab/src/main/java/org/apache/commons/configuration2/tree/QueryResult.java,org.apache.commons.configuration2.tree.QueryResult,getAttributeName/0,attributeName,1
/home/sandro/workspace/sandro/MLCQCodeSmellSamples/scripts/../dataset/commons-configuration_34357e075d63c3634310878636f9498847badcab/src/main/java/org/apache/commons/configuration2/tree/InMemoryNodeModel.java,org.apache.commons.configuration2.tree.InMemoryNodeModel,"selectAndTrackNodes/2[java.lang.String,org.apache.commons.configuration2.tree.NodeKeyResolver<org.apache.commons.configuration2.tree.ImmutableNode>]",structure,2
/home/sandro/workspace/sandro/MLCQCodeSmellSamples/scripts/../dataset/commons-configuration_34357e075d63c3634310878636f9498847badcab/src/main/java/org/apache/commons/configuration2/tree/InMemoryNodeModel.java,org.apache.commons.configuration2.tree.InMemoryNodeModel,"replaceActiveTrackedNode/3[org.apache.commons.configuration2.tree.TreeData,org.apache.commons.configuration2.tree.NodeSelector,org.apache.commons.configuration2.tree.ImmutableNode]",structure,1
/home/sandro/workspace/sandro/MLCQCodeSmellSamples/scripts/../dataset/commons-configuration_34357e075d63c3634310878636f9498847badcab/src/main/java/org/apache/commons/configuration2/tree/InMemoryNodeModel.java,org.apache.commons.configuration2.tree.InMemoryNodeModel,untrackNode/1[org.apache.commons.configuration2.tree.NodeSelector],structure,2
/home/sandro/workspace/sandro/MLCQCodeSmellSamples/scripts/../dataset/commons-configuration_34357e075d63c3634310878636f9498847badcab/src/main/java/org/apache/commons/configuration2/tree/InMemoryNodeModel.java,org.apache.commons.configuration2.tree.InMemoryNodeModel,"trackChildNodeWithCreation/3[java.lang.String,java.lang.String,org.apache.commons.configuration2.tree.NodeKeyResolver<org.apache.commons.configuration2.tree.ImmutableNode>]",structure,2
/home/sandro/workspace/sandro/MLCQCodeSmellSamples/scripts/../dataset/commons-configuration_34357e075d63c3634310878636f9498847badcab/src/main/java/org/apache/commons/configuration2/tree/InMemoryNodeModel.java,org.apache.commons.configuration2.tree.InMemoryNodeModel,setRootNode/1[org.apache.commons.configuration2.tree.ImmutableNode],structure,2
/home/sandro/workspace/sandro/MLCQCodeSmellSamples/scripts/../dataset/commons-configuration_34357e075d63c3634310878636f9498847badcab/src/main/java/org/apache/commons/configuration2/tree/InMemoryNodeModel.java,org.apache.commons.configuration2.tree.InMemoryNodeModel,"trackNode/2[org.apache.commons.configuration2.tree.NodeSelector,org.apache.commons.configuration2.tree.NodeKeyResolver<org.apache.commons.configuration2.tree.ImmutableNode>]",structure,2
/home/sandro/workspace/sandro/MLCQCodeSmellSamples/scripts/../dataset/commons-configuration_34357e075d63c3634310878636f9498847badcab/src/main/java/org/apache/commons/configuration2/tree/InMemoryNodeModel.java,org.apache.commons.configuration2.tree.InMemoryNodeModel,getTrackedNode/1[org.apache.commons.configuration2.tree.NodeSelector],structure,1
/home/sandro/workspace/sandro/MLCQCodeSmellSamples/scripts/../dataset/commons-configuration_34357e075d63c3634310878636f9498847badcab/src/main/java/org/apache/commons/configuration2/tree/InMemoryNodeModel.java,org.apache.commons.configuration2.tree.InMemoryNodeModel,getTreeData/0,structure,1
/home/sandro/workspace/sandro/MLCQCodeSmellSamples/scripts/../dataset/commons-configuration_34357e075d63c3634310878636f9498847badcab/src/main/java/org/apache/commons/configuration2/tree/InMemoryNodeModel.java,org.apache.commons.configuration2.tree.InMemoryNodeModel,getTrackedNodeHandler/1[org.apache.commons.configuration2.tree.NodeSelector],structure,1
/home/sandro/workspace/sandro/MLCQCodeSmellSamples/scripts/../dataset/commons-configuration_34357e075d63c3634310878636f9498847badcab/src/main/java/org/apache/commons/configuration2/tree/InMemoryNodeModel.java,org.apache.commons.configuration2.tree.InMemoryNodeModel,isTrackedNodeDetached/1[org.apache.commons.configuration2.tree.NodeSelector],structure,1
/home/sandro/workspace/sandro/MLCQCodeSmellSamples/scripts/../dataset/commons-configuration_34357e075d63c3634310878636f9498847badcab/src/main/java/org/apache/commons/configuration2/tree/InMemoryNodeModel.java,org.apache.commons.configuration2.tree.InMemoryNodeModel,"replaceRoot/2[org.apache.commons.configuration2.tree.ImmutableNode,org.apache.commons.configuration2.tree.NodeKeyResolver<org.apache.commons.configuration2.tree.ImmutableNode>]",structure,2
/home/sandro/workspace/sandro/MLCQCodeSmellSamples/scripts/../dataset/commons-configuration_34357e075d63c3634310878636f9498847badcab/src/main/java/org/apache/commons/configuration2/tree/InMemoryNodeModel.java,org.apache.commons.configuration2.tree.InMemoryNodeModel,InMemoryNodeModel/1[org.apache.commons.configuration2.tree.ImmutableNode],structure,1
/home/sandro/workspace/sandro/MLCQCodeSmellSamples/scripts/../dataset/commons-configuration_34357e075d63c3634310878636f9498847badcab/src/main/java/org/apache/commons/configuration2/tree/InMemoryNodeModel.java,org.apache.commons.configuration2.tree.InMemoryNodeModel,"executeTransactionOnCurrentStructure/4[org.apache.commons.configuration2.tree.InMemoryNodeModel.TransactionInitializer,org.apache.commons.configuration2.tree.NodeSelector,org.apache.commons.configuration2.tree.TreeData,org.apache.commons.configuration2.tree.NodeKeyResolver<org.apache.commons.configuration2.tree.ImmutableNode>]",structure,1
/home/sandro/workspace/sandro/MLCQCodeSmellSamples/scripts/../dataset/commons-configuration_34357e075d63c3634310878636f9498847badcab/src/main/java/org/apache/commons/configuration2/tree/InMemoryNodeModel.java,org.apache.commons.configuration2.tree.InMemoryNodeModel,"replaceTrackedNode/2[org.apache.commons.configuration2.tree.NodeSelector,org.apache.commons.configuration2.tree.ImmutableNode]",structure,1
/home/sandro/workspace/sandro/MLCQCodeSmellSamples/scripts/../dataset/commons-configuration_34357e075d63c3634310878636f9498847badcab/src/main/java/org/apache/commons/configuration2/tree/InMemoryNodeModel.java,org.apache.commons.configuration2.tree.InMemoryNodeModel,"updateParentMapping/2[java.util.Map<org.apache.commons.configuration2.tree.ImmutableNode,org.apache.commons.configuration2.tree.ImmutableNode>,org.apache.commons.configuration2.tree.ImmutableNode]",DUMMY_HANDLER,1
/home/sandro/workspace/sandro/MLCQCodeSmellSamples/scripts/../dataset/commons-configuration_34357e075d63c3634310878636f9498847badcab/src/main/java/org/apache/commons/configuration2/tree/InMemoryNodeModel.java,org.apache.commons.configuration2.tree.InMemoryNodeModel,"trackChildNodes/2[java.lang.String,org.apache.commons.configuration2.tree.NodeKeyResolver<org.apache.commons.configuration2.tree.ImmutableNode>]",structure,2
/home/sandro/workspace/sandro/MLCQCodeSmellSamples/scripts/../dataset/commons-configuration_34357e075d63c3634310878636f9498847badcab/src/test/java/org/apache/commons/configuration2/TestYAMLConfiguration.java,org.apache.commons.configuration2.TestYAMLConfiguration,testGetProperty_nested/0,yamlConfiguration,1
/home/sandro/workspace/sandro/MLCQCodeSmellSamples/scripts/../dataset/commons-configuration_34357e075d63c3634310878636f9498847badcab/src/test/java/org/apache/commons/configuration2/TestYAMLConfiguration.java,org.apache.commons.configuration2.TestYAMLConfiguration,setUp/0,yamlConfiguration,2
/home/sandro/workspace/sandro/MLCQCodeSmellSamples/scripts/../dataset/commons-configuration_34357e075d63c3634310878636f9498847badcab/src/test/java/org/apache/commons/configuration2/TestYAMLConfiguration.java,org.apache.commons.configuration2.TestYAMLConfiguration,setUp/0,testYaml,1
/home/sandro/workspace/sandro/MLCQCodeSmellSamples/scripts/../dataset/commons-configuration_34357e075d63c3634310878636f9498847badcab/src/test/java/org/apache/commons/configuration2/TestYAMLConfiguration.java,org.apache.commons.configuration2.TestYAMLConfiguration,testGetProperty_subset/0,yamlConfiguration,1
/home/sandro/workspace/sandro/MLCQCodeSmellSamples/scripts/../dataset/commons-configuration_34357e075d63c3634310878636f9498847badcab/src/test/java/org/apache/commons/configuration2/TestYAMLConfiguration.java,org.apache.commons.configuration2.TestYAMLConfiguration,testGetProperty_very_nested_properties/0,yamlConfiguration,1
/home/sandro/workspace/sandro/MLCQCodeSmellSamples/scripts/../dataset/commons-configuration_34357e075d63c3634310878636f9498847badcab/src/test/java/org/apache/commons/configuration2/TestYAMLConfiguration.java,org.apache.commons.configuration2.TestYAMLConfiguration,testCopyConstructor/0,yamlConfiguration,2
/home/sandro/workspace/sandro/MLCQCodeSmellSamples/scripts/../dataset/commons-configuration_34357e075d63c3634310878636f9498847badcab/src/test/java/org/apache/commons/configuration2/TestYAMLConfiguration.java,org.apache.commons.configuration2.TestYAMLConfiguration,testGetProperty_simple/0,yamlConfiguration,1
/home/sandro/workspace/sandro/MLCQCodeSmellSamples/scripts/../dataset/commons-configuration_34357e075d63c3634310878636f9498847badcab/src/test/java/org/apache/commons/configuration2/TestYAMLConfiguration.java,org.apache.commons.configuration2.TestYAMLConfiguration,testGetProperty_integer/0,yamlConfiguration,1
/home/sandro/workspace/sandro/MLCQCodeSmellSamples/scripts/../dataset/commons-configuration_34357e075d63c3634310878636f9498847badcab/src/test/java/org/apache/commons/configuration2/TestYAMLConfiguration.java,org.apache.commons.configuration2.TestYAMLConfiguration,testSave/0,yamlConfiguration,1
/home/sandro/workspace/sandro/MLCQCodeSmellSamples/scripts/../dataset/commons-configuration_34357e075d63c3634310878636f9498847badcab/src/test/java/org/apache/commons/configuration2/TestYAMLConfiguration.java,org.apache.commons.configuration2.TestYAMLConfiguration,testGetProperty_nested_with_list/0,yamlConfiguration,1
/home/sandro/workspace/sandro/MLCQCodeSmellSamples/scripts/../dataset/commons-configuration_34357e075d63c3634310878636f9498847badcab/src/test/java/org/apache/commons/configuration2/TestYAMLConfiguration.java,org.apache.commons.configuration2.TestYAMLConfiguration,testGetProperty_dictionary/0,yamlConfiguration,3
/home/sandro/workspace/sandro/MLCQCodeSmellSamples/scripts/../dataset/commons-configuration_34357e075d63c3634310878636f9498847badcab/src/main/java/org/apache/commons/configuration2/builder/FileBasedConfigurationBuilder.java,org.apache.commons.configuration2.builder.FileBasedConfigurationBuilder,"setParameters/1[java.util.Map<java.lang.String,java.lang.Object>]",resetParameters,1
/home/sandro/workspace/sandro/MLCQCodeSmellSamples/scripts/../dataset/commons-configuration_34357e075d63c3634310878636f9498847badcab/src/main/java/org/apache/commons/configuration2/builder/FileBasedConfigurationBuilder.java,org.apache.commons.configuration2.builder.FileBasedConfigurationBuilder,initResultInstance/1[T],currentFileHandler,5
/home/sandro/workspace/sandro/MLCQCodeSmellSamples/scripts/../dataset/commons-configuration_34357e075d63c3634310878636f9498847badcab/src/main/java/org/apache/commons/configuration2/builder/FileBasedConfigurationBuilder.java,org.apache.commons.configuration2.builder.FileBasedConfigurationBuilder,initResultInstance/1[T],resetParameters,2
/home/sandro/workspace/sandro/MLCQCodeSmellSamples/scripts/../dataset/commons-configuration_34357e075d63c3634310878636f9498847badcab/src/main/java/org/apache/commons/configuration2/builder/FileBasedConfigurationBuilder.java,org.apache.commons.configuration2.builder.FileBasedConfigurationBuilder,initResultInstance/1[T],autoSaveListener,2
/home/sandro/workspace/sandro/MLCQCodeSmellSamples/scripts/../dataset/commons-configuration_34357e075d63c3634310878636f9498847badcab/src/main/java/org/apache/commons/configuration2/builder/FileBasedConfigurationBuilder.java,org.apache.commons.configuration2.builder.FileBasedConfigurationBuilder,isAutoSave/0,autoSaveListener,1
/home/sandro/workspace/sandro/MLCQCodeSmellSamples/scripts/../dataset/commons-configuration_34357e075d63c3634310878636f9498847badcab/src/main/java/org/apache/commons/configuration2/builder/FileBasedConfigurationBuilder.java,org.apache.commons.configuration2.builder.FileBasedConfigurationBuilder,installAutoSaveListener/0,autoSaveListener,4
/home/sandro/workspace/sandro/MLCQCodeSmellSamples/scripts/../dataset/commons-configuration_34357e075d63c3634310878636f9498847badcab/src/main/java/org/apache/commons/configuration2/builder/FileBasedConfigurationBuilder.java,org.apache.commons.configuration2.builder.FileBasedConfigurationBuilder,getFileHandler/0,currentFileHandler,2
/home/sandro/workspace/sandro/MLCQCodeSmellSamples/scripts/../dataset/commons-configuration_34357e075d63c3634310878636f9498847badcab/src/main/java/org/apache/commons/configuration2/builder/FileBasedConfigurationBuilder.java,org.apache.commons.configuration2.builder.FileBasedConfigurationBuilder,getDefaultEncoding/1[java.lang.Class<?>],DEFAULT_ENCODINGS,3
/home/sandro/workspace/sandro/MLCQCodeSmellSamples/scripts/../dataset/commons-configuration_34357e075d63c3634310878636f9498847badcab/src/main/java/org/apache/commons/configuration2/builder/FileBasedConfigurationBuilder.java,org.apache.commons.configuration2.builder.FileBasedConfigurationBuilder,"setDefaultEncoding/2[java.lang.Class<?>,java.lang.String]",DEFAULT_ENCODINGS,2
/home/sandro/workspace/sandro/MLCQCodeSmellSamples/scripts/../dataset/commons-configuration_34357e075d63c3634310878636f9498847badcab/src/main/java/org/apache/commons/configuration2/builder/FileBasedConfigurationBuilder.java,org.apache.commons.configuration2.builder.FileBasedConfigurationBuilder,removeAutoSaveListener/0,autoSaveListener,4
/home/sandro/workspace/sandro/MLCQCodeSmellSamples/scripts/../dataset/commons-configuration_34357e075d63c3634310878636f9498847badcab/src/main/java/org/apache/commons/configuration2/builder/combined/MultiFileConfigurationBuilder.java,org.apache.commons.configuration2.builder.combined.MultiFileConfigurationBuilder,resetParameters/0,managedBuilderDelegationListener,1
/home/sandro/workspace/sandro/MLCQCodeSmellSamples/scripts/../dataset/commons-configuration_34357e075d63c3634310878636f9498847badcab/src/main/java/org/apache/commons/configuration2/builder/combined/MultiFileConfigurationBuilder.java,org.apache.commons.configuration2.builder.combined.MultiFileConfigurationBuilder,resetParameters/0,interpolator,1
/home/sandro/workspace/sandro/MLCQCodeSmellSamples/scripts/../dataset/commons-configuration_34357e075d63c3634310878636f9498847badcab/src/main/java/org/apache/commons/configuration2/builder/combined/MultiFileConfigurationBuilder.java,org.apache.commons.configuration2.builder.combined.MultiFileConfigurationBuilder,"removeEventListener/2[org.apache.commons.configuration2.event.EventType<E>,org.apache.commons.configuration2.event.EventListener<? super E>]",configurationListeners,1
/home/sandro/workspace/sandro/MLCQCodeSmellSamples/scripts/../dataset/commons-configuration_34357e075d63c3634310878636f9498847badcab/src/main/java/org/apache/commons/configuration2/builder/combined/MultiFileConfigurationBuilder.java,org.apache.commons.configuration2.builder.combined.MultiFileConfigurationBuilder,"createManagedBuilderParameters/2[java.util.Map<java.lang.String,java.lang.Object>,org.apache.commons.configuration2.builder.combined.MultiFileBuilderParametersImpl]",KEY_INTERPOLATOR,1
/home/sandro/workspace/sandro/MLCQCodeSmellSamples/scripts/../dataset/commons-configuration_34357e075d63c3634310878636f9498847badcab/src/main/java/org/apache/commons/configuration2/builder/combined/MultiFileConfigurationBuilder.java,org.apache.commons.configuration2.builder.combined.MultiFileConfigurationBuilder,getManagedBuilders/0,managedBuilders,1
/home/sandro/workspace/sandro/MLCQCodeSmellSamples/scripts/../dataset/commons-configuration_34357e075d63c3634310878636f9498847badcab/src/main/java/org/apache/commons/configuration2/builder/combined/MultiFileConfigurationBuilder.java,org.apache.commons.configuration2.builder.combined.MultiFileConfigurationBuilder,"addEventListener/2[org.apache.commons.configuration2.event.EventType<E>,org.apache.commons.configuration2.event.EventListener<? super E>]",configurationListeners,1
/home/sandro/workspace/sandro/MLCQCodeSmellSamples/scripts/../dataset/commons-configuration_34357e075d63c3634310878636f9498847badcab/src/main/java/org/apache/commons/configuration2/builder/combined/MultiFileConfigurationBuilder.java,org.apache.commons.configuration2.builder.combined.MultiFileConfigurationBuilder,initListeners/1[org.apache.commons.configuration2.builder.FileBasedConfigurationBuilder<T>],managedBuilderDelegationListener,1
/home/sandro/workspace/sandro/MLCQCodeSmellSamples/scripts/../dataset/commons-configuration_34357e075d63c3634310878636f9498847badcab/src/main/java/org/apache/commons/configuration2/builder/combined/MultiFileConfigurationBuilder.java,org.apache.commons.configuration2.builder.combined.MultiFileConfigurationBuilder,initListeners/1[org.apache.commons.configuration2.builder.FileBasedConfigurationBuilder<T>],configurationListeners,1
/home/sandro/workspace/sandro/MLCQCodeSmellSamples/scripts/../dataset/commons-configuration_34357e075d63c3634310878636f9498847badcab/src/main/java/org/apache/commons/configuration2/builder/combined/MultiFileConfigurationBuilder.java,org.apache.commons.configuration2.builder.combined.MultiFileConfigurationBuilder,getInterpolator/0,interpolator,2
/home/sandro/workspace/sandro/MLCQCodeSmellSamples/scripts/../dataset/commons-configuration_34357e075d63c3634310878636f9498847badcab/src/main/java/org/apache/commons/configuration2/builder/combined/MultiFileConfigurationBuilder.java,org.apache.commons.configuration2.builder.combined.MultiFileConfigurationBuilder,fetchFileName/1[org.apache.commons.configuration2.builder.combined.MultiFileBuilderParametersImpl],inInterpolation,3
/home/sandro/workspace/sandro/MLCQCodeSmellSamples/scripts/../dataset/commons-configuration_34357e075d63c3634310878636f9498847badcab/src/main/java/org/apache/commons/configuration2/event/EventType.java,org.apache.commons.configuration2.event.EventType,getName/0,name,1
/home/sandro/workspace/sandro/MLCQCodeSmellSamples/scripts/../dataset/commons-configuration_34357e075d63c3634310878636f9498847badcab/src/main/java/org/apache/commons/configuration2/event/EventType.java,org.apache.commons.configuration2.event.EventType,getSuperType/0,superType,1
/home/sandro/workspace/sandro/MLCQCodeSmellSamples/scripts/../dataset/commons-configuration_34357e075d63c3634310878636f9498847badcab/src/main/java/org/apache/commons/configuration2/event/EventType.java,org.apache.commons.configuration2.event.EventType,"EventType/2[org.apache.commons.configuration2.event.EventType<? super T>,java.lang.String]",name,1
/home/sandro/workspace/sandro/MLCQCodeSmellSamples/scripts/../dataset/commons-configuration_34357e075d63c3634310878636f9498847badcab/src/main/java/org/apache/commons/configuration2/event/EventType.java,org.apache.commons.configuration2.event.EventType,"EventType/2[org.apache.commons.configuration2.event.EventType<? super T>,java.lang.String]",superType,1
/home/sandro/workspace/sandro/MLCQCodeSmellSamples/scripts/../dataset/commons-configuration_34357e075d63c3634310878636f9498847badcab/src/main/java/org/apache/commons/configuration2/event/EventType.java,org.apache.commons.configuration2.event.EventType,toString/0,FMT_TO_STRING,1
/home/sandro/workspace/sandro/MLCQCodeSmellSamples/scripts/../dataset/commons-configuration_34357e075d63c3634310878636f9498847badcab/src/test/java/org/apache/commons/configuration2/convert/TestDisabledListDelimiterHandler.java,org.apache.commons.configuration2.convert.TestDisabledListDelimiterHandler,testEscapeNonStringValueTransformer/0,handler,1
/home/sandro/workspace/sandro/MLCQCodeSmellSamples/scripts/../dataset/commons-configuration_34357e075d63c3634310878636f9498847badcab/src/test/java/org/apache/commons/configuration2/convert/TestDisabledListDelimiterHandler.java,org.apache.commons.configuration2.convert.TestDisabledListDelimiterHandler,testEscapeNonStringValueTransformer/0,STR_VALUE,2
/home/sandro/workspace/sandro/MLCQCodeSmellSamples/scripts/../dataset/commons-configuration_34357e075d63c3634310878636f9498847badcab/src/test/java/org/apache/commons/configuration2/convert/TestDisabledListDelimiterHandler.java,org.apache.commons.configuration2.convert.TestDisabledListDelimiterHandler,testParseSimpleValue/0,handler,1
/home/sandro/workspace/sandro/MLCQCodeSmellSamples/scripts/../dataset/commons-configuration_34357e075d63c3634310878636f9498847badcab/src/test/java/org/apache/commons/configuration2/convert/TestDisabledListDelimiterHandler.java,org.apache.commons.configuration2.convert.TestDisabledListDelimiterHandler,testParseSimpleValue/0,STR_VALUE,2
/home/sandro/workspace/sandro/MLCQCodeSmellSamples/scripts/../dataset/commons-configuration_34357e075d63c3634310878636f9498847badcab/src/test/java/org/apache/commons/configuration2/convert/TestDisabledListDelimiterHandler.java,org.apache.commons.configuration2.convert.TestDisabledListDelimiterHandler,testEscapeStringValue/0,handler,1
/home/sandro/workspace/sandro/MLCQCodeSmellSamples/scripts/../dataset/commons-configuration_34357e075d63c3634310878636f9498847badcab/src/test/java/org/apache/commons/configuration2/convert/TestDisabledListDelimiterHandler.java,org.apache.commons.configuration2.convert.TestDisabledListDelimiterHandler,testEscapeStringValue/0,STR_VALUE,2
/home/sandro/workspace/sandro/MLCQCodeSmellSamples/scripts/../dataset/commons-configuration_34357e075d63c3634310878636f9498847badcab/src/test/java/org/apache/commons/configuration2/convert/TestDisabledListDelimiterHandler.java,org.apache.commons.configuration2.convert.TestDisabledListDelimiterHandler,testParseArray/0,handler,1
/home/sandro/workspace/sandro/MLCQCodeSmellSamples/scripts/../dataset/commons-configuration_34357e075d63c3634310878636f9498847badcab/src/test/java/org/apache/commons/configuration2/convert/TestDisabledListDelimiterHandler.java,org.apache.commons.configuration2.convert.TestDisabledListDelimiterHandler,testParseArray/0,VALUES,1
/home/sandro/workspace/sandro/MLCQCodeSmellSamples/scripts/../dataset/commons-configuration_34357e075d63c3634310878636f9498847badcab/src/test/java/org/apache/commons/configuration2/convert/TestDisabledListDelimiterHandler.java,org.apache.commons.configuration2.convert.TestDisabledListDelimiterHandler,checkIterator/1[java.lang.Iterable<?>],VALUES,1
/home/sandro/workspace/sandro/MLCQCodeSmellSamples/scripts/../dataset/commons-configuration_34357e075d63c3634310878636f9498847badcab/src/test/java/org/apache/commons/configuration2/convert/TestDisabledListDelimiterHandler.java,org.apache.commons.configuration2.convert.TestDisabledListDelimiterHandler,testParseNull/0,handler,1
/home/sandro/workspace/sandro/MLCQCodeSmellSamples/scripts/../dataset/commons-configuration_34357e075d63c3634310878636f9498847badcab/src/test/java/org/apache/commons/configuration2/convert/TestDisabledListDelimiterHandler.java,org.apache.commons.configuration2.convert.TestDisabledListDelimiterHandler,setUp/0,handler,1
/home/sandro/workspace/sandro/MLCQCodeSmellSamples/scripts/../dataset/commons-configuration_34357e075d63c3634310878636f9498847badcab/src/test/java/org/apache/commons/configuration2/convert/TestDisabledListDelimiterHandler.java,org.apache.commons.configuration2.convert.TestDisabledListDelimiterHandler,testEscapeStringValueTransformer/0,handler,1
/home/sandro/workspace/sandro/MLCQCodeSmellSamples/scripts/../dataset/commons-configuration_34357e075d63c3634310878636f9498847badcab/src/test/java/org/apache/commons/configuration2/convert/TestDisabledListDelimiterHandler.java,org.apache.commons.configuration2.convert.TestDisabledListDelimiterHandler,testEscapeStringValueTransformer/0,STR_VALUE,2
/home/sandro/workspace/sandro/MLCQCodeSmellSamples/scripts/../dataset/commons-configuration_34357e075d63c3634310878636f9498847badcab/src/test/java/org/apache/commons/configuration2/convert/TestDisabledListDelimiterHandler.java,org.apache.commons.configuration2.convert.TestDisabledListDelimiterHandler,testEscapeList/0,handler,1
/home/sandro/workspace/sandro/MLCQCodeSmellSamples/scripts/../dataset/commons-configuration_34357e075d63c3634310878636f9498847badcab/src/test/java/org/apache/commons/configuration2/convert/TestDisabledListDelimiterHandler.java,org.apache.commons.configuration2.convert.TestDisabledListDelimiterHandler,testEscapeList/0,VALUES,1
/home/sandro/workspace/sandro/MLCQCodeSmellSamples/scripts/../dataset/commons-configuration_34357e075d63c3634310878636f9498847badcab/src/test/java/org/apache/commons/configuration2/convert/TestDisabledListDelimiterHandler.java,org.apache.commons.configuration2.convert.TestDisabledListDelimiterHandler,testFlattenCollectionWithArrayWithLimit/0,handler,1
/home/sandro/workspace/sandro/MLCQCodeSmellSamples/scripts/../dataset/commons-configuration_34357e075d63c3634310878636f9498847badcab/src/test/java/org/apache/commons/configuration2/convert/TestDisabledListDelimiterHandler.java,org.apache.commons.configuration2.convert.TestDisabledListDelimiterHandler,testFlattenCollectionWithArrayWithLimit/0,VALUES,2
/home/sandro/workspace/sandro/MLCQCodeSmellSamples/scripts/../dataset/commons-configuration_34357e075d63c3634310878636f9498847badcab/src/test/java/org/apache/commons/configuration2/convert/TestDisabledListDelimiterHandler.java,org.apache.commons.configuration2.convert.TestDisabledListDelimiterHandler,testFlattenCollectionWithArrayWithLimit/0,STR_VALUE,2
/home/sandro/workspace/sandro/MLCQCodeSmellSamples/scripts/../dataset/commons-configuration_34357e075d63c3634310878636f9498847badcab/src/test/java/org/apache/commons/configuration2/convert/TestDisabledListDelimiterHandler.java,org.apache.commons.configuration2.convert.TestDisabledListDelimiterHandler,testParseIterator/0,handler,1
/home/sandro/workspace/sandro/MLCQCodeSmellSamples/scripts/../dataset/commons-configuration_34357e075d63c3634310878636f9498847badcab/src/test/java/org/apache/commons/configuration2/convert/TestDisabledListDelimiterHandler.java,org.apache.commons.configuration2.convert.TestDisabledListDelimiterHandler,testParseIterator/0,VALUES,1
/home/sandro/workspace/sandro/MLCQCodeSmellSamples/scripts/../dataset/commons-configuration_34357e075d63c3634310878636f9498847badcab/src/test/java/org/apache/commons/configuration2/convert/TestDisabledListDelimiterHandler.java,org.apache.commons.configuration2.convert.TestDisabledListDelimiterHandler,testEscapeNonStringValue/0,handler,1
/home/sandro/workspace/sandro/MLCQCodeSmellSamples/scripts/../dataset/commons-configuration_34357e075d63c3634310878636f9498847badcab/src/test/java/org/apache/commons/configuration2/convert/TestDisabledListDelimiterHandler.java,org.apache.commons.configuration2.convert.TestDisabledListDelimiterHandler,testFlattenCollectionWithLimit/0,handler,1
/home/sandro/workspace/sandro/MLCQCodeSmellSamples/scripts/../dataset/commons-configuration_34357e075d63c3634310878636f9498847badcab/src/test/java/org/apache/commons/configuration2/convert/TestDisabledListDelimiterHandler.java,org.apache.commons.configuration2.convert.TestDisabledListDelimiterHandler,testFlattenCollectionWithLimit/0,VALUES,2
/home/sandro/workspace/sandro/MLCQCodeSmellSamples/scripts/../dataset/commons-configuration_34357e075d63c3634310878636f9498847badcab/src/test/java/org/apache/commons/configuration2/convert/TestDisabledListDelimiterHandler.java,org.apache.commons.configuration2.convert.TestDisabledListDelimiterHandler,testParseIterable/0,handler,1
/home/sandro/workspace/sandro/MLCQCodeSmellSamples/scripts/../dataset/commons-configuration_34357e075d63c3634310878636f9498847badcab/src/test/java/org/apache/commons/configuration2/convert/TestDisabledListDelimiterHandler.java,org.apache.commons.configuration2.convert.TestDisabledListDelimiterHandler,testParseIterable/0,VALUES,1
/home/sandro/workspace/sandro/MLCQCodeSmellSamples/scripts/../dataset/commons-configuration_34357e075d63c3634310878636f9498847badcab/src/test/java/org/apache/commons/configuration2/convert/TestDisabledListDelimiterHandler.java,org.apache.commons.configuration2.convert.TestDisabledListDelimiterHandler,testFlattenArrayWithLimit/0,handler,1
/home/sandro/workspace/sandro/MLCQCodeSmellSamples/scripts/../dataset/commons-configuration_34357e075d63c3634310878636f9498847badcab/src/test/java/org/apache/commons/configuration2/convert/TestDisabledListDelimiterHandler.java,org.apache.commons.configuration2.convert.TestDisabledListDelimiterHandler,testFlattenArrayWithLimit/0,VALUES,2
/home/sandro/workspace/sandro/MLCQCodeSmellSamples/scripts/../dataset/commons-configuration_34357e075d63c3634310878636f9498847badcab/src/main/java/org/apache/commons/configuration2/io/VFSFileSystem.java,org.apache.commons.configuration2.io.VFSFileSystem,"setProperty/4[org.apache.commons.configuration2.io.FileSystemConfigBuilder,org.apache.commons.configuration2.io.FileSystemOptions,java.lang.String,java.lang.Object]",log,1
/home/sandro/workspace/sandro/MLCQCodeSmellSamples/scripts/../dataset/commons-configuration_34357e075d63c3634310878636f9498847badcab/src/test/java/org/apache/commons/configuration2/TestCompositeConfiguration.java,org.apache.commons.configuration2.TestCompositeConfiguration,testGetListWithInterpolation/0,cc,1
/home/sandro/workspace/sandro/MLCQCodeSmellSamples/scripts/../dataset/commons-configuration_34357e075d63c3634310878636f9498847badcab/src/test/java/org/apache/commons/configuration2/TestCompositeConfiguration.java,org.apache.commons.configuration2.TestCompositeConfiguration,testInterpolationArrayReference/0,cc,2
/home/sandro/workspace/sandro/MLCQCodeSmellSamples/scripts/../dataset/commons-configuration_34357e075d63c3634310878636f9498847badcab/src/test/java/org/apache/commons/configuration2/TestCompositeConfiguration.java,org.apache.commons.configuration2.TestCompositeConfiguration,testRemoveConfigurationSynchronized/0,cc,1
/home/sandro/workspace/sandro/MLCQCodeSmellSamples/scripts/../dataset/commons-configuration_34357e075d63c3634310878636f9498847badcab/src/test/java/org/apache/commons/configuration2/TestCompositeConfiguration.java,org.apache.commons.configuration2.TestCompositeConfiguration,testRemoveConfigurationSynchronized/0,conf1,1
/home/sandro/workspace/sandro/MLCQCodeSmellSamples/scripts/../dataset/commons-configuration_34357e075d63c3634310878636f9498847badcab/src/test/java/org/apache/commons/configuration2/TestCompositeConfiguration.java,org.apache.commons.configuration2.TestCompositeConfiguration,testList/0,cc,4
/home/sandro/workspace/sandro/MLCQCodeSmellSamples/scripts/../dataset/commons-configuration_34357e075d63c3634310878636f9498847badcab/src/test/java/org/apache/commons/configuration2/TestCompositeConfiguration.java,org.apache.commons.configuration2.TestCompositeConfiguration,testList/0,xmlConf,1
/home/sandro/workspace/sandro/MLCQCodeSmellSamples/scripts/../dataset/commons-configuration_34357e075d63c3634310878636f9498847badcab/src/test/java/org/apache/commons/configuration2/TestCompositeConfiguration.java,org.apache.commons.configuration2.TestCompositeConfiguration,testList/0,conf1,1
/home/sandro/workspace/sandro/MLCQCodeSmellSamples/scripts/../dataset/commons-configuration_34357e075d63c3634310878636f9498847badcab/src/test/java/org/apache/commons/configuration2/TestCompositeConfiguration.java,org.apache.commons.configuration2.TestCompositeConfiguration,testEventSetProperty/0,cc,3
/home/sandro/workspace/sandro/MLCQCodeSmellSamples/scripts/../dataset/commons-configuration_34357e075d63c3634310878636f9498847badcab/src/test/java/org/apache/commons/configuration2/TestCompositeConfiguration.java,org.apache.commons.configuration2.TestCompositeConfiguration,testAddingProperty/0,cc,5
/home/sandro/workspace/sandro/MLCQCodeSmellSamples/scripts/../dataset/commons-configuration_34357e075d63c3634310878636f9498847badcab/src/test/java/org/apache/commons/configuration2/TestCompositeConfiguration.java,org.apache.commons.configuration2.TestCompositeConfiguration,testAddingProperty/0,xmlConf,1
/home/sandro/workspace/sandro/MLCQCodeSmellSamples/scripts/../dataset/commons-configuration_34357e075d63c3634310878636f9498847badcab/src/test/java/org/apache/commons/configuration2/TestCompositeConfiguration.java,org.apache.commons.configuration2.TestCompositeConfiguration,testAddingProperty/0,conf1,1
/home/sandro/workspace/sandro/MLCQCodeSmellSamples/scripts/../dataset/commons-configuration_34357e075d63c3634310878636f9498847badcab/src/test/java/org/apache/commons/configuration2/TestCompositeConfiguration.java,org.apache.commons.configuration2.TestCompositeConfiguration,testThrowExceptionOnMissing/0,cc,1
/home/sandro/workspace/sandro/MLCQCodeSmellSamples/scripts/../dataset/commons-configuration_34357e075d63c3634310878636f9498847badcab/src/test/java/org/apache/commons/configuration2/TestCompositeConfiguration.java,org.apache.commons.configuration2.TestCompositeConfiguration,testGetProperty/0,cc,12
/home/sandro/workspace/sandro/MLCQCodeSmellSamples/scripts/../dataset/commons-configuration_34357e075d63c3634310878636f9498847badcab/src/test/java/org/apache/commons/configuration2/TestCompositeConfiguration.java,org.apache.commons.configuration2.TestCompositeConfiguration,testGetProperty/0,conf2,3
/home/sandro/workspace/sandro/MLCQCodeSmellSamples/scripts/../dataset/commons-configuration_34357e075d63c3634310878636f9498847badcab/src/test/java/org/apache/commons/configuration2/TestCompositeConfiguration.java,org.apache.commons.configuration2.TestCompositeConfiguration,testGetProperty/0,conf1,3
/home/sandro/workspace/sandro/MLCQCodeSmellSamples/scripts/../dataset/commons-configuration_34357e075d63c3634310878636f9498847badcab/src/test/java/org/apache/commons/configuration2/TestCompositeConfiguration.java,org.apache.commons.configuration2.TestCompositeConfiguration,testGetKeysPreservesOrder/0,cc,2
/home/sandro/workspace/sandro/MLCQCodeSmellSamples/scripts/../dataset/commons-configuration_34357e075d63c3634310878636f9498847badcab/src/test/java/org/apache/commons/configuration2/TestCompositeConfiguration.java,org.apache.commons.configuration2.TestCompositeConfiguration,testGetKeysPreservesOrder/0,conf1,2
/home/sandro/workspace/sandro/MLCQCodeSmellSamples/scripts/../dataset/commons-configuration_34357e075d63c3634310878636f9498847badcab/src/test/java/org/apache/commons/configuration2/TestCompositeConfiguration.java,org.apache.commons.configuration2.TestCompositeConfiguration,testGetList/0,cc,5
/home/sandro/workspace/sandro/MLCQCodeSmellSamples/scripts/../dataset/commons-configuration_34357e075d63c3634310878636f9498847badcab/src/test/java/org/apache/commons/configuration2/TestCompositeConfiguration.java,org.apache.commons.configuration2.TestCompositeConfiguration,testPropertyExistsInOnlyOneConfig/0,cc,3
/home/sandro/workspace/sandro/MLCQCodeSmellSamples/scripts/../dataset/commons-configuration_34357e075d63c3634310878636f9498847badcab/src/test/java/org/apache/commons/configuration2/TestCompositeConfiguration.java,org.apache.commons.configuration2.TestCompositeConfiguration,testPropertyExistsInOnlyOneConfig/0,xmlConf,1
/home/sandro/workspace/sandro/MLCQCodeSmellSamples/scripts/../dataset/commons-configuration_34357e075d63c3634310878636f9498847badcab/src/test/java/org/apache/commons/configuration2/TestCompositeConfiguration.java,org.apache.commons.configuration2.TestCompositeConfiguration,testPropertyExistsInOnlyOneConfig/0,conf1,1
/home/sandro/workspace/sandro/MLCQCodeSmellSamples/scripts/../dataset/commons-configuration_34357e075d63c3634310878636f9498847badcab/src/test/java/org/apache/commons/configuration2/TestCompositeConfiguration.java,org.apache.commons.configuration2.TestCompositeConfiguration,testUseChildConfigAsInMemoryConfig/0,cc,5
/home/sandro/workspace/sandro/MLCQCodeSmellSamples/scripts/../dataset/commons-configuration_34357e075d63c3634310878636f9498847badcab/src/test/java/org/apache/commons/configuration2/TestCompositeConfiguration.java,org.apache.commons.configuration2.TestCompositeConfiguration,testUseChildConfigAsInMemoryConfig/0,TEST_PROPERTY,3
/home/sandro/workspace/sandro/MLCQCodeSmellSamples/scripts/../dataset/commons-configuration_34357e075d63c3634310878636f9498847badcab/src/test/java/org/apache/commons/configuration2/TestCompositeConfiguration.java,org.apache.commons.configuration2.TestCompositeConfiguration,testUseChildConfigAsInMemoryConfig/0,conf2,2
/home/sandro/workspace/sandro/MLCQCodeSmellSamples/scripts/../dataset/commons-configuration_34357e075d63c3634310878636f9498847badcab/src/test/java/org/apache/commons/configuration2/TestCompositeConfiguration.java,org.apache.commons.configuration2.TestCompositeConfiguration,testUseChildConfigAsInMemoryConfig/0,conf1,3
/home/sandro/workspace/sandro/MLCQCodeSmellSamples/scripts/../dataset/commons-configuration_34357e075d63c3634310878636f9498847badcab/src/test/java/org/apache/commons/configuration2/TestCompositeConfiguration.java,org.apache.commons.configuration2.TestCompositeConfiguration,testEventAddProperty/0,cc,3
/home/sandro/workspace/sandro/MLCQCodeSmellSamples/scripts/../dataset/commons-configuration_34357e075d63c3634310878636f9498847badcab/src/test/java/org/apache/commons/configuration2/TestCompositeConfiguration.java,org.apache.commons.configuration2.TestCompositeConfiguration,testSetListDelimiter/0,cc,1
/home/sandro/workspace/sandro/MLCQCodeSmellSamples/scripts/../dataset/commons-configuration_34357e075d63c3634310878636f9498847badcab/src/test/java/org/apache/commons/configuration2/TestCompositeConfiguration.java,org.apache.commons.configuration2.TestCompositeConfiguration,testSettingMissingProperty/0,cc,4
/home/sandro/workspace/sandro/MLCQCodeSmellSamples/scripts/../dataset/commons-configuration_34357e075d63c3634310878636f9498847badcab/src/test/java/org/apache/commons/configuration2/TestCompositeConfiguration.java,org.apache.commons.configuration2.TestCompositeConfiguration,testSettingMissingProperty/0,xmlConf,1
/home/sandro/workspace/sandro/MLCQCodeSmellSamples/scripts/../dataset/commons-configuration_34357e075d63c3634310878636f9498847badcab/src/test/java/org/apache/commons/configuration2/TestCompositeConfiguration.java,org.apache.commons.configuration2.TestCompositeConfiguration,testSettingMissingProperty/0,conf1,1
/home/sandro/workspace/sandro/MLCQCodeSmellSamples/scripts/../dataset/commons-configuration_34357e075d63c3634310878636f9498847badcab/src/test/java/org/apache/commons/configuration2/TestCompositeConfiguration.java,org.apache.commons.configuration2.TestCompositeConfiguration,testEventClearProperty/0,cc,6
/home/sandro/workspace/sandro/MLCQCodeSmellSamples/scripts/../dataset/commons-configuration_34357e075d63c3634310878636f9498847badcab/src/test/java/org/apache/commons/configuration2/TestCompositeConfiguration.java,org.apache.commons.configuration2.TestCompositeConfiguration,testEventClearProperty/0,conf1,1
/home/sandro/workspace/sandro/MLCQCodeSmellSamples/scripts/../dataset/commons-configuration_34357e075d63c3634310878636f9498847badcab/src/test/java/org/apache/commons/configuration2/TestCompositeConfiguration.java,org.apache.commons.configuration2.TestCompositeConfiguration,testSetListDelimiterAfterClear/0,cc,2
/home/sandro/workspace/sandro/MLCQCodeSmellSamples/scripts/../dataset/commons-configuration_34357e075d63c3634310878636f9498847badcab/src/test/java/org/apache/commons/configuration2/TestCompositeConfiguration.java,org.apache.commons.configuration2.TestCompositeConfiguration,testClearingProperty/0,cc,4
/home/sandro/workspace/sandro/MLCQCodeSmellSamples/scripts/../dataset/commons-configuration_34357e075d63c3634310878636f9498847badcab/src/test/java/org/apache/commons/configuration2/TestCompositeConfiguration.java,org.apache.commons.configuration2.TestCompositeConfiguration,testClearingProperty/0,xmlConf,1
/home/sandro/workspace/sandro/MLCQCodeSmellSamples/scripts/../dataset/commons-configuration_34357e075d63c3634310878636f9498847badcab/src/test/java/org/apache/commons/configuration2/TestCompositeConfiguration.java,org.apache.commons.configuration2.TestCompositeConfiguration,testClearingProperty/0,conf1,1
/home/sandro/workspace/sandro/MLCQCodeSmellSamples/scripts/../dataset/commons-configuration_34357e075d63c3634310878636f9498847badcab/src/test/java/org/apache/commons/configuration2/TestCompositeConfiguration.java,org.apache.commons.configuration2.TestCompositeConfiguration,testGetStringArrayWithInterpolation/0,cc,1
/home/sandro/workspace/sandro/MLCQCodeSmellSamples/scripts/../dataset/commons-configuration_34357e075d63c3634310878636f9498847badcab/src/test/java/org/apache/commons/configuration2/TestCompositeConfiguration.java,org.apache.commons.configuration2.TestCompositeConfiguration,setUpSourceTest/0,cc,2
/home/sandro/workspace/sandro/MLCQCodeSmellSamples/scripts/../dataset/commons-configuration_34357e075d63c3634310878636f9498847badcab/src/test/java/org/apache/commons/configuration2/TestCompositeConfiguration.java,org.apache.commons.configuration2.TestCompositeConfiguration,setUpSourceTest/0,conf2,1
/home/sandro/workspace/sandro/MLCQCodeSmellSamples/scripts/../dataset/commons-configuration_34357e075d63c3634310878636f9498847badcab/src/test/java/org/apache/commons/configuration2/TestCompositeConfiguration.java,org.apache.commons.configuration2.TestCompositeConfiguration,setUpSourceTest/0,conf1,1
/home/sandro/workspace/sandro/MLCQCodeSmellSamples/scripts/../dataset/commons-configuration_34357e075d63c3634310878636f9498847badcab/src/test/java/org/apache/commons/configuration2/TestCompositeConfiguration.java,org.apache.commons.configuration2.TestCompositeConfiguration,testGetStringWithDefaults/0,cc,1
/home/sandro/workspace/sandro/MLCQCodeSmellSamples/scripts/../dataset/commons-configuration_34357e075d63c3634310878636f9498847badcab/src/test/java/org/apache/commons/configuration2/TestCompositeConfiguration.java,org.apache.commons.configuration2.TestCompositeConfiguration,testClone/0,cc,7
/home/sandro/workspace/sandro/MLCQCodeSmellSamples/scripts/../dataset/commons-configuration_34357e075d63c3634310878636f9498847badcab/src/test/java/org/apache/commons/configuration2/TestCompositeConfiguration.java,org.apache.commons.configuration2.TestCompositeConfiguration,testAddFirstRemoveConfigurations/0,cc,10
/home/sandro/workspace/sandro/MLCQCodeSmellSamples/scripts/../dataset/commons-configuration_34357e075d63c3634310878636f9498847badcab/src/test/java/org/apache/commons/configuration2/TestCompositeConfiguration.java,org.apache.commons.configuration2.TestCompositeConfiguration,testAddFirstRemoveConfigurations/0,conf2,1
/home/sandro/workspace/sandro/MLCQCodeSmellSamples/scripts/../dataset/commons-configuration_34357e075d63c3634310878636f9498847badcab/src/test/java/org/apache/commons/configuration2/TestCompositeConfiguration.java,org.apache.commons.configuration2.TestCompositeConfiguration,testAddFirstRemoveConfigurations/0,conf1,3
/home/sandro/workspace/sandro/MLCQCodeSmellSamples/scripts/../dataset/commons-configuration_34357e075d63c3634310878636f9498847badcab/src/test/java/org/apache/commons/configuration2/TestCompositeConfiguration.java,org.apache.commons.configuration2.TestCompositeConfiguration,testGetInMemoryConfigurationSynchronized/0,cc,1
/home/sandro/workspace/sandro/MLCQCodeSmellSamples/scripts/../dataset/commons-configuration_34357e075d63c3634310878636f9498847badcab/src/test/java/org/apache/commons/configuration2/TestCompositeConfiguration.java,org.apache.commons.configuration2.TestCompositeConfiguration,testCloneEventListener/0,cc,2
/home/sandro/workspace/sandro/MLCQCodeSmellSamples/scripts/../dataset/commons-configuration_34357e075d63c3634310878636f9498847badcab/src/test/java/org/apache/commons/configuration2/TestCompositeConfiguration.java,org.apache.commons.configuration2.TestCompositeConfiguration,testGetNumberOfConfigurationsSynchronized/0,cc,1
/home/sandro/workspace/sandro/MLCQCodeSmellSamples/scripts/../dataset/commons-configuration_34357e075d63c3634310878636f9498847badcab/src/test/java/org/apache/commons/configuration2/TestCompositeConfiguration.java,org.apache.commons.configuration2.TestCompositeConfiguration,testSetListDelimiterInMemoryConfigNonBaseConfig/0,cc,2
/home/sandro/workspace/sandro/MLCQCodeSmellSamples/scripts/../dataset/commons-configuration_34357e075d63c3634310878636f9498847badcab/src/test/java/org/apache/commons/configuration2/TestCompositeConfiguration.java,org.apache.commons.configuration2.TestCompositeConfiguration,testCloneNotSupported/0,cc,2
/home/sandro/workspace/sandro/MLCQCodeSmellSamples/scripts/../dataset/commons-configuration_34357e075d63c3634310878636f9498847badcab/src/test/java/org/apache/commons/configuration2/TestCompositeConfiguration.java,org.apache.commons.configuration2.TestCompositeConfiguration,testAddRemoveConfigurations/0,cc,10
/home/sandro/workspace/sandro/MLCQCodeSmellSamples/scripts/../dataset/commons-configuration_34357e075d63c3634310878636f9498847badcab/src/test/java/org/apache/commons/configuration2/TestCompositeConfiguration.java,org.apache.commons.configuration2.TestCompositeConfiguration,testAddRemoveConfigurations/0,conf2,1
/home/sandro/workspace/sandro/MLCQCodeSmellSamples/scripts/../dataset/commons-configuration_34357e075d63c3634310878636f9498847badcab/src/test/java/org/apache/commons/configuration2/TestCompositeConfiguration.java,org.apache.commons.configuration2.TestCompositeConfiguration,testAddRemoveConfigurations/0,conf1,3
/home/sandro/workspace/sandro/MLCQCodeSmellSamples/scripts/../dataset/commons-configuration_34357e075d63c3634310878636f9498847badcab/src/test/java/org/apache/commons/configuration2/TestCompositeConfiguration.java,org.apache.commons.configuration2.TestCompositeConfiguration,testCantRemoveMemoryConfig/0,cc,5
/home/sandro/workspace/sandro/MLCQCodeSmellSamples/scripts/../dataset/commons-configuration_34357e075d63c3634310878636f9498847badcab/src/test/java/org/apache/commons/configuration2/TestCompositeConfiguration.java,org.apache.commons.configuration2.TestCompositeConfiguration,testGettingConfiguration/0,cc,4
/home/sandro/workspace/sandro/MLCQCodeSmellSamples/scripts/../dataset/commons-configuration_34357e075d63c3634310878636f9498847badcab/src/test/java/org/apache/commons/configuration2/TestCompositeConfiguration.java,org.apache.commons.configuration2.TestCompositeConfiguration,testGettingConfiguration/0,xmlConf,1
/home/sandro/workspace/sandro/MLCQCodeSmellSamples/scripts/../dataset/commons-configuration_34357e075d63c3634310878636f9498847badcab/src/test/java/org/apache/commons/configuration2/TestCompositeConfiguration.java,org.apache.commons.configuration2.TestCompositeConfiguration,testGettingConfiguration/0,conf1,1
/home/sandro/workspace/sandro/MLCQCodeSmellSamples/scripts/../dataset/commons-configuration_34357e075d63c3634310878636f9498847badcab/src/test/java/org/apache/commons/configuration2/TestCompositeConfiguration.java,org.apache.commons.configuration2.TestCompositeConfiguration,testGettingSubset/0,cc,5
/home/sandro/workspace/sandro/MLCQCodeSmellSamples/scripts/../dataset/commons-configuration_34357e075d63c3634310878636f9498847badcab/src/test/java/org/apache/commons/configuration2/TestCompositeConfiguration.java,org.apache.commons.configuration2.TestCompositeConfiguration,testGettingSubset/0,xmlConf,1
/home/sandro/workspace/sandro/MLCQCodeSmellSamples/scripts/../dataset/commons-configuration_34357e075d63c3634310878636f9498847badcab/src/test/java/org/apache/commons/configuration2/TestCompositeConfiguration.java,org.apache.commons.configuration2.TestCompositeConfiguration,testGettingSubset/0,conf1,1
/home/sandro/workspace/sandro/MLCQCodeSmellSamples/scripts/../dataset/commons-configuration_34357e075d63c3634310878636f9498847badcab/src/test/java/org/apache/commons/configuration2/TestCompositeConfiguration.java,org.apache.commons.configuration2.TestCompositeConfiguration,testGetPropertyMissing/0,cc,5
/home/sandro/workspace/sandro/MLCQCodeSmellSamples/scripts/../dataset/commons-configuration_34357e075d63c3634310878636f9498847badcab/src/test/java/org/apache/commons/configuration2/TestCompositeConfiguration.java,org.apache.commons.configuration2.TestCompositeConfiguration,testGetPropertyMissing/0,conf2,1
/home/sandro/workspace/sandro/MLCQCodeSmellSamples/scripts/../dataset/commons-configuration_34357e075d63c3634310878636f9498847badcab/src/test/java/org/apache/commons/configuration2/TestCompositeConfiguration.java,org.apache.commons.configuration2.TestCompositeConfiguration,testGetPropertyMissing/0,conf1,1
/home/sandro/workspace/sandro/MLCQCodeSmellSamples/scripts/../dataset/commons-configuration_34357e075d63c3634310878636f9498847badcab/src/test/java/org/apache/commons/configuration2/TestCompositeConfiguration.java,org.apache.commons.configuration2.TestCompositeConfiguration,installSynchronizer/0,cc,3
/home/sandro/workspace/sandro/MLCQCodeSmellSamples/scripts/../dataset/commons-configuration_34357e075d63c3634310878636f9498847badcab/src/test/java/org/apache/commons/configuration2/TestCompositeConfiguration.java,org.apache.commons.configuration2.TestCompositeConfiguration,installSynchronizer/0,conf2,1
/home/sandro/workspace/sandro/MLCQCodeSmellSamples/scripts/../dataset/commons-configuration_34357e075d63c3634310878636f9498847badcab/src/test/java/org/apache/commons/configuration2/TestCompositeConfiguration.java,org.apache.commons.configuration2.TestCompositeConfiguration,installSynchronizer/0,conf1,1
/home/sandro/workspace/sandro/MLCQCodeSmellSamples/scripts/../dataset/commons-configuration_34357e075d63c3634310878636f9498847badcab/src/test/java/org/apache/commons/configuration2/TestCompositeConfiguration.java,org.apache.commons.configuration2.TestCompositeConfiguration,testAddConfigurationSynchronized/0,cc,1
/home/sandro/workspace/sandro/MLCQCodeSmellSamples/scripts/../dataset/commons-configuration_34357e075d63c3634310878636f9498847badcab/src/test/java/org/apache/commons/configuration2/TestCompositeConfiguration.java,org.apache.commons.configuration2.TestCompositeConfiguration,testAddConfigurationSynchronized/0,xmlConf,1
/home/sandro/workspace/sandro/MLCQCodeSmellSamples/scripts/../dataset/commons-configuration_34357e075d63c3634310878636f9498847badcab/src/test/java/org/apache/commons/configuration2/TestCompositeConfiguration.java,org.apache.commons.configuration2.TestCompositeConfiguration,testDefaultValueWhenKeyMissing/0,cc,5
/home/sandro/workspace/sandro/MLCQCodeSmellSamples/scripts/../dataset/commons-configuration_34357e075d63c3634310878636f9498847badcab/src/test/java/org/apache/commons/configuration2/TestCompositeConfiguration.java,org.apache.commons.configuration2.TestCompositeConfiguration,testDefaultValueWhenKeyMissing/0,xmlConf,1
/home/sandro/workspace/sandro/MLCQCodeSmellSamples/scripts/../dataset/commons-configuration_34357e075d63c3634310878636f9498847badcab/src/test/java/org/apache/commons/configuration2/TestCompositeConfiguration.java,org.apache.commons.configuration2.TestCompositeConfiguration,testDefaultValueWhenKeyMissing/0,conf1,1
/home/sandro/workspace/sandro/MLCQCodeSmellSamples/scripts/../dataset/commons-configuration_34357e075d63c3634310878636f9498847badcab/src/test/java/org/apache/commons/configuration2/TestCompositeConfiguration.java,org.apache.commons.configuration2.TestCompositeConfiguration,testGetSourceMultiple/0,cc,2
/home/sandro/workspace/sandro/MLCQCodeSmellSamples/scripts/../dataset/commons-configuration_34357e075d63c3634310878636f9498847badcab/src/test/java/org/apache/commons/configuration2/TestCompositeConfiguration.java,org.apache.commons.configuration2.TestCompositeConfiguration,testGetSourceMultiple/0,TEST_PROPERTY,3
/home/sandro/workspace/sandro/MLCQCodeSmellSamples/scripts/../dataset/commons-configuration_34357e075d63c3634310878636f9498847badcab/src/test/java/org/apache/commons/configuration2/TestCompositeConfiguration.java,org.apache.commons.configuration2.TestCompositeConfiguration,testGetSourceMultiple/0,conf1,1
/home/sandro/workspace/sandro/MLCQCodeSmellSamples/scripts/../dataset/commons-configuration_34357e075d63c3634310878636f9498847badcab/src/test/java/org/apache/commons/configuration2/TestCompositeConfiguration.java,org.apache.commons.configuration2.TestCompositeConfiguration,setUp/0,cc,2
/home/sandro/workspace/sandro/MLCQCodeSmellSamples/scripts/../dataset/commons-configuration_34357e075d63c3634310878636f9498847badcab/src/test/java/org/apache/commons/configuration2/TestCompositeConfiguration.java,org.apache.commons.configuration2.TestCompositeConfiguration,setUp/0,xmlConf,2
/home/sandro/workspace/sandro/MLCQCodeSmellSamples/scripts/../dataset/commons-configuration_34357e075d63c3634310878636f9498847badcab/src/test/java/org/apache/commons/configuration2/TestCompositeConfiguration.java,org.apache.commons.configuration2.TestCompositeConfiguration,setUp/0,testProperties2,1
/home/sandro/workspace/sandro/MLCQCodeSmellSamples/scripts/../dataset/commons-configuration_34357e075d63c3634310878636f9498847badcab/src/test/java/org/apache/commons/configuration2/TestCompositeConfiguration.java,org.apache.commons.configuration2.TestCompositeConfiguration,setUp/0,conf2,3
/home/sandro/workspace/sandro/MLCQCodeSmellSamples/scripts/../dataset/commons-configuration_34357e075d63c3634310878636f9498847badcab/src/test/java/org/apache/commons/configuration2/TestCompositeConfiguration.java,org.apache.commons.configuration2.TestCompositeConfiguration,setUp/0,conf1,3
/home/sandro/workspace/sandro/MLCQCodeSmellSamples/scripts/../dataset/commons-configuration_34357e075d63c3634310878636f9498847badcab/src/test/java/org/apache/commons/configuration2/TestCompositeConfiguration.java,org.apache.commons.configuration2.TestCompositeConfiguration,setUp/0,testPropertiesXML,1
/home/sandro/workspace/sandro/MLCQCodeSmellSamples/scripts/../dataset/commons-configuration_34357e075d63c3634310878636f9498847badcab/src/test/java/org/apache/commons/configuration2/TestCompositeConfiguration.java,org.apache.commons.configuration2.TestCompositeConfiguration,setUp/0,testProperties,1
/home/sandro/workspace/sandro/MLCQCodeSmellSamples/scripts/../dataset/commons-configuration_34357e075d63c3634310878636f9498847badcab/src/test/java/org/apache/commons/configuration2/TestCompositeConfiguration.java,org.apache.commons.configuration2.TestCompositeConfiguration,testInterpolationInMultipleConfigs/0,cc,3
/home/sandro/workspace/sandro/MLCQCodeSmellSamples/scripts/../dataset/commons-configuration_34357e075d63c3634310878636f9498847badcab/src/test/java/org/apache/commons/configuration2/TestCompositeConfiguration.java,org.apache.commons.configuration2.TestCompositeConfiguration,testStringArray/0,cc,4
/home/sandro/workspace/sandro/MLCQCodeSmellSamples/scripts/../dataset/commons-configuration_34357e075d63c3634310878636f9498847badcab/src/test/java/org/apache/commons/configuration2/TestCompositeConfiguration.java,org.apache.commons.configuration2.TestCompositeConfiguration,testStringArray/0,xmlConf,1
/home/sandro/workspace/sandro/MLCQCodeSmellSamples/scripts/../dataset/commons-configuration_34357e075d63c3634310878636f9498847badcab/src/test/java/org/apache/commons/configuration2/TestCompositeConfiguration.java,org.apache.commons.configuration2.TestCompositeConfiguration,testStringArray/0,conf1,1
/home/sandro/workspace/sandro/MLCQCodeSmellSamples/scripts/../dataset/commons-configuration_34357e075d63c3634310878636f9498847badcab/src/test/java/org/apache/commons/configuration2/TestCompositeConfiguration.java,org.apache.commons.configuration2.TestCompositeConfiguration,testGetSourceUnknown/0,cc,1
/home/sandro/workspace/sandro/MLCQCodeSmellSamples/scripts/../dataset/commons-configuration_34357e075d63c3634310878636f9498847badcab/src/test/java/org/apache/commons/configuration2/TestCompositeConfiguration.java,org.apache.commons.configuration2.TestCompositeConfiguration,testGetSourceUnknown/0,TEST_PROPERTY,1
/home/sandro/workspace/sandro/MLCQCodeSmellSamples/scripts/../dataset/commons-configuration_34357e075d63c3634310878636f9498847badcab/src/test/java/org/apache/commons/configuration2/TestCompositeConfiguration.java,org.apache.commons.configuration2.TestCompositeConfiguration,testGetSourceNull/0,cc,1
/home/sandro/workspace/sandro/MLCQCodeSmellSamples/scripts/../dataset/commons-configuration_34357e075d63c3634310878636f9498847badcab/src/test/java/org/apache/commons/configuration2/TestCompositeConfiguration.java,org.apache.commons.configuration2.TestCompositeConfiguration,testGetSourceSingle/0,cc,1
/home/sandro/workspace/sandro/MLCQCodeSmellSamples/scripts/../dataset/commons-configuration_34357e075d63c3634310878636f9498847badcab/src/test/java/org/apache/commons/configuration2/TestCompositeConfiguration.java,org.apache.commons.configuration2.TestCompositeConfiguration,testGetSourceSingle/0,TEST_PROPERTY,2
/home/sandro/workspace/sandro/MLCQCodeSmellSamples/scripts/../dataset/commons-configuration_34357e075d63c3634310878636f9498847badcab/src/test/java/org/apache/commons/configuration2/TestCompositeConfiguration.java,org.apache.commons.configuration2.TestCompositeConfiguration,testGetSourceSingle/0,conf1,2
/home/sandro/workspace/sandro/MLCQCodeSmellSamples/scripts/../dataset/commons-configuration_34357e075d63c3634310878636f9498847badcab/src/test/java/org/apache/commons/configuration2/TestCompositeConfiguration.java,org.apache.commons.configuration2.TestCompositeConfiguration,testMultipleTypesOfConfigs/0,cc,7
/home/sandro/workspace/sandro/MLCQCodeSmellSamples/scripts/../dataset/commons-configuration_34357e075d63c3634310878636f9498847badcab/src/test/java/org/apache/commons/configuration2/TestCompositeConfiguration.java,org.apache.commons.configuration2.TestCompositeConfiguration,testMultipleTypesOfConfigs/0,xmlConf,2
/home/sandro/workspace/sandro/MLCQCodeSmellSamples/scripts/../dataset/commons-configuration_34357e075d63c3634310878636f9498847badcab/src/test/java/org/apache/commons/configuration2/TestCompositeConfiguration.java,org.apache.commons.configuration2.TestCompositeConfiguration,testMultipleTypesOfConfigs/0,conf1,2
/home/sandro/workspace/sandro/MLCQCodeSmellSamples/scripts/../dataset/commons-configuration_34357e075d63c3634310878636f9498847badcab/src/test/java/org/apache/commons/configuration2/TestCompositeConfiguration.java,org.apache.commons.configuration2.TestCompositeConfiguration,testSubsetCanResolve/0,cc,4
/home/sandro/workspace/sandro/MLCQCodeSmellSamples/scripts/../dataset/commons-configuration_34357e075d63c3634310878636f9498847badcab/src/test/java/org/apache/commons/configuration2/TestCompositeConfiguration.java,org.apache.commons.configuration2.TestCompositeConfiguration,testGetSourceInMemory/0,cc,3
/home/sandro/workspace/sandro/MLCQCodeSmellSamples/scripts/../dataset/commons-configuration_34357e075d63c3634310878636f9498847badcab/src/test/java/org/apache/commons/configuration2/TestCompositeConfiguration.java,org.apache.commons.configuration2.TestCompositeConfiguration,testGetSourceInMemory/0,TEST_PROPERTY,2
/home/sandro/workspace/sandro/MLCQCodeSmellSamples/scripts/../dataset/commons-configuration_34357e075d63c3634310878636f9498847badcab/src/test/java/org/apache/commons/configuration2/TestCompositeConfiguration.java,org.apache.commons.configuration2.TestCompositeConfiguration,testCloneInterpolation/0,cc,2
/home/sandro/workspace/sandro/MLCQCodeSmellSamples/scripts/../dataset/commons-configuration_34357e075d63c3634310878636f9498847badcab/src/test/java/org/apache/commons/configuration2/TestCompositeConfiguration.java,org.apache.commons.configuration2.TestCompositeConfiguration,testReplaceInMemoryConfig/0,cc,5
/home/sandro/workspace/sandro/MLCQCodeSmellSamples/scripts/../dataset/commons-configuration_34357e075d63c3634310878636f9498847badcab/src/test/java/org/apache/commons/configuration2/TestCompositeConfiguration.java,org.apache.commons.configuration2.TestCompositeConfiguration,testReplaceInMemoryConfig/0,TEST_PROPERTY,3
/home/sandro/workspace/sandro/MLCQCodeSmellSamples/scripts/../dataset/commons-configuration_34357e075d63c3634310878636f9498847badcab/src/test/java/org/apache/commons/configuration2/TestCompositeConfiguration.java,org.apache.commons.configuration2.TestCompositeConfiguration,testReplaceInMemoryConfig/0,conf2,3
/home/sandro/workspace/sandro/MLCQCodeSmellSamples/scripts/../dataset/commons-configuration_34357e075d63c3634310878636f9498847badcab/src/test/java/org/apache/commons/configuration2/TestCompositeConfiguration.java,org.apache.commons.configuration2.TestCompositeConfiguration,testReplaceInMemoryConfig/0,conf1,3
/home/sandro/workspace/sandro/MLCQCodeSmellSamples/scripts/../dataset/commons-configuration_34357e075d63c3634310878636f9498847badcab/src/test/java/org/apache/commons/configuration2/TestCompositeConfiguration.java,org.apache.commons.configuration2.TestCompositeConfiguration,testGetKeys2PreservesOrder/0,cc,2
/home/sandro/workspace/sandro/MLCQCodeSmellSamples/scripts/../dataset/commons-configuration_34357e075d63c3634310878636f9498847badcab/src/test/java/org/apache/commons/configuration2/TestCompositeConfiguration.java,org.apache.commons.configuration2.TestCompositeConfiguration,testGetKeys2PreservesOrder/0,conf1,2
/home/sandro/workspace/sandro/MLCQCodeSmellSamples/scripts/../dataset/commons-configuration_34357e075d63c3634310878636f9498847badcab/src/test/java/org/apache/commons/configuration2/TestCompositeConfiguration.java,org.apache.commons.configuration2.TestCompositeConfiguration,prepareInterpolationTest/0,cc,3
/home/sandro/workspace/sandro/MLCQCodeSmellSamples/scripts/../dataset/commons-configuration_34357e075d63c3634310878636f9498847badcab/src/test/java/org/apache/commons/configuration2/TestCompositeConfiguration.java,org.apache.commons.configuration2.TestCompositeConfiguration,testInstanciateWithCollection/0,xmlConf,1
/home/sandro/workspace/sandro/MLCQCodeSmellSamples/scripts/../dataset/commons-configuration_34357e075d63c3634310878636f9498847badcab/src/test/java/org/apache/commons/configuration2/TestCompositeConfiguration.java,org.apache.commons.configuration2.TestCompositeConfiguration,testInstanciateWithCollection/0,conf2,1
/home/sandro/workspace/sandro/MLCQCodeSmellSamples/scripts/../dataset/commons-configuration_34357e075d63c3634310878636f9498847badcab/src/test/java/org/apache/commons/configuration2/TestCompositeConfiguration.java,org.apache.commons.configuration2.TestCompositeConfiguration,testInstanciateWithCollection/0,conf1,1
/home/sandro/workspace/sandro/MLCQCodeSmellSamples/scripts/../dataset/commons-configuration_34357e075d63c3634310878636f9498847badcab/src/test/java/org/apache/commons/configuration2/TestCompositeConfiguration.java,org.apache.commons.configuration2.TestCompositeConfiguration,testListInterpolation/0,cc,3
/home/sandro/workspace/sandro/MLCQCodeSmellSamples/scripts/../dataset/commons-configuration_34357e075d63c3634310878636f9498847badcab/src/test/java/org/apache/commons/configuration2/TestCompositeConfiguration.java,org.apache.commons.configuration2.TestCompositeConfiguration,checkSetListDelimiterHandler/0,cc,5
/home/sandro/workspace/sandro/MLCQCodeSmellSamples/scripts/../dataset/commons-configuration_34357e075d63c3634310878636f9498847badcab/src/test/java/org/apache/commons/configuration2/TestCompositeConfiguration.java,org.apache.commons.configuration2.TestCompositeConfiguration,testGetPropertyWIncludes/0,cc,3
/home/sandro/workspace/sandro/MLCQCodeSmellSamples/scripts/../dataset/commons-configuration_34357e075d63c3634310878636f9498847badcab/src/test/java/org/apache/commons/configuration2/TestCompositeConfiguration.java,org.apache.commons.configuration2.TestCompositeConfiguration,testGetPropertyWIncludes/0,conf2,1
/home/sandro/workspace/sandro/MLCQCodeSmellSamples/scripts/../dataset/commons-configuration_34357e075d63c3634310878636f9498847badcab/src/test/java/org/apache/commons/configuration2/TestCompositeConfiguration.java,org.apache.commons.configuration2.TestCompositeConfiguration,testGetPropertyWIncludes/0,conf1,1
/home/sandro/workspace/sandro/MLCQCodeSmellSamples/scripts/../dataset/commons-configuration_34357e075d63c3634310878636f9498847badcab/src/test/java/org/apache/commons/configuration2/TestCompositeConfiguration.java,org.apache.commons.configuration2.TestCompositeConfiguration,testGetConfigurationSynchronized/0,cc,1
/home/sandro/workspace/sandro/MLCQCodeSmellSamples/scripts/../dataset/commons-configuration_34357e075d63c3634310878636f9498847badcab/src/test/java/org/apache/commons/configuration2/TestCompositeConfiguration.java,org.apache.commons.configuration2.TestCompositeConfiguration,testGetConfigurationSynchronized/0,conf1,1
/home/sandro/workspace/sandro/MLCQCodeSmellSamples/scripts/../dataset/commons-configuration_34357e075d63c3634310878636f9498847badcab/src/test/java/org/apache/commons/configuration2/io/TestFileSystemLocationStrategy.java,org.apache.commons.configuration2.io.TestFileSystemLocationStrategy,testLocate/0,strategy,1
/home/sandro/workspace/sandro/MLCQCodeSmellSamples/scripts/../dataset/commons-configuration_34357e075d63c3634310878636f9498847badcab/src/test/java/org/apache/commons/configuration2/io/TestFileSystemLocationStrategy.java,org.apache.commons.configuration2.io.TestFileSystemLocationStrategy,setUp/0,strategy,1
/home/sandro/workspace/sandro/MLCQCodeSmellSamples/scripts/../dataset/commons-configuration_34357e075d63c3634310878636f9498847badcab/src/test/java/org/apache/commons/configuration2/builder/TestBasicConfigurationBuilder.java,org.apache.commons.configuration2.builder.TestBasicConfigurationBuilder,setUpBeforeClass/0,listHandler,1
/home/sandro/workspace/sandro/MLCQCodeSmellSamples/scripts/../dataset/commons-configuration_34357e075d63c3634310878636f9498847badcab/src/test/java/org/apache/commons/configuration2/builder/TestBasicConfigurationBuilder.java,org.apache.commons.configuration2.builder.TestBasicConfigurationBuilder,testGetConfiguration/0,listHandler,2
/home/sandro/workspace/sandro/MLCQCodeSmellSamples/scripts/../dataset/commons-configuration_34357e075d63c3634310878636f9498847badcab/src/test/java/org/apache/commons/configuration2/builder/TestBasicConfigurationBuilder.java,org.apache.commons.configuration2.builder.TestBasicConfigurationBuilder,testConfigure/0,listHandler,1
/home/sandro/workspace/sandro/MLCQCodeSmellSamples/scripts/../dataset/commons-configuration_34357e075d63c3634310878636f9498847badcab/src/test/java/org/apache/commons/configuration2/builder/TestBasicConfigurationBuilder.java,org.apache.commons.configuration2.builder.TestBasicConfigurationBuilder,createTestParameters/0,listHandler,1
/home/sandro/workspace/sandro/MLCQCodeSmellSamples/scripts/../dataset/commons-configuration_34357e075d63c3634310878636f9498847badcab/src/main/java/org/apache/commons/configuration2/web/ServletConfiguration.java,org.apache.commons.configuration2.web.ServletConfiguration,getPropertyInternal/1[java.lang.String],config,1
/home/sandro/workspace/sandro/MLCQCodeSmellSamples/scripts/../dataset/commons-configuration_34357e075d63c3634310878636f9498847badcab/src/main/java/org/apache/commons/configuration2/web/ServletConfiguration.java,org.apache.commons.configuration2.web.ServletConfiguration,getKeysInternal/0,config,1
/home/sandro/workspace/sandro/MLCQCodeSmellSamples/scripts/../dataset/commons-configuration_34357e075d63c3634310878636f9498847badcab/src/main/java/org/apache/commons/configuration2/web/ServletConfiguration.java,org.apache.commons.configuration2.web.ServletConfiguration,ServletConfiguration/1[org.apache.commons.configuration2.web.ServletConfig],config,4
/home/sandro/workspace/sandro/MLCQCodeSmellSamples/scripts/../dataset/commons-configuration_34357e075d63c3634310878636f9498847badcab/src/test/java/org/apache/commons/configuration2/tree/TestTrackedNodeModel.java,org.apache.commons.configuration2.tree.TestTrackedNodeModel,expectGetNodeHandler/0,selector,1
/home/sandro/workspace/sandro/MLCQCodeSmellSamples/scripts/../dataset/commons-configuration_34357e075d63c3634310878636f9498847badcab/src/test/java/org/apache/commons/configuration2/tree/TestTrackedNodeModel.java,org.apache.commons.configuration2.tree.TestTrackedNodeModel,expectGetNodeHandler/0,parentModel,1
/home/sandro/workspace/sandro/MLCQCodeSmellSamples/scripts/../dataset/commons-configuration_34357e075d63c3634310878636f9498847badcab/src/test/java/org/apache/commons/configuration2/tree/TestTrackedNodeModel.java,org.apache.commons.configuration2.tree.TestTrackedNodeModel,testCloseMultipleTimes/0,selector,1
/home/sandro/workspace/sandro/MLCQCodeSmellSamples/scripts/../dataset/commons-configuration_34357e075d63c3634310878636f9498847badcab/src/test/java/org/apache/commons/configuration2/tree/TestTrackedNodeModel.java,org.apache.commons.configuration2.tree.TestTrackedNodeModel,testCloseMultipleTimes/0,parentModel,3
/home/sandro/workspace/sandro/MLCQCodeSmellSamples/scripts/../dataset/commons-configuration_34357e075d63c3634310878636f9498847badcab/src/test/java/org/apache/commons/configuration2/tree/TestTrackedNodeModel.java,org.apache.commons.configuration2.tree.TestTrackedNodeModel,testClear/0,resolver,2
/home/sandro/workspace/sandro/MLCQCodeSmellSamples/scripts/../dataset/commons-configuration_34357e075d63c3634310878636f9498847badcab/src/test/java/org/apache/commons/configuration2/tree/TestTrackedNodeModel.java,org.apache.commons.configuration2.tree.TestTrackedNodeModel,testClear/0,selector,1
/home/sandro/workspace/sandro/MLCQCodeSmellSamples/scripts/../dataset/commons-configuration_34357e075d63c3634310878636f9498847badcab/src/test/java/org/apache/commons/configuration2/tree/TestTrackedNodeModel.java,org.apache.commons.configuration2.tree.TestTrackedNodeModel,testClear/0,parentModel,3
/home/sandro/workspace/sandro/MLCQCodeSmellSamples/scripts/../dataset/commons-configuration_34357e075d63c3634310878636f9498847badcab/src/test/java/org/apache/commons/configuration2/tree/TestTrackedNodeModel.java,org.apache.commons.configuration2.tree.TestTrackedNodeModel,testClearTree/0,resolver,2
/home/sandro/workspace/sandro/MLCQCodeSmellSamples/scripts/../dataset/commons-configuration_34357e075d63c3634310878636f9498847badcab/src/test/java/org/apache/commons/configuration2/tree/TestTrackedNodeModel.java,org.apache.commons.configuration2.tree.TestTrackedNodeModel,testClearTree/0,selector,1
/home/sandro/workspace/sandro/MLCQCodeSmellSamples/scripts/../dataset/commons-configuration_34357e075d63c3634310878636f9498847badcab/src/test/java/org/apache/commons/configuration2/tree/TestTrackedNodeModel.java,org.apache.commons.configuration2.tree.TestTrackedNodeModel,testClearTree/0,parentModel,3
/home/sandro/workspace/sandro/MLCQCodeSmellSamples/scripts/../dataset/commons-configuration_34357e075d63c3634310878636f9498847badcab/src/test/java/org/apache/commons/configuration2/tree/TestTrackedNodeModel.java,org.apache.commons.configuration2.tree.TestTrackedNodeModel,testClearTree/0,KEY,2
/home/sandro/workspace/sandro/MLCQCodeSmellSamples/scripts/../dataset/commons-configuration_34357e075d63c3634310878636f9498847badcab/src/test/java/org/apache/commons/configuration2/tree/TestTrackedNodeModel.java,org.apache.commons.configuration2.tree.TestTrackedNodeModel,testClearProperty/0,resolver,2
/home/sandro/workspace/sandro/MLCQCodeSmellSamples/scripts/../dataset/commons-configuration_34357e075d63c3634310878636f9498847badcab/src/test/java/org/apache/commons/configuration2/tree/TestTrackedNodeModel.java,org.apache.commons.configuration2.tree.TestTrackedNodeModel,testClearProperty/0,selector,1
/home/sandro/workspace/sandro/MLCQCodeSmellSamples/scripts/../dataset/commons-configuration_34357e075d63c3634310878636f9498847badcab/src/test/java/org/apache/commons/configuration2/tree/TestTrackedNodeModel.java,org.apache.commons.configuration2.tree.TestTrackedNodeModel,testClearProperty/0,parentModel,3
/home/sandro/workspace/sandro/MLCQCodeSmellSamples/scripts/../dataset/commons-configuration_34357e075d63c3634310878636f9498847badcab/src/test/java/org/apache/commons/configuration2/tree/TestTrackedNodeModel.java,org.apache.commons.configuration2.tree.TestTrackedNodeModel,testClearProperty/0,KEY,2
/home/sandro/workspace/sandro/MLCQCodeSmellSamples/scripts/../dataset/commons-configuration_34357e075d63c3634310878636f9498847badcab/src/test/java/org/apache/commons/configuration2/tree/TestTrackedNodeModel.java,org.apache.commons.configuration2.tree.TestTrackedNodeModel,testInitNoSelector/0,modelSupport,1
/home/sandro/workspace/sandro/MLCQCodeSmellSamples/scripts/../dataset/commons-configuration_34357e075d63c3634310878636f9498847badcab/src/test/java/org/apache/commons/configuration2/tree/TestTrackedNodeModel.java,org.apache.commons.configuration2.tree.TestTrackedNodeModel,testSetRootNode/0,selector,1
/home/sandro/workspace/sandro/MLCQCodeSmellSamples/scripts/../dataset/commons-configuration_34357e075d63c3634310878636f9498847badcab/src/test/java/org/apache/commons/configuration2/tree/TestTrackedNodeModel.java,org.apache.commons.configuration2.tree.TestTrackedNodeModel,testSetRootNode/0,parentModel,3
/home/sandro/workspace/sandro/MLCQCodeSmellSamples/scripts/../dataset/commons-configuration_34357e075d63c3634310878636f9498847badcab/src/test/java/org/apache/commons/configuration2/tree/TestTrackedNodeModel.java,org.apache.commons.configuration2.tree.TestTrackedNodeModel,testSetProperty/0,resolver,2
/home/sandro/workspace/sandro/MLCQCodeSmellSamples/scripts/../dataset/commons-configuration_34357e075d63c3634310878636f9498847badcab/src/test/java/org/apache/commons/configuration2/tree/TestTrackedNodeModel.java,org.apache.commons.configuration2.tree.TestTrackedNodeModel,testSetProperty/0,selector,1
/home/sandro/workspace/sandro/MLCQCodeSmellSamples/scripts/../dataset/commons-configuration_34357e075d63c3634310878636f9498847badcab/src/test/java/org/apache/commons/configuration2/tree/TestTrackedNodeModel.java,org.apache.commons.configuration2.tree.TestTrackedNodeModel,testSetProperty/0,parentModel,3
/home/sandro/workspace/sandro/MLCQCodeSmellSamples/scripts/../dataset/commons-configuration_34357e075d63c3634310878636f9498847badcab/src/test/java/org/apache/commons/configuration2/tree/TestTrackedNodeModel.java,org.apache.commons.configuration2.tree.TestTrackedNodeModel,testSetProperty/0,KEY,2
/home/sandro/workspace/sandro/MLCQCodeSmellSamples/scripts/../dataset/commons-configuration_34357e075d63c3634310878636f9498847badcab/src/test/java/org/apache/commons/configuration2/tree/TestTrackedNodeModel.java,org.apache.commons.configuration2.tree.TestTrackedNodeModel,testInitNoParentModel/0,selector,1
/home/sandro/workspace/sandro/MLCQCodeSmellSamples/scripts/../dataset/commons-configuration_34357e075d63c3634310878636f9498847badcab/src/test/java/org/apache/commons/configuration2/tree/TestTrackedNodeModel.java,org.apache.commons.configuration2.tree.TestTrackedNodeModel,testGetInMemoryRepresentation/0,parentModel,1
/home/sandro/workspace/sandro/MLCQCodeSmellSamples/scripts/../dataset/commons-configuration_34357e075d63c3634310878636f9498847badcab/src/test/java/org/apache/commons/configuration2/tree/TestTrackedNodeModel.java,org.apache.commons.configuration2.tree.TestTrackedNodeModel,setUp/0,modelSupport,3
/home/sandro/workspace/sandro/MLCQCodeSmellSamples/scripts/../dataset/commons-configuration_34357e075d63c3634310878636f9498847badcab/src/test/java/org/apache/commons/configuration2/tree/TestTrackedNodeModel.java,org.apache.commons.configuration2.tree.TestTrackedNodeModel,setUp/0,parentModel,2
/home/sandro/workspace/sandro/MLCQCodeSmellSamples/scripts/../dataset/commons-configuration_34357e075d63c3634310878636f9498847badcab/src/test/java/org/apache/commons/configuration2/tree/TestTrackedNodeModel.java,org.apache.commons.configuration2.tree.TestTrackedNodeModel,setUpBeforeClass/0,resolver,1
/home/sandro/workspace/sandro/MLCQCodeSmellSamples/scripts/../dataset/commons-configuration_34357e075d63c3634310878636f9498847badcab/src/test/java/org/apache/commons/configuration2/tree/TestTrackedNodeModel.java,org.apache.commons.configuration2.tree.TestTrackedNodeModel,setUpBeforeClass/0,selector,1
/home/sandro/workspace/sandro/MLCQCodeSmellSamples/scripts/../dataset/commons-configuration_34357e075d63c3634310878636f9498847badcab/src/test/java/org/apache/commons/configuration2/tree/TestTrackedNodeModel.java,org.apache.commons.configuration2.tree.TestTrackedNodeModel,testAddNodes/0,resolver,2
/home/sandro/workspace/sandro/MLCQCodeSmellSamples/scripts/../dataset/commons-configuration_34357e075d63c3634310878636f9498847badcab/src/test/java/org/apache/commons/configuration2/tree/TestTrackedNodeModel.java,org.apache.commons.configuration2.tree.TestTrackedNodeModel,testAddNodes/0,selector,1
/home/sandro/workspace/sandro/MLCQCodeSmellSamples/scripts/../dataset/commons-configuration_34357e075d63c3634310878636f9498847badcab/src/test/java/org/apache/commons/configuration2/tree/TestTrackedNodeModel.java,org.apache.commons.configuration2.tree.TestTrackedNodeModel,testAddNodes/0,parentModel,3
/home/sandro/workspace/sandro/MLCQCodeSmellSamples/scripts/../dataset/commons-configuration_34357e075d63c3634310878636f9498847badcab/src/test/java/org/apache/commons/configuration2/tree/TestTrackedNodeModel.java,org.apache.commons.configuration2.tree.TestTrackedNodeModel,testAddNodes/0,KEY,2
/home/sandro/workspace/sandro/MLCQCodeSmellSamples/scripts/../dataset/commons-configuration_34357e075d63c3634310878636f9498847badcab/src/test/java/org/apache/commons/configuration2/tree/TestTrackedNodeModel.java,org.apache.commons.configuration2.tree.TestTrackedNodeModel,testClose/0,selector,1
/home/sandro/workspace/sandro/MLCQCodeSmellSamples/scripts/../dataset/commons-configuration_34357e075d63c3634310878636f9498847badcab/src/test/java/org/apache/commons/configuration2/tree/TestTrackedNodeModel.java,org.apache.commons.configuration2.tree.TestTrackedNodeModel,testClose/0,parentModel,3
/home/sandro/workspace/sandro/MLCQCodeSmellSamples/scripts/../dataset/commons-configuration_34357e075d63c3634310878636f9498847badcab/src/test/java/org/apache/commons/configuration2/tree/TestTrackedNodeModel.java,org.apache.commons.configuration2.tree.TestTrackedNodeModel,testGetNodeHandler/0,parentModel,2
/home/sandro/workspace/sandro/MLCQCodeSmellSamples/scripts/../dataset/commons-configuration_34357e075d63c3634310878636f9498847badcab/src/test/java/org/apache/commons/configuration2/tree/TestTrackedNodeModel.java,org.apache.commons.configuration2.tree.TestTrackedNodeModel,testAddProperty/0,resolver,2
/home/sandro/workspace/sandro/MLCQCodeSmellSamples/scripts/../dataset/commons-configuration_34357e075d63c3634310878636f9498847badcab/src/test/java/org/apache/commons/configuration2/tree/TestTrackedNodeModel.java,org.apache.commons.configuration2.tree.TestTrackedNodeModel,testAddProperty/0,selector,1
/home/sandro/workspace/sandro/MLCQCodeSmellSamples/scripts/../dataset/commons-configuration_34357e075d63c3634310878636f9498847badcab/src/test/java/org/apache/commons/configuration2/tree/TestTrackedNodeModel.java,org.apache.commons.configuration2.tree.TestTrackedNodeModel,testAddProperty/0,parentModel,3
/home/sandro/workspace/sandro/MLCQCodeSmellSamples/scripts/../dataset/commons-configuration_34357e075d63c3634310878636f9498847badcab/src/test/java/org/apache/commons/configuration2/tree/TestTrackedNodeModel.java,org.apache.commons.configuration2.tree.TestTrackedNodeModel,testAddProperty/0,KEY,2
/home/sandro/workspace/sandro/MLCQCodeSmellSamples/scripts/../dataset/commons-configuration_34357e075d63c3634310878636f9498847badcab/src/test/java/org/apache/commons/configuration2/tree/TestTrackedNodeModel.java,org.apache.commons.configuration2.tree.TestTrackedNodeModel,setUpModel/0,modelSupport,1
/home/sandro/workspace/sandro/MLCQCodeSmellSamples/scripts/../dataset/commons-configuration_34357e075d63c3634310878636f9498847badcab/src/test/java/org/apache/commons/configuration2/tree/TestTrackedNodeModel.java,org.apache.commons.configuration2.tree.TestTrackedNodeModel,setUpModel/0,selector,1
/home/sandro/workspace/sandro/MLCQCodeSmellSamples/scripts/../dataset/commons-configuration_34357e075d63c3634310878636f9498847badcab/src/main/java/org/apache/commons/configuration2/XMLDocumentHelper.java,org.apache.commons.configuration2.XMLDocumentHelper,getSourceSystemID/0,sourceSystemID,1
/home/sandro/workspace/sandro/MLCQCodeSmellSamples/scripts/../dataset/commons-configuration_34357e075d63c3634310878636f9498847badcab/src/main/java/org/apache/commons/configuration2/XMLDocumentHelper.java,org.apache.commons.configuration2.XMLDocumentHelper,getSourcePublicID/0,sourcePublicID,1
/home/sandro/workspace/sandro/MLCQCodeSmellSamples/scripts/../dataset/commons-configuration_34357e075d63c3634310878636f9498847badcab/src/main/java/org/apache/commons/configuration2/XMLDocumentHelper.java,org.apache.commons.configuration2.XMLDocumentHelper,"XMLDocumentHelper/4[org.w3c.dom.Document,java.util.Map<org.w3c.dom.Node,org.w3c.dom.Node>,java.lang.String,java.lang.String]",sourceSystemID,1
/home/sandro/workspace/sandro/MLCQCodeSmellSamples/scripts/../dataset/commons-configuration_34357e075d63c3634310878636f9498847badcab/src/main/java/org/apache/commons/configuration2/XMLDocumentHelper.java,org.apache.commons.configuration2.XMLDocumentHelper,"XMLDocumentHelper/4[org.w3c.dom.Document,java.util.Map<org.w3c.dom.Node,org.w3c.dom.Node>,java.lang.String,java.lang.String]",document,1
/home/sandro/workspace/sandro/MLCQCodeSmellSamples/scripts/../dataset/commons-configuration_34357e075d63c3634310878636f9498847badcab/src/main/java/org/apache/commons/configuration2/XMLDocumentHelper.java,org.apache.commons.configuration2.XMLDocumentHelper,"XMLDocumentHelper/4[org.w3c.dom.Document,java.util.Map<org.w3c.dom.Node,org.w3c.dom.Node>,java.lang.String,java.lang.String]",elementMapping,1
/home/sandro/workspace/sandro/MLCQCodeSmellSamples/scripts/../dataset/commons-configuration_34357e075d63c3634310878636f9498847badcab/src/main/java/org/apache/commons/configuration2/XMLDocumentHelper.java,org.apache.commons.configuration2.XMLDocumentHelper,"XMLDocumentHelper/4[org.w3c.dom.Document,java.util.Map<org.w3c.dom.Node,org.w3c.dom.Node>,java.lang.String,java.lang.String]",sourcePublicID,1
/home/sandro/workspace/sandro/MLCQCodeSmellSamples/scripts/../dataset/commons-configuration_34357e075d63c3634310878636f9498847badcab/src/main/java/org/apache/commons/configuration2/XMLDocumentHelper.java,org.apache.commons.configuration2.XMLDocumentHelper,getElementMapping/0,elementMapping,1
/home/sandro/workspace/sandro/MLCQCodeSmellSamples/scripts/../dataset/commons-configuration_34357e075d63c3634310878636f9498847badcab/src/main/java/org/apache/commons/configuration2/XMLDocumentHelper.java,org.apache.commons.configuration2.XMLDocumentHelper,getDocument/0,document,1
/home/sandro/workspace/sandro/MLCQCodeSmellSamples/scripts/../dataset/commons-configuration_34357e075d63c3634310878636f9498847badcab/src/test/java/org/apache/commons/configuration2/TestAbstractConfigurationBasicFeatures.java,org.apache.commons.configuration2.TestAbstractConfigurationBasicFeatures$TestConfigurationImpl,containsKeyInternal/1[java.lang.String],config,1
/home/sandro/workspace/sandro/MLCQCodeSmellSamples/scripts/../dataset/commons-configuration_34357e075d63c3634310878636f9498847badcab/src/test/java/org/apache/commons/configuration2/TestAbstractConfigurationBasicFeatures.java,org.apache.commons.configuration2.TestAbstractConfigurationBasicFeatures$TestConfigurationImpl,getPropertyInternal/1[java.lang.String],config,1
/home/sandro/workspace/sandro/MLCQCodeSmellSamples/scripts/../dataset/commons-configuration_34357e075d63c3634310878636f9498847badcab/src/test/java/org/apache/commons/configuration2/TestAbstractConfigurationBasicFeatures.java,org.apache.commons.configuration2.TestAbstractConfigurationBasicFeatures$TestConfigurationImpl,isEmptyInternal/0,config,1
/home/sandro/workspace/sandro/MLCQCodeSmellSamples/scripts/../dataset/commons-configuration_34357e075d63c3634310878636f9498847badcab/src/test/java/org/apache/commons/configuration2/TestAbstractConfigurationBasicFeatures.java,org.apache.commons.configuration2.TestAbstractConfigurationBasicFeatures$TestConfigurationImpl,clearPropertyDirect/1[java.lang.String],config,1
/home/sandro/workspace/sandro/MLCQCodeSmellSamples/scripts/../dataset/commons-configuration_34357e075d63c3634310878636f9498847badcab/src/test/java/org/apache/commons/configuration2/TestAbstractConfigurationBasicFeatures.java,org.apache.commons.configuration2.TestAbstractConfigurationBasicFeatures$TestConfigurationImpl,TestConfigurationImpl/1[org.apache.commons.configuration2.AbstractConfiguration],config,1
/home/sandro/workspace/sandro/MLCQCodeSmellSamples/scripts/../dataset/commons-configuration_34357e075d63c3634310878636f9498847badcab/src/test/java/org/apache/commons/configuration2/TestAbstractConfigurationBasicFeatures.java,org.apache.commons.configuration2.TestAbstractConfigurationBasicFeatures$TestConfigurationImpl,getUnderlyingConfiguration/0,config,1
/home/sandro/workspace/sandro/MLCQCodeSmellSamples/scripts/../dataset/commons-configuration_34357e075d63c3634310878636f9498847badcab/src/test/java/org/apache/commons/configuration2/TestAbstractConfigurationBasicFeatures.java,org.apache.commons.configuration2.TestAbstractConfigurationBasicFeatures$TestConfigurationImpl,getKeysInternal/0,config,1
/home/sandro/workspace/sandro/MLCQCodeSmellSamples/scripts/../dataset/commons-configuration_34357e075d63c3634310878636f9498847badcab/src/test/java/org/apache/commons/configuration2/TestAbstractConfigurationBasicFeatures.java,org.apache.commons.configuration2.TestAbstractConfigurationBasicFeatures$TestConfigurationImpl,"addPropertyDirect/2[java.lang.String,java.lang.Object]",config,1
/home/sandro/workspace/sandro/MLCQCodeSmellSamples/scripts/../dataset/commons-configuration_34357e075d63c3634310878636f9498847badcab/src/main/java/org/apache/commons/configuration2/INIConfiguration.java,org.apache.commons.configuration2.INIConfiguration,"findSeparatorBeforeQuote/2[java.lang.String,int]",SEPARATOR_CHARS,1
/home/sandro/workspace/sandro/MLCQCodeSmellSamples/scripts/../dataset/commons-configuration_34357e075d63c3634310878636f9498847badcab/src/main/java/org/apache/commons/configuration2/INIConfiguration.java,org.apache.commons.configuration2.INIConfiguration,getCommentLeadingCharsUsedInInput/0,commentCharsUsedInInput,1
/home/sandro/workspace/sandro/MLCQCodeSmellSamples/scripts/../dataset/commons-configuration_34357e075d63c3634310878636f9498847badcab/src/main/java/org/apache/commons/configuration2/INIConfiguration.java,org.apache.commons.configuration2.INIConfiguration,lineContinues/1[java.lang.String],LINE_CONT,2
/home/sandro/workspace/sandro/MLCQCodeSmellSamples/scripts/../dataset/commons-configuration_34357e075d63c3634310878636f9498847badcab/src/main/java/org/apache/commons/configuration2/INIConfiguration.java,org.apache.commons.configuration2.INIConfiguration,setCommentLeadingCharsUsedInInput/1[java.lang.String],commentCharsUsedInInput,1
/home/sandro/workspace/sandro/MLCQCodeSmellSamples/scripts/../dataset/commons-configuration_34357e075d63c3634310878636f9498847badcab/src/main/java/org/apache/commons/configuration2/INIConfiguration.java,org.apache.commons.configuration2.INIConfiguration,setSeparatorUsedInInput/1[java.lang.String],separatorUsedInInput,1
/home/sandro/workspace/sandro/MLCQCodeSmellSamples/scripts/../dataset/commons-configuration_34357e075d63c3634310878636f9498847badcab/src/main/java/org/apache/commons/configuration2/INIConfiguration.java,org.apache.commons.configuration2.INIConfiguration,"parseValue/2[java.lang.String,java.io.BufferedReader]",LINE_SEPARATOR,1
/home/sandro/workspace/sandro/MLCQCodeSmellSamples/scripts/../dataset/commons-configuration_34357e075d63c3634310878636f9498847badcab/src/main/java/org/apache/commons/configuration2/INIConfiguration.java,org.apache.commons.configuration2.INIConfiguration,getSeparatorUsedInOutput/0,separatorUsedInOutput,1
/home/sandro/workspace/sandro/MLCQCodeSmellSamples/scripts/../dataset/commons-configuration_34357e075d63c3634310878636f9498847badcab/src/main/java/org/apache/commons/configuration2/INIConfiguration.java,org.apache.commons.configuration2.INIConfiguration,setSeparatorUsedInOutput/1[java.lang.String],separatorUsedInOutput,1
/home/sandro/workspace/sandro/MLCQCodeSmellSamples/scripts/../dataset/commons-configuration_34357e075d63c3634310878636f9498847badcab/src/main/java/org/apache/commons/configuration2/INIConfiguration.java,org.apache.commons.configuration2.INIConfiguration,getSeparatorUsedInInput/0,separatorUsedInInput,1
/home/sandro/workspace/sandro/MLCQCodeSmellSamples/scripts/../dataset/commons-configuration_34357e075d63c3634310878636f9498847badcab/src/main/java/org/apache/commons/configuration2/INIConfiguration.java,org.apache.commons.configuration2.INIConfiguration,findSeparator/1[java.lang.String],QUOTE_CHARACTERS,1
/home/sandro/workspace/sandro/MLCQCodeSmellSamples/scripts/../dataset/commons-configuration_34357e075d63c3634310878636f9498847badcab/src/main/java/org/apache/commons/configuration2/interpol/ExprLookup.java,org.apache.commons.configuration2.interpol.ExprLookup,getVariables/0,variables,1
/home/sandro/workspace/sandro/MLCQCodeSmellSamples/scripts/../dataset/commons-configuration_34357e075d63c3634310878636f9498847badcab/src/main/java/org/apache/commons/configuration2/interpol/ExprLookup.java,org.apache.commons.configuration2.interpol.ExprLookup,setVariableSuffixMatcher/1[java.lang.String],suffixMatcher,1
/home/sandro/workspace/sandro/MLCQCodeSmellSamples/scripts/../dataset/commons-configuration_34357e075d63c3634310878636f9498847badcab/src/main/java/org/apache/commons/configuration2/interpol/ExprLookup.java,org.apache.commons.configuration2.interpol.ExprLookup,setInterpolator/1[org.apache.commons.configuration2.interpol.ConfigurationInterpolator],interpolator,5
/home/sandro/workspace/sandro/MLCQCodeSmellSamples/scripts/../dataset/commons-configuration_34357e075d63c3634310878636f9498847badcab/src/main/java/org/apache/commons/configuration2/interpol/ExprLookup.java,org.apache.commons.configuration2.interpol.ExprLookup,getInterpolator/0,interpolator,1
/home/sandro/workspace/sandro/MLCQCodeSmellSamples/scripts/../dataset/commons-configuration_34357e075d63c3634310878636f9498847badcab/src/main/java/org/apache/commons/configuration2/interpol/ExprLookup.java,org.apache.commons.configuration2.interpol.ExprLookup,initializeContext/1[org.apache.commons.configuration2.interpol.JexlContext],variables,1
/home/sandro/workspace/sandro/MLCQCodeSmellSamples/scripts/../dataset/commons-configuration_34357e075d63c3634310878636f9498847badcab/src/main/java/org/apache/commons/configuration2/interpol/ExprLookup.java,org.apache.commons.configuration2.interpol.ExprLookup,setVariables/1[org.apache.commons.configuration2.interpol.ExprLookup.Variables],variables,1
/home/sandro/workspace/sandro/MLCQCodeSmellSamples/scripts/../dataset/commons-configuration_34357e075d63c3634310878636f9498847badcab/src/main/java/org/apache/commons/configuration2/interpol/ExprLookup.java,org.apache.commons.configuration2.interpol.ExprLookup,setLogger/1[org.apache.commons.configuration2.io.ConfigurationLogger],logger,4
/home/sandro/workspace/sandro/MLCQCodeSmellSamples/scripts/../dataset/commons-configuration_34357e075d63c3634310878636f9498847badcab/src/main/java/org/apache/commons/configuration2/interpol/ExprLookup.java,org.apache.commons.configuration2.interpol.ExprLookup,lookup/1[java.lang.String],substitutor,2
/home/sandro/workspace/sandro/MLCQCodeSmellSamples/scripts/../dataset/commons-configuration_34357e075d63c3634310878636f9498847badcab/src/main/java/org/apache/commons/configuration2/interpol/ExprLookup.java,org.apache.commons.configuration2.interpol.ExprLookup,lookup/1[java.lang.String],engine,1
/home/sandro/workspace/sandro/MLCQCodeSmellSamples/scripts/../dataset/commons-configuration_34357e075d63c3634310878636f9498847badcab/src/main/java/org/apache/commons/configuration2/interpol/ExprLookup.java,org.apache.commons.configuration2.interpol.ExprLookup,setVariablePrefixMatcher/1[java.lang.String],prefixMatcher,1
/home/sandro/workspace/sandro/MLCQCodeSmellSamples/scripts/../dataset/commons-configuration_34357e075d63c3634310878636f9498847badcab/src/main/java/org/apache/commons/configuration2/interpol/ExprLookup.java,org.apache.commons.configuration2.interpol.ExprLookup,getLogger/0,logger,1
/home/sandro/workspace/sandro/MLCQCodeSmellSamples/scripts/../dataset/commons-configuration_34357e075d63c3634310878636f9498847badcab/src/main/java/org/apache/commons/configuration2/interpol/ExprLookup.java,org.apache.commons.configuration2.interpol.ExprLookup,installSubstitutor/1[org.apache.commons.configuration2.interpol.ConfigurationInterpolator],substitutor,2
/home/sandro/workspace/sandro/MLCQCodeSmellSamples/scripts/../dataset/commons-configuration_34357e075d63c3634310878636f9498847badcab/src/main/java/org/apache/commons/configuration2/interpol/ExprLookup.java,org.apache.commons.configuration2.interpol.ExprLookup,installSubstitutor/1[org.apache.commons.configuration2.interpol.ConfigurationInterpolator],prefixMatcher,1
/home/sandro/workspace/sandro/MLCQCodeSmellSamples/scripts/../dataset/commons-configuration_34357e075d63c3634310878636f9498847badcab/src/main/java/org/apache/commons/configuration2/interpol/ExprLookup.java,org.apache.commons.configuration2.interpol.ExprLookup,installSubstitutor/1[org.apache.commons.configuration2.interpol.ConfigurationInterpolator],suffixMatcher,1
/home/sandro/workspace/sandro/MLCQCodeSmellSamples/scripts/../dataset/commons-configuration_34357e075d63c3634310878636f9498847badcab/src/main/java/org/apache/commons/configuration2/plist/PropertyListConfiguration.java,org.apache.commons.configuration2.plist.PropertyListConfiguration$DateSeparatorParser,"parseComponent/3[java.lang.String,int,java.util.Calendar]",separator,4
/home/sandro/workspace/sandro/MLCQCodeSmellSamples/scripts/../dataset/commons-configuration_34357e075d63c3634310878636f9498847badcab/src/main/java/org/apache/commons/configuration2/plist/PropertyListConfiguration.java,org.apache.commons.configuration2.plist.PropertyListConfiguration$DateSeparatorParser,DateSeparatorParser/1[java.lang.String],separator,1
/home/sandro/workspace/sandro/MLCQCodeSmellSamples/scripts/../dataset/commons-configuration_34357e075d63c3634310878636f9498847badcab/src/main/java/org/apache/commons/configuration2/plist/PropertyListConfiguration.java,org.apache.commons.configuration2.plist.PropertyListConfiguration$DateSeparatorParser,"formatComponent/2[java.lang.StringBuilder,java.util.Calendar]",separator,1
/home/sandro/workspace/sandro/MLCQCodeSmellSamples/scripts/../dataset/commons-configuration_34357e075d63c3634310878636f9498847badcab/src/main/java/org/apache/commons/configuration2/builder/combined/CombinedConfigurationBuilderProvider.java,org.apache.commons.configuration2.builder.combined.CombinedConfigurationBuilderProvider,CombinedConfigurationBuilderProvider/0,BUILDER_CLASS,1
/home/sandro/workspace/sandro/MLCQCodeSmellSamples/scripts/../dataset/commons-configuration_34357e075d63c3634310878636f9498847badcab/src/main/java/org/apache/commons/configuration2/builder/combined/CombinedConfigurationBuilderProvider.java,org.apache.commons.configuration2.builder.combined.CombinedConfigurationBuilderProvider,CombinedConfigurationBuilderProvider/0,CONFIGURATION_CLASS,1
/home/sandro/workspace/sandro/MLCQCodeSmellSamples/scripts/../dataset/commons-configuration_34357e075d63c3634310878636f9498847badcab/src/main/java/org/apache/commons/configuration2/builder/combined/CombinedConfigurationBuilderProvider.java,org.apache.commons.configuration2.builder.combined.CombinedConfigurationBuilderProvider,CombinedConfigurationBuilderProvider/0,FILE_PARAMS,1
/home/sandro/workspace/sandro/MLCQCodeSmellSamples/scripts/../dataset/commons-configuration_34357e075d63c3634310878636f9498847badcab/src/main/java/org/apache/commons/configuration2/builder/combined/CombinedConfigurationBuilderProvider.java,org.apache.commons.configuration2.builder.combined.CombinedConfigurationBuilderProvider,CombinedConfigurationBuilderProvider/0,RELOADING_BUILDER_CLASS,1
/home/sandro/workspace/sandro/MLCQCodeSmellSamples/scripts/../dataset/commons-configuration_34357e075d63c3634310878636f9498847badcab/src/main/java/org/apache/commons/configuration2/builder/combined/CombinedConfigurationBuilderProvider.java,org.apache.commons.configuration2.builder.combined.CombinedConfigurationBuilderProvider,CombinedConfigurationBuilderProvider/0,COMBINED_PARAMS,1
/home/sandro/workspace/sandro/MLCQCodeSmellSamples/scripts/../dataset/commons-configuration_34357e075d63c3634310878636f9498847badcab/src/main/java/org/apache/commons/configuration2/SubsetConfiguration.java,org.apache.commons.configuration2.SubsetConfiguration,containsKeyInternal/1[java.lang.String],parent,1
/home/sandro/workspace/sandro/MLCQCodeSmellSamples/scripts/../dataset/commons-configuration_34357e075d63c3634310878636f9498847badcab/src/main/java/org/apache/commons/configuration2/SubsetConfiguration.java,org.apache.commons.configuration2.SubsetConfiguration,getPrefix/0,prefix,1
/home/sandro/workspace/sandro/MLCQCodeSmellSamples/scripts/../dataset/commons-configuration_34357e075d63c3634310878636f9498847badcab/src/main/java/org/apache/commons/configuration2/SubsetConfiguration.java,org.apache.commons.configuration2.SubsetConfiguration,"SubsetConfiguration/2[org.apache.commons.configuration2.Configuration,java.lang.String]",parent,3
/home/sandro/workspace/sandro/MLCQCodeSmellSamples/scripts/../dataset/commons-configuration_34357e075d63c3634310878636f9498847badcab/src/main/java/org/apache/commons/configuration2/SubsetConfiguration.java,org.apache.commons.configuration2.SubsetConfiguration,"SubsetConfiguration/2[org.apache.commons.configuration2.Configuration,java.lang.String]",prefix,3
/home/sandro/workspace/sandro/MLCQCodeSmellSamples/scripts/../dataset/commons-configuration_34357e075d63c3634310878636f9498847badcab/src/main/java/org/apache/commons/configuration2/SubsetConfiguration.java,org.apache.commons.configuration2.SubsetConfiguration,setPrefix/1[java.lang.String],prefix,4
/home/sandro/workspace/sandro/MLCQCodeSmellSamples/scripts/../dataset/commons-configuration_34357e075d63c3634310878636f9498847badcab/src/main/java/org/apache/commons/configuration2/SubsetConfiguration.java,org.apache.commons.configuration2.SubsetConfiguration,getKeysInternal/0,parent,1
/home/sandro/workspace/sandro/MLCQCodeSmellSamples/scripts/../dataset/commons-configuration_34357e075d63c3634310878636f9498847badcab/src/main/java/org/apache/commons/configuration2/SubsetConfiguration.java,org.apache.commons.configuration2.SubsetConfiguration,getKeysInternal/0,prefix,1
/home/sandro/workspace/sandro/MLCQCodeSmellSamples/scripts/../dataset/commons-configuration_34357e075d63c3634310878636f9498847badcab/src/main/java/org/apache/commons/configuration2/SubsetConfiguration.java,org.apache.commons.configuration2.SubsetConfiguration,getParent/0,parent,1
/home/sandro/workspace/sandro/MLCQCodeSmellSamples/scripts/../dataset/commons-configuration_34357e075d63c3634310878636f9498847badcab/src/main/java/org/apache/commons/configuration2/SubsetConfiguration.java,org.apache.commons.configuration2.SubsetConfiguration,setThrowExceptionOnMissing/1[boolean],parent,2
/home/sandro/workspace/sandro/MLCQCodeSmellSamples/scripts/../dataset/commons-configuration_34357e075d63c3634310878636f9498847badcab/src/main/java/org/apache/commons/configuration2/SubsetConfiguration.java,org.apache.commons.configuration2.SubsetConfiguration,"addPropertyDirect/2[java.lang.String,java.lang.Object]",parent,1
/home/sandro/workspace/sandro/MLCQCodeSmellSamples/scripts/../dataset/commons-configuration_34357e075d63c3634310878636f9498847badcab/src/main/java/org/apache/commons/configuration2/SubsetConfiguration.java,org.apache.commons.configuration2.SubsetConfiguration,getChildKey/1[java.lang.String],prefix,3
/home/sandro/workspace/sandro/MLCQCodeSmellSamples/scripts/../dataset/commons-configuration_34357e075d63c3634310878636f9498847badcab/src/main/java/org/apache/commons/configuration2/SubsetConfiguration.java,org.apache.commons.configuration2.SubsetConfiguration,getChildKey/1[java.lang.String],delimiter,2
/home/sandro/workspace/sandro/MLCQCodeSmellSamples/scripts/../dataset/commons-configuration_34357e075d63c3634310878636f9498847badcab/src/main/java/org/apache/commons/configuration2/SubsetConfiguration.java,org.apache.commons.configuration2.SubsetConfiguration,getKeysInternal/1[java.lang.String],parent,1
/home/sandro/workspace/sandro/MLCQCodeSmellSamples/scripts/../dataset/commons-configuration_34357e075d63c3634310878636f9498847badcab/src/main/java/org/apache/commons/configuration2/SubsetConfiguration.java,org.apache.commons.configuration2.SubsetConfiguration,getKeysInternal/1[java.lang.String],prefix,2
/home/sandro/workspace/sandro/MLCQCodeSmellSamples/scripts/../dataset/commons-configuration_34357e075d63c3634310878636f9498847badcab/src/main/java/org/apache/commons/configuration2/SubsetConfiguration.java,org.apache.commons.configuration2.SubsetConfiguration,subset/1[java.lang.String],parent,1
/home/sandro/workspace/sandro/MLCQCodeSmellSamples/scripts/../dataset/commons-configuration_34357e075d63c3634310878636f9498847badcab/src/main/java/org/apache/commons/configuration2/SubsetConfiguration.java,org.apache.commons.configuration2.SubsetConfiguration,subset/1[java.lang.String],prefix,2
/home/sandro/workspace/sandro/MLCQCodeSmellSamples/scripts/../dataset/commons-configuration_34357e075d63c3634310878636f9498847badcab/src/main/java/org/apache/commons/configuration2/SubsetConfiguration.java,org.apache.commons.configuration2.SubsetConfiguration,isThrowExceptionOnMissing/0,parent,2
/home/sandro/workspace/sandro/MLCQCodeSmellSamples/scripts/../dataset/commons-configuration_34357e075d63c3634310878636f9498847badcab/src/main/java/org/apache/commons/configuration2/SubsetConfiguration.java,org.apache.commons.configuration2.SubsetConfiguration,setListDelimiterHandler/1[org.apache.commons.configuration2.convert.ListDelimiterHandler],parent,2
/home/sandro/workspace/sandro/MLCQCodeSmellSamples/scripts/../dataset/commons-configuration_34357e075d63c3634310878636f9498847badcab/src/main/java/org/apache/commons/configuration2/SubsetConfiguration.java,org.apache.commons.configuration2.SubsetConfiguration,"SubsetConfiguration/3[org.apache.commons.configuration2.Configuration,java.lang.String,java.lang.String]",parent,5
/home/sandro/workspace/sandro/MLCQCodeSmellSamples/scripts/../dataset/commons-configuration_34357e075d63c3634310878636f9498847badcab/src/main/java/org/apache/commons/configuration2/SubsetConfiguration.java,org.apache.commons.configuration2.SubsetConfiguration,"SubsetConfiguration/3[org.apache.commons.configuration2.Configuration,java.lang.String,java.lang.String]",prefix,4
/home/sandro/workspace/sandro/MLCQCodeSmellSamples/scripts/../dataset/commons-configuration_34357e075d63c3634310878636f9498847badcab/src/main/java/org/apache/commons/configuration2/SubsetConfiguration.java,org.apache.commons.configuration2.SubsetConfiguration,"SubsetConfiguration/3[org.apache.commons.configuration2.Configuration,java.lang.String,java.lang.String]",delimiter,4
/home/sandro/workspace/sandro/MLCQCodeSmellSamples/scripts/../dataset/commons-configuration_34357e075d63c3634310878636f9498847badcab/src/main/java/org/apache/commons/configuration2/SubsetConfiguration.java,org.apache.commons.configuration2.SubsetConfiguration,clearPropertyDirect/1[java.lang.String],parent,1
/home/sandro/workspace/sandro/MLCQCodeSmellSamples/scripts/../dataset/commons-configuration_34357e075d63c3634310878636f9498847badcab/src/main/java/org/apache/commons/configuration2/SubsetConfiguration.java,org.apache.commons.configuration2.SubsetConfiguration,getPropertyInternal/1[java.lang.String],parent,1
/home/sandro/workspace/sandro/MLCQCodeSmellSamples/scripts/../dataset/commons-configuration_34357e075d63c3634310878636f9498847badcab/src/main/java/org/apache/commons/configuration2/SubsetConfiguration.java,org.apache.commons.configuration2.SubsetConfiguration,getListDelimiterHandler/0,parent,2
/home/sandro/workspace/sandro/MLCQCodeSmellSamples/scripts/../dataset/commons-configuration_34357e075d63c3634310878636f9498847badcab/src/main/java/org/apache/commons/configuration2/SubsetConfiguration.java,org.apache.commons.configuration2.SubsetConfiguration,getParentKey/1[java.lang.String],prefix,3
/home/sandro/workspace/sandro/MLCQCodeSmellSamples/scripts/../dataset/commons-configuration_34357e075d63c3634310878636f9498847badcab/src/main/java/org/apache/commons/configuration2/SubsetConfiguration.java,org.apache.commons.configuration2.SubsetConfiguration,getParentKey/1[java.lang.String],delimiter,2
/home/sandro/workspace/sandro/MLCQCodeSmellSamples/scripts/../dataset/commons-configuration_34357e075d63c3634310878636f9498847badcab/src/main/java/org/apache/commons/configuration2/io/FileSystem.java,org.apache.commons.configuration2.io.FileSystem,setFileOptionsProvider/1[org.apache.commons.configuration2.io.FileOptionsProvider],optionsProvider,1
/home/sandro/workspace/sandro/MLCQCodeSmellSamples/scripts/../dataset/commons-configuration_34357e075d63c3634310878636f9498847badcab/src/main/java/org/apache/commons/configuration2/io/FileSystem.java,org.apache.commons.configuration2.io.FileSystem,getFileOptionsProvider/0,optionsProvider,1
/home/sandro/workspace/sandro/MLCQCodeSmellSamples/scripts/../dataset/commons-configuration_34357e075d63c3634310878636f9498847badcab/src/main/java/org/apache/commons/configuration2/io/FileSystem.java,org.apache.commons.configuration2.io.FileSystem,getLogger/0,log,1
/home/sandro/workspace/sandro/MLCQCodeSmellSamples/scripts/../dataset/commons-configuration_34357e075d63c3634310878636f9498847badcab/src/main/java/org/apache/commons/configuration2/io/FileSystem.java,org.apache.commons.configuration2.io.FileSystem,getLogger/0,DEFAULT_LOG,1
/home/sandro/workspace/sandro/MLCQCodeSmellSamples/scripts/../dataset/commons-configuration_34357e075d63c3634310878636f9498847badcab/src/main/java/org/apache/commons/configuration2/io/FileSystem.java,org.apache.commons.configuration2.io.FileSystem,setLogger/1[org.apache.commons.configuration2.io.ConfigurationLogger],log,4
/home/sandro/workspace/sandro/MLCQCodeSmellSamples/scripts/../dataset/commons-configuration_34357e075d63c3634310878636f9498847badcab/src/test/java/org/apache/commons/configuration2/TestBaseNullConfiguration.java,org.apache.commons.configuration2.TestBaseNullConfiguration,testGetFloatIncompatibleType/0,config,2
/home/sandro/workspace/sandro/MLCQCodeSmellSamples/scripts/../dataset/commons-configuration_34357e075d63c3634310878636f9498847badcab/src/test/java/org/apache/commons/configuration2/TestBaseNullConfiguration.java,org.apache.commons.configuration2.TestBaseNullConfiguration,testGetLongUnknown/0,config,1
/home/sandro/workspace/sandro/MLCQCodeSmellSamples/scripts/../dataset/commons-configuration_34357e075d63c3634310878636f9498847badcab/src/test/java/org/apache/commons/configuration2/TestBaseNullConfiguration.java,org.apache.commons.configuration2.TestBaseNullConfiguration,testGetDoubleUnknown/0,config,1
/home/sandro/workspace/sandro/MLCQCodeSmellSamples/scripts/../dataset/commons-configuration_34357e075d63c3634310878636f9498847badcab/src/test/java/org/apache/commons/configuration2/TestBaseNullConfiguration.java,org.apache.commons.configuration2.TestBaseNullConfiguration,testGetLongIncompatibleTypes/0,config,2
/home/sandro/workspace/sandro/MLCQCodeSmellSamples/scripts/../dataset/commons-configuration_34357e075d63c3634310878636f9498847badcab/src/test/java/org/apache/commons/configuration2/TestBaseNullConfiguration.java,org.apache.commons.configuration2.TestBaseNullConfiguration,testGetDoubleIncompatibleType/0,config,2
/home/sandro/workspace/sandro/MLCQCodeSmellSamples/scripts/../dataset/commons-configuration_34357e075d63c3634310878636f9498847badcab/src/test/java/org/apache/commons/configuration2/TestBaseNullConfiguration.java,org.apache.commons.configuration2.TestBaseNullConfiguration,testGetShortUnknown/0,config,1
/home/sandro/workspace/sandro/MLCQCodeSmellSamples/scripts/../dataset/commons-configuration_34357e075d63c3634310878636f9498847badcab/src/test/java/org/apache/commons/configuration2/TestBaseNullConfiguration.java,org.apache.commons.configuration2.TestBaseNullConfiguration,testGetByteUnknown/0,config,1
/home/sandro/workspace/sandro/MLCQCodeSmellSamples/scripts/../dataset/commons-configuration_34357e075d63c3634310878636f9498847badcab/src/test/java/org/apache/commons/configuration2/TestBaseNullConfiguration.java,org.apache.commons.configuration2.TestBaseNullConfiguration,testGetShort/0,config,5
/home/sandro/workspace/sandro/MLCQCodeSmellSamples/scripts/../dataset/commons-configuration_34357e075d63c3634310878636f9498847badcab/src/test/java/org/apache/commons/configuration2/TestBaseNullConfiguration.java,org.apache.commons.configuration2.TestBaseNullConfiguration,testGetBoolean/0,config,5
/home/sandro/workspace/sandro/MLCQCodeSmellSamples/scripts/../dataset/commons-configuration_34357e075d63c3634310878636f9498847badcab/src/test/java/org/apache/commons/configuration2/TestBaseNullConfiguration.java,org.apache.commons.configuration2.TestBaseNullConfiguration,testGetList/0,config,3
/home/sandro/workspace/sandro/MLCQCodeSmellSamples/scripts/../dataset/commons-configuration_34357e075d63c3634310878636f9498847badcab/src/test/java/org/apache/commons/configuration2/TestBaseNullConfiguration.java,org.apache.commons.configuration2.TestBaseNullConfiguration,testGetBigIntegerUnknown/0,config,1
/home/sandro/workspace/sandro/MLCQCodeSmellSamples/scripts/../dataset/commons-configuration_34357e075d63c3634310878636f9498847badcab/src/test/java/org/apache/commons/configuration2/TestBaseNullConfiguration.java,org.apache.commons.configuration2.TestBaseNullConfiguration,testGetShortIncompatibleType/0,config,2
/home/sandro/workspace/sandro/MLCQCodeSmellSamples/scripts/../dataset/commons-configuration_34357e075d63c3634310878636f9498847badcab/src/test/java/org/apache/commons/configuration2/TestBaseNullConfiguration.java,org.apache.commons.configuration2.TestBaseNullConfiguration,testCommaSeparatedString/0,config,2
/home/sandro/workspace/sandro/MLCQCodeSmellSamples/scripts/../dataset/commons-configuration_34357e075d63c3634310878636f9498847badcab/src/test/java/org/apache/commons/configuration2/TestBaseNullConfiguration.java,org.apache.commons.configuration2.TestBaseNullConfiguration,testGetByteIncompatibleType/0,config,2
/home/sandro/workspace/sandro/MLCQCodeSmellSamples/scripts/../dataset/commons-configuration_34357e075d63c3634310878636f9498847badcab/src/test/java/org/apache/commons/configuration2/TestBaseNullConfiguration.java,org.apache.commons.configuration2.TestBaseNullConfiguration,testGetProperty/0,config,4
/home/sandro/workspace/sandro/MLCQCodeSmellSamples/scripts/../dataset/commons-configuration_34357e075d63c3634310878636f9498847badcab/src/test/java/org/apache/commons/configuration2/TestBaseNullConfiguration.java,org.apache.commons.configuration2.TestBaseNullConfiguration,testGetString/0,config,4
/home/sandro/workspace/sandro/MLCQCodeSmellSamples/scripts/../dataset/commons-configuration_34357e075d63c3634310878636f9498847badcab/src/test/java/org/apache/commons/configuration2/TestBaseNullConfiguration.java,org.apache.commons.configuration2.TestBaseNullConfiguration,testInterpolationLoop/0,config,3
/home/sandro/workspace/sandro/MLCQCodeSmellSamples/scripts/../dataset/commons-configuration_34357e075d63c3634310878636f9498847badcab/src/test/java/org/apache/commons/configuration2/TestBaseNullConfiguration.java,org.apache.commons.configuration2.TestBaseNullConfiguration,testGetBigIntegerIncompatibleType/0,config,2
/home/sandro/workspace/sandro/MLCQCodeSmellSamples/scripts/../dataset/commons-configuration_34357e075d63c3634310878636f9498847badcab/src/test/java/org/apache/commons/configuration2/TestBaseNullConfiguration.java,org.apache.commons.configuration2.TestBaseNullConfiguration,setUp/0,config,3
/home/sandro/workspace/sandro/MLCQCodeSmellSamples/scripts/../dataset/commons-configuration_34357e075d63c3634310878636f9498847badcab/src/test/java/org/apache/commons/configuration2/TestBaseNullConfiguration.java,org.apache.commons.configuration2.TestBaseNullConfiguration,testGetFloat/0,config,5
/home/sandro/workspace/sandro/MLCQCodeSmellSamples/scripts/../dataset/commons-configuration_34357e075d63c3634310878636f9498847badcab/src/test/java/org/apache/commons/configuration2/TestBaseNullConfiguration.java,org.apache.commons.configuration2.TestBaseNullConfiguration,testCommaSeparatedStringEscaped/0,config,3
/home/sandro/workspace/sandro/MLCQCodeSmellSamples/scripts/../dataset/commons-configuration_34357e075d63c3634310878636f9498847badcab/src/test/java/org/apache/commons/configuration2/TestBaseNullConfiguration.java,org.apache.commons.configuration2.TestBaseNullConfiguration,testPropertyAccess/0,config,6
/home/sandro/workspace/sandro/MLCQCodeSmellSamples/scripts/../dataset/commons-configuration_34357e075d63c3634310878636f9498847badcab/src/test/java/org/apache/commons/configuration2/TestBaseNullConfiguration.java,org.apache.commons.configuration2.TestBaseNullConfiguration,testGetFloatUnknown/0,config,1
/home/sandro/workspace/sandro/MLCQCodeSmellSamples/scripts/../dataset/commons-configuration_34357e075d63c3634310878636f9498847badcab/src/test/java/org/apache/commons/configuration2/TestBaseNullConfiguration.java,org.apache.commons.configuration2.TestBaseNullConfiguration,testGetByte/0,config,5
/home/sandro/workspace/sandro/MLCQCodeSmellSamples/scripts/../dataset/commons-configuration_34357e075d63c3634310878636f9498847badcab/src/test/java/org/apache/commons/configuration2/TestBaseNullConfiguration.java,org.apache.commons.configuration2.TestBaseNullConfiguration,testGetStringUnknown/0,config,1
/home/sandro/workspace/sandro/MLCQCodeSmellSamples/scripts/../dataset/commons-configuration_34357e075d63c3634310878636f9498847badcab/src/test/java/org/apache/commons/configuration2/TestBaseNullConfiguration.java,org.apache.commons.configuration2.TestBaseNullConfiguration,testGetDouble/0,config,5
/home/sandro/workspace/sandro/MLCQCodeSmellSamples/scripts/../dataset/commons-configuration_34357e075d63c3634310878636f9498847badcab/src/test/java/org/apache/commons/configuration2/TestBaseNullConfiguration.java,org.apache.commons.configuration2.TestBaseNullConfiguration,testInterpolation/0,config,4
/home/sandro/workspace/sandro/MLCQCodeSmellSamples/scripts/../dataset/commons-configuration_34357e075d63c3634310878636f9498847badcab/src/test/java/org/apache/commons/configuration2/TestBaseNullConfiguration.java,org.apache.commons.configuration2.TestBaseNullConfiguration,testGetBigDecimalUnknown/0,config,1
/home/sandro/workspace/sandro/MLCQCodeSmellSamples/scripts/../dataset/commons-configuration_34357e075d63c3634310878636f9498847badcab/src/test/java/org/apache/commons/configuration2/TestBaseNullConfiguration.java,org.apache.commons.configuration2.TestBaseNullConfiguration,testGetBooleanUnknown/0,config,1
/home/sandro/workspace/sandro/MLCQCodeSmellSamples/scripts/../dataset/commons-configuration_34357e075d63c3634310878636f9498847badcab/src/test/java/org/apache/commons/configuration2/TestBaseNullConfiguration.java,org.apache.commons.configuration2.TestBaseNullConfiguration,testGetLong/0,config,5
/home/sandro/workspace/sandro/MLCQCodeSmellSamples/scripts/../dataset/commons-configuration_34357e075d63c3634310878636f9498847badcab/src/test/java/org/apache/commons/configuration2/TestBaseNullConfiguration.java,org.apache.commons.configuration2.TestBaseNullConfiguration,testGetBigDecimalIncompatibleType/0,config,2
/home/sandro/workspace/sandro/MLCQCodeSmellSamples/scripts/../dataset/commons-configuration_34357e075d63c3634310878636f9498847badcab/src/test/java/org/apache/commons/configuration2/TestBaseNullConfiguration.java,org.apache.commons.configuration2.TestBaseNullConfiguration,testGetBigInteger/0,config,4
/home/sandro/workspace/sandro/MLCQCodeSmellSamples/scripts/../dataset/commons-configuration_34357e075d63c3634310878636f9498847badcab/src/test/java/org/apache/commons/configuration2/TestBaseNullConfiguration.java,org.apache.commons.configuration2.TestBaseNullConfiguration,testSubset/0,config,4
/home/sandro/workspace/sandro/MLCQCodeSmellSamples/scripts/../dataset/commons-configuration_34357e075d63c3634310878636f9498847badcab/src/test/java/org/apache/commons/configuration2/TestBaseNullConfiguration.java,org.apache.commons.configuration2.TestBaseNullConfiguration,testGetListAsScalar/0,config,3
/home/sandro/workspace/sandro/MLCQCodeSmellSamples/scripts/../dataset/commons-configuration_34357e075d63c3634310878636f9498847badcab/src/test/java/org/apache/commons/configuration2/TestBaseNullConfiguration.java,org.apache.commons.configuration2.TestBaseNullConfiguration,testMultipleInterpolation/0,config,5
/home/sandro/workspace/sandro/MLCQCodeSmellSamples/scripts/../dataset/commons-configuration_34357e075d63c3634310878636f9498847badcab/src/test/java/org/apache/commons/configuration2/TestBaseNullConfiguration.java,org.apache.commons.configuration2.TestBaseNullConfiguration,testThrowExceptionOnMissing/0,config,1
/home/sandro/workspace/sandro/MLCQCodeSmellSamples/scripts/../dataset/commons-configuration_34357e075d63c3634310878636f9498847badcab/src/test/java/org/apache/commons/configuration2/TestBaseNullConfiguration.java,org.apache.commons.configuration2.TestBaseNullConfiguration,testGetBigDecimal/0,config,4
/home/sandro/workspace/sandro/MLCQCodeSmellSamples/scripts/../dataset/commons-configuration_34357e075d63c3634310878636f9498847badcab/src/test/java/org/apache/commons/configuration2/TestBaseNullConfiguration.java,org.apache.commons.configuration2.TestBaseNullConfiguration,testGetBooleanIncompatibleType/0,config,2
/home/sandro/workspace/sandro/MLCQCodeSmellSamples/scripts/../dataset/commons-configuration_34357e075d63c3634310878636f9498847badcab/src/main/java/org/apache/commons/configuration2/DatabaseConfiguration.java,org.apache.commons.configuration2.DatabaseConfiguration,getValueColumn/0,valueColumn,1
/home/sandro/workspace/sandro/MLCQCodeSmellSamples/scripts/../dataset/commons-configuration_34357e075d63c3634310878636f9498847badcab/src/main/java/org/apache/commons/configuration2/DatabaseConfiguration.java,org.apache.commons.configuration2.DatabaseConfiguration,getConfigurationName/0,configurationName,1
/home/sandro/workspace/sandro/MLCQCodeSmellSamples/scripts/../dataset/commons-configuration_34357e075d63c3634310878636f9498847badcab/src/main/java/org/apache/commons/configuration2/DatabaseConfiguration.java,org.apache.commons.configuration2.DatabaseConfiguration,extractPropertyValue/1[java.sql.ResultSet],valueColumn,1
/home/sandro/workspace/sandro/MLCQCodeSmellSamples/scripts/../dataset/commons-configuration_34357e075d63c3634310878636f9498847badcab/src/main/java/org/apache/commons/configuration2/DatabaseConfiguration.java,org.apache.commons.configuration2.DatabaseConfiguration,getKeyColumn/0,keyColumn,1
/home/sandro/workspace/sandro/MLCQCodeSmellSamples/scripts/../dataset/commons-configuration_34357e075d63c3634310878636f9498847badcab/src/main/java/org/apache/commons/configuration2/DatabaseConfiguration.java,org.apache.commons.configuration2.DatabaseConfiguration,setTable/1[java.lang.String],table,4
/home/sandro/workspace/sandro/MLCQCodeSmellSamples/scripts/../dataset/commons-configuration_34357e075d63c3634310878636f9498847badcab/src/main/java/org/apache/commons/configuration2/DatabaseConfiguration.java,org.apache.commons.configuration2.DatabaseConfiguration,isAutoCommit/0,autoCommit,1
/home/sandro/workspace/sandro/MLCQCodeSmellSamples/scripts/../dataset/commons-configuration_34357e075d63c3634310878636f9498847badcab/src/main/java/org/apache/commons/configuration2/DatabaseConfiguration.java,org.apache.commons.configuration2.DatabaseConfiguration,setValueColumn/1[java.lang.String],valueColumn,4
/home/sandro/workspace/sandro/MLCQCodeSmellSamples/scripts/../dataset/commons-configuration_34357e075d63c3634310878636f9498847badcab/src/main/java/org/apache/commons/configuration2/DatabaseConfiguration.java,org.apache.commons.configuration2.DatabaseConfiguration,getTable/0,table,1
/home/sandro/workspace/sandro/MLCQCodeSmellSamples/scripts/../dataset/commons-configuration_34357e075d63c3634310878636f9498847badcab/src/main/java/org/apache/commons/configuration2/DatabaseConfiguration.java,org.apache.commons.configuration2.DatabaseConfiguration,setConfigurationNameColumn/1[java.lang.String],configurationNameColumn,4
/home/sandro/workspace/sandro/MLCQCodeSmellSamples/scripts/../dataset/commons-configuration_34357e075d63c3634310878636f9498847badcab/src/main/java/org/apache/commons/configuration2/DatabaseConfiguration.java,org.apache.commons.configuration2.DatabaseConfiguration,getConfigurationNameColumn/0,configurationNameColumn,1
/home/sandro/workspace/sandro/MLCQCodeSmellSamples/scripts/../dataset/commons-configuration_34357e075d63c3634310878636f9498847badcab/src/main/java/org/apache/commons/configuration2/DatabaseConfiguration.java,org.apache.commons.configuration2.DatabaseConfiguration,setConfigurationName/1[java.lang.String],configurationName,4
/home/sandro/workspace/sandro/MLCQCodeSmellSamples/scripts/../dataset/commons-configuration_34357e075d63c3634310878636f9498847badcab/src/main/java/org/apache/commons/configuration2/DatabaseConfiguration.java,org.apache.commons.configuration2.DatabaseConfiguration,getDatasource/0,dataSource,1
/home/sandro/workspace/sandro/MLCQCodeSmellSamples/scripts/../dataset/commons-configuration_34357e075d63c3634310878636f9498847badcab/src/main/java/org/apache/commons/configuration2/DatabaseConfiguration.java,org.apache.commons.configuration2.DatabaseConfiguration,setAutoCommit/1[boolean],autoCommit,4
/home/sandro/workspace/sandro/MLCQCodeSmellSamples/scripts/../dataset/commons-configuration_34357e075d63c3634310878636f9498847badcab/src/main/java/org/apache/commons/configuration2/DatabaseConfiguration.java,org.apache.commons.configuration2.DatabaseConfiguration,setKeyColumn/1[java.lang.String],keyColumn,4
/home/sandro/workspace/sandro/MLCQCodeSmellSamples/scripts/../dataset/commons-configuration_34357e075d63c3634310878636f9498847badcab/src/main/java/org/apache/commons/configuration2/DatabaseConfiguration.java,org.apache.commons.configuration2.DatabaseConfiguration,getDataSource/0,dataSource,1
/home/sandro/workspace/sandro/MLCQCodeSmellSamples/scripts/../dataset/commons-configuration_34357e075d63c3634310878636f9498847badcab/src/main/java/org/apache/commons/configuration2/DatabaseConfiguration.java,org.apache.commons.configuration2.DatabaseConfiguration,setDataSource/1[javax.sql.DataSource],dataSource,4
/home/sandro/workspace/sandro/MLCQCodeSmellSamples/scripts/../dataset/commons-configuration_34357e075d63c3634310878636f9498847badcab/src/test/java/org/apache/commons/configuration2/spring/TestConfigurationPropertiesFactoryBean.java,org.apache.commons.configuration2.spring.TestConfigurationPropertiesFactoryBean,setUp/0,configurationFactory,1
/home/sandro/workspace/sandro/MLCQCodeSmellSamples/scripts/../dataset/commons-configuration_34357e075d63c3634310878636f9498847badcab/src/test/java/org/apache/commons/configuration2/spring/TestConfigurationPropertiesFactoryBean.java,org.apache.commons.configuration2.spring.TestConfigurationPropertiesFactoryBean,testMergeConfigurations/0,configurationFactory,3
/home/sandro/workspace/sandro/MLCQCodeSmellSamples/scripts/../dataset/commons-configuration_34357e075d63c3634310878636f9498847badcab/src/test/java/org/apache/commons/configuration2/spring/TestConfigurationPropertiesFactoryBean.java,org.apache.commons.configuration2.spring.TestConfigurationPropertiesFactoryBean,testSetLocationsDefensiveCopy/0,configurationFactory,2
/home/sandro/workspace/sandro/MLCQCodeSmellSamples/scripts/../dataset/commons-configuration_34357e075d63c3634310878636f9498847badcab/src/test/java/org/apache/commons/configuration2/spring/TestConfigurationPropertiesFactoryBean.java,org.apache.commons.configuration2.spring.TestConfigurationPropertiesFactoryBean,testSetLocationsNull/0,configurationFactory,2
/home/sandro/workspace/sandro/MLCQCodeSmellSamples/scripts/../dataset/commons-configuration_34357e075d63c3634310878636f9498847badcab/src/test/java/org/apache/commons/configuration2/spring/TestConfigurationPropertiesFactoryBean.java,org.apache.commons.configuration2.spring.TestConfigurationPropertiesFactoryBean,testGetLocationsDefensiveCopy/0,configurationFactory,3
/home/sandro/workspace/sandro/MLCQCodeSmellSamples/scripts/../dataset/commons-configuration_34357e075d63c3634310878636f9498847badcab/src/test/java/org/apache/commons/configuration2/spring/TestConfigurationPropertiesFactoryBean.java,org.apache.commons.configuration2.spring.TestConfigurationPropertiesFactoryBean,testLoadResources/0,configurationFactory,4
/home/sandro/workspace/sandro/MLCQCodeSmellSamples/scripts/../dataset/commons-configuration_34357e075d63c3634310878636f9498847badcab/src/test/java/org/apache/commons/configuration2/spring/TestConfigurationPropertiesFactoryBean.java,org.apache.commons.configuration2.spring.TestConfigurationPropertiesFactoryBean,testInitialConfiguration/0,configurationFactory,3
/home/sandro/workspace/sandro/MLCQCodeSmellSamples/scripts/../dataset/commons-configuration_34357e075d63c3634310878636f9498847badcab/src/test/java/org/apache/commons/configuration2/spring/TestConfigurationPropertiesFactoryBean.java,org.apache.commons.configuration2.spring.TestConfigurationPropertiesFactoryBean,testSetConfigurationsDefensiveCopy/0,configurationFactory,2
/home/sandro/workspace/sandro/MLCQCodeSmellSamples/scripts/../dataset/commons-configuration_34357e075d63c3634310878636f9498847badcab/src/test/java/org/apache/commons/configuration2/spring/TestConfigurationPropertiesFactoryBean.java,org.apache.commons.configuration2.spring.TestConfigurationPropertiesFactoryBean,testAfterPropertiesSet/0,configurationFactory,1
/home/sandro/workspace/sandro/MLCQCodeSmellSamples/scripts/../dataset/commons-configuration_34357e075d63c3634310878636f9498847badcab/src/test/java/org/apache/commons/configuration2/spring/TestConfigurationPropertiesFactoryBean.java,org.apache.commons.configuration2.spring.TestConfigurationPropertiesFactoryBean,testGetConfigurationDefensiveCopy/0,configurationFactory,3
/home/sandro/workspace/sandro/MLCQCodeSmellSamples/scripts/../dataset/commons-configuration_34357e075d63c3634310878636f9498847badcab/src/test/java/org/apache/commons/configuration2/spring/TestConfigurationPropertiesFactoryBean.java,org.apache.commons.configuration2.spring.TestConfigurationPropertiesFactoryBean,testGetObject/0,configurationFactory,4
/home/sandro/workspace/sandro/MLCQCodeSmellSamples/scripts/../dataset/commons-configuration_34357e075d63c3634310878636f9498847badcab/src/test/java/org/apache/commons/configuration2/spring/TestConfigurationPropertySource.java,org.apache.commons.configuration2.spring.TestConfigurationPropertySource,createConfigPropertySource/0,TEST_PROPERTY,1
/home/sandro/workspace/sandro/MLCQCodeSmellSamples/scripts/../dataset/commons-configuration_34357e075d63c3634310878636f9498847badcab/src/test/java/org/apache/commons/configuration2/spring/TestConfigurationPropertySource.java,org.apache.commons.configuration2.spring.TestConfigurationPropertySource,createConfigPropertySource/0,TEST_VALUE,1
/home/sandro/workspace/sandro/MLCQCodeSmellSamples/scripts/../dataset/commons-configuration_34357e075d63c3634310878636f9498847badcab/src/test/java/org/apache/commons/configuration2/spring/TestConfigurationPropertySource.java,org.apache.commons.configuration2.spring.TestConfigurationPropertySource,testValueInjection/0,TEST_VALUE,1
/home/sandro/workspace/sandro/MLCQCodeSmellSamples/scripts/../dataset/commons-configuration_34357e075d63c3634310878636f9498847badcab/src/test/java/org/apache/commons/configuration2/spring/TestConfigurationPropertySource.java,org.apache.commons.configuration2.spring.TestConfigurationPropertySource,testValueInjection/0,value,1
/home/sandro/workspace/sandro/MLCQCodeSmellSamples/scripts/../dataset/commons-configuration_34357e075d63c3634310878636f9498847badcab/src/test/java/org/apache/commons/configuration2/tree/TestInMemoryNodeModel.java,org.apache.commons.configuration2.tree.TestInMemoryNodeModel,testAddPropertyAttributeNoPathNodes/0,KEY,2
/home/sandro/workspace/sandro/MLCQCodeSmellSamples/scripts/../dataset/commons-configuration_34357e075d63c3634310878636f9498847badcab/src/test/java/org/apache/commons/configuration2/tree/TestInMemoryNodeModel.java,org.apache.commons.configuration2.tree.TestInMemoryNodeModel,testClearTreeRootNode/0,KEY,2
/home/sandro/workspace/sandro/MLCQCodeSmellSamples/scripts/../dataset/commons-configuration_34357e075d63c3634310878636f9498847badcab/src/test/java/org/apache/commons/configuration2/tree/TestInMemoryNodeModel.java,org.apache.commons.configuration2.tree.TestInMemoryNodeModel,testClearPropertyNonExisting/0,KEY,2
/home/sandro/workspace/sandro/MLCQCodeSmellSamples/scripts/../dataset/commons-configuration_34357e075d63c3634310878636f9498847badcab/src/test/java/org/apache/commons/configuration2/tree/TestInMemoryNodeModel.java,org.apache.commons.configuration2.tree.TestInMemoryNodeModel,testSetPropertyChangedValues/0,KEY,2
/home/sandro/workspace/sandro/MLCQCodeSmellSamples/scripts/../dataset/commons-configuration_34357e075d63c3634310878636f9498847badcab/src/test/java/org/apache/commons/configuration2/tree/TestInMemoryNodeModel.java,org.apache.commons.configuration2.tree.TestInMemoryNodeModel,testAddNodesToNewNode/0,KEY,3
/home/sandro/workspace/sandro/MLCQCodeSmellSamples/scripts/../dataset/commons-configuration_34357e075d63c3634310878636f9498847badcab/src/test/java/org/apache/commons/configuration2/tree/TestInMemoryNodeModel.java,org.apache.commons.configuration2.tree.TestInMemoryNodeModel,testClearTreeRemoveUndefinedNodes/0,KEY,2
/home/sandro/workspace/sandro/MLCQCodeSmellSamples/scripts/../dataset/commons-configuration_34357e075d63c3634310878636f9498847badcab/src/test/java/org/apache/commons/configuration2/tree/TestInMemoryNodeModel.java,org.apache.commons.configuration2.tree.TestInMemoryNodeModel,checkAddNodesNoNodes/1[java.util.Collection<org.apache.commons.configuration2.tree.ImmutableNode>],KEY,1
/home/sandro/workspace/sandro/MLCQCodeSmellSamples/scripts/../dataset/commons-configuration_34357e075d63c3634310878636f9498847badcab/src/test/java/org/apache/commons/configuration2/tree/TestInMemoryNodeModel.java,org.apache.commons.configuration2.tree.TestInMemoryNodeModel,testSetPropertyClearValues/0,KEY,2
/home/sandro/workspace/sandro/MLCQCodeSmellSamples/scripts/../dataset/commons-configuration_34357e075d63c3634310878636f9498847badcab/src/test/java/org/apache/commons/configuration2/tree/TestInMemoryNodeModel.java,org.apache.commons.configuration2.tree.TestInMemoryNodeModel,testAddPropertyAttributeWithPathNodes/0,KEY,2
/home/sandro/workspace/sandro/MLCQCodeSmellSamples/scripts/../dataset/commons-configuration_34357e075d63c3634310878636f9498847badcab/src/test/java/org/apache/commons/configuration2/tree/TestInMemoryNodeModel.java,org.apache.commons.configuration2.tree.TestInMemoryNodeModel,testClearTreeNodes/0,KEY,2
/home/sandro/workspace/sandro/MLCQCodeSmellSamples/scripts/../dataset/commons-configuration_34357e075d63c3634310878636f9498847badcab/src/test/java/org/apache/commons/configuration2/tree/TestInMemoryNodeModel.java,org.apache.commons.configuration2.tree.TestInMemoryNodeModel,testAddPropertyWithPathNodes/0,KEY,2
/home/sandro/workspace/sandro/MLCQCodeSmellSamples/scripts/../dataset/commons-configuration_34357e075d63c3634310878636f9498847badcab/src/test/java/org/apache/commons/configuration2/tree/TestInMemoryNodeModel.java,org.apache.commons.configuration2.tree.TestInMemoryNodeModel,testAddNodesToNewAttributeKey/0,KEY,3
/home/sandro/workspace/sandro/MLCQCodeSmellSamples/scripts/../dataset/commons-configuration_34357e075d63c3634310878636f9498847badcab/src/test/java/org/apache/commons/configuration2/tree/TestInMemoryNodeModel.java,org.apache.commons.configuration2.tree.TestInMemoryNodeModel,testAddPropertyNoValues/0,KEY,1
/home/sandro/workspace/sandro/MLCQCodeSmellSamples/scripts/../dataset/commons-configuration_34357e075d63c3634310878636f9498847badcab/src/test/java/org/apache/commons/configuration2/tree/TestInMemoryNodeModel.java,org.apache.commons.configuration2.tree.TestInMemoryNodeModel,testClearTreeUpdateParentReferences/0,KEY,2
/home/sandro/workspace/sandro/MLCQCodeSmellSamples/scripts/../dataset/commons-configuration_34357e075d63c3634310878636f9498847badcab/src/test/java/org/apache/commons/configuration2/tree/TestInMemoryNodeModel.java,org.apache.commons.configuration2.tree.TestInMemoryNodeModel,testAddPropertyNoPathNodes/0,KEY,2
/home/sandro/workspace/sandro/MLCQCodeSmellSamples/scripts/../dataset/commons-configuration_34357e075d63c3634310878636f9498847badcab/src/test/java/org/apache/commons/configuration2/tree/TestInMemoryNodeModel.java,org.apache.commons.configuration2.tree.TestInMemoryNodeModel,testClearPropertyNode/0,KEY,2
/home/sandro/workspace/sandro/MLCQCodeSmellSamples/scripts/../dataset/commons-configuration_34357e075d63c3634310878636f9498847badcab/src/test/java/org/apache/commons/configuration2/tree/TestInMemoryNodeModel.java,org.apache.commons.configuration2.tree.TestInMemoryNodeModel,testClearTreeResultIsEmpty/0,KEY,2
/home/sandro/workspace/sandro/MLCQCodeSmellSamples/scripts/../dataset/commons-configuration_34357e075d63c3634310878636f9498847badcab/src/test/java/org/apache/commons/configuration2/tree/TestInMemoryNodeModel.java,org.apache.commons.configuration2.tree.TestInMemoryNodeModel,testSetPropertyNewValues/0,KEY,4
/home/sandro/workspace/sandro/MLCQCodeSmellSamples/scripts/../dataset/commons-configuration_34357e075d63c3634310878636f9498847badcab/src/test/java/org/apache/commons/configuration2/tree/TestInMemoryNodeModel.java,org.apache.commons.configuration2.tree.TestInMemoryNodeModel,testCompactReplacementMapping/0,KEY,2
/home/sandro/workspace/sandro/MLCQCodeSmellSamples/scripts/../dataset/commons-configuration_34357e075d63c3634310878636f9498847badcab/src/test/java/org/apache/commons/configuration2/tree/TestInMemoryNodeModel.java,org.apache.commons.configuration2.tree.TestInMemoryNodeModel,testClearPropertyAttribute/0,KEY,2
/home/sandro/workspace/sandro/MLCQCodeSmellSamples/scripts/../dataset/commons-configuration_34357e075d63c3634310878636f9498847badcab/src/test/java/org/apache/commons/configuration2/tree/TestInMemoryNodeModel.java,org.apache.commons.configuration2.tree.TestInMemoryNodeModel,testClearTreeNonExistingKey/0,KEY,2
/home/sandro/workspace/sandro/MLCQCodeSmellSamples/scripts/../dataset/commons-configuration_34357e075d63c3634310878636f9498847badcab/src/test/java/org/apache/commons/configuration2/tree/TestInMemoryNodeModel.java,org.apache.commons.configuration2.tree.TestInMemoryNodeModel,testAddNodesToExistingNode/0,KEY,2
/home/sandro/workspace/sandro/MLCQCodeSmellSamples/scripts/../dataset/commons-configuration_34357e075d63c3634310878636f9498847badcab/src/test/java/org/apache/commons/configuration2/tree/TestInMemoryNodeModel.java,org.apache.commons.configuration2.tree.TestInMemoryNodeModel,testAddNodesToAttribute/0,KEY,2
/home/sandro/workspace/sandro/MLCQCodeSmellSamples/scripts/../dataset/commons-configuration_34357e075d63c3634310878636f9498847badcab/src/test/java/org/apache/commons/configuration2/tree/TestInMemoryNodeModel.java,org.apache.commons.configuration2.tree.TestInMemoryNodeModel,testClearTreeNodesAndAttributes/0,KEY,2
/home/sandro/workspace/sandro/MLCQCodeSmellSamples/scripts/../dataset/commons-configuration_34357e075d63c3634310878636f9498847badcab/src/test/java/org/apache/commons/configuration2/tree/TestInMemoryNodeModel.java,org.apache.commons.configuration2.tree.TestInMemoryNodeModel,testClearTreeAttribute/0,KEY,2
/home/sandro/workspace/sandro/MLCQCodeSmellSamples/scripts/../dataset/commons-configuration_34357e075d63c3634310878636f9498847badcab/src/test/java/org/apache/commons/configuration2/tree/TestInMemoryNodeModel.java,org.apache.commons.configuration2.tree.TestInMemoryNodeModel,testAddPropertyAttributeWithSinglePathNode/0,KEY,2
/home/sandro/workspace/sandro/MLCQCodeSmellSamples/scripts/../dataset/commons-configuration_34357e075d63c3634310878636f9498847badcab/src/test/java/org/apache/commons/configuration2/tree/TestInMemoryNodeModel.java,org.apache.commons.configuration2.tree.TestInMemoryNodeModel,testAddPropertyUpdateParentReferences/0,KEY,2
/home/sandro/workspace/sandro/MLCQCodeSmellSamples/scripts/../dataset/commons-configuration_34357e075d63c3634310878636f9498847badcab/src/test/java/org/apache/commons/configuration2/tree/TestInMemoryNodeModel.java,org.apache.commons.configuration2.tree.TestInMemoryNodeModel,testConcurrentUpdate/0,KEY,1
/home/sandro/workspace/sandro/MLCQCodeSmellSamples/scripts/../dataset/commons-configuration_34357e075d63c3634310878636f9498847badcab/src/test/java/org/apache/commons/configuration2/tree/TestInMemoryNodeModel.java,org.apache.commons.configuration2.tree.TestInMemoryNodeModel,"checkClearTreeUpdatedParentMapping/2[java.lang.String,org.apache.commons.configuration2.tree.ImmutableNode]",KEY,2
/home/sandro/workspace/sandro/MLCQCodeSmellSamples/scripts/../dataset/commons-configuration_34357e075d63c3634310878636f9498847badcab/src/test/java/org/apache/commons/configuration2/tree/TestInMemoryNodeModel.java,org.apache.commons.configuration2.tree.TestInMemoryNodeModel,testSetPropertyNoChanges/0,KEY,2
/home/sandro/workspace/sandro/MLCQCodeSmellSamples/scripts/../dataset/commons-configuration_34357e075d63c3634310878636f9498847badcab/src/test/java/org/apache/commons/configuration2/TestDynamicCombinedConfiguration.java,org.apache.commons.configuration2.TestDynamicCombinedConfiguration$ReaderThread,failed/0,failed,2
/home/sandro/workspace/sandro/MLCQCodeSmellSamples/scripts/../dataset/commons-configuration_34357e075d63c3634310878636f9498847badcab/src/test/java/org/apache/commons/configuration2/TestDynamicCombinedConfiguration.java,org.apache.commons.configuration2.TestDynamicCombinedConfiguration$ReaderThread,ReaderThread/1[org.apache.commons.configuration2.builder.combined.CombinedConfigurationBuilder],random,1
/home/sandro/workspace/sandro/MLCQCodeSmellSamples/scripts/../dataset/commons-configuration_34357e075d63c3634310878636f9498847badcab/src/test/java/org/apache/commons/configuration2/TestDynamicCombinedConfiguration.java,org.apache.commons.configuration2.TestDynamicCombinedConfiguration$ReaderThread,ReaderThread/1[org.apache.commons.configuration2.builder.combined.CombinedConfigurationBuilder],builder,1
/home/sandro/workspace/sandro/MLCQCodeSmellSamples/scripts/../dataset/commons-configuration_34357e075d63c3634310878636f9498847badcab/src/test/java/org/apache/commons/configuration2/TestDynamicCombinedConfiguration.java,org.apache.commons.configuration2.TestDynamicCombinedConfiguration$ReaderThread,run/0,running,1
/home/sandro/workspace/sandro/MLCQCodeSmellSamples/scripts/../dataset/commons-configuration_34357e075d63c3634310878636f9498847badcab/src/test/java/org/apache/commons/configuration2/TestDynamicCombinedConfiguration.java,org.apache.commons.configuration2.TestDynamicCombinedConfiguration$ReaderThread,run/0,random,1
/home/sandro/workspace/sandro/MLCQCodeSmellSamples/scripts/../dataset/commons-configuration_34357e075d63c3634310878636f9498847badcab/src/test/java/org/apache/commons/configuration2/TestDynamicCombinedConfiguration.java,org.apache.commons.configuration2.TestDynamicCombinedConfiguration$ReaderThread,run/0,builder,1
/home/sandro/workspace/sandro/MLCQCodeSmellSamples/scripts/../dataset/commons-configuration_34357e075d63c3634310878636f9498847badcab/src/test/java/org/apache/commons/configuration2/TestDynamicCombinedConfiguration.java,org.apache.commons.configuration2.TestDynamicCombinedConfiguration$ReaderThread,run/0,failed,4
/home/sandro/workspace/sandro/MLCQCodeSmellSamples/scripts/../dataset/commons-configuration_34357e075d63c3634310878636f9498847badcab/src/test/java/org/apache/commons/configuration2/TestDynamicCombinedConfiguration.java,org.apache.commons.configuration2.TestDynamicCombinedConfiguration$ReaderThread,shutdown/0,running,1
/home/sandro/workspace/sandro/MLCQCodeSmellSamples/scripts/../dataset/commons-configuration_34357e075d63c3634310878636f9498847badcab/src/test/java/org/apache/commons/configuration2/event/TestEventListenerList.java,org.apache.commons.configuration2.event.TestEventListenerList,setUpBeforeClass/0,typeSub2,1
/home/sandro/workspace/sandro/MLCQCodeSmellSamples/scripts/../dataset/commons-configuration_34357e075d63c3634310878636f9498847badcab/src/test/java/org/apache/commons/configuration2/event/TestEventListenerList.java,org.apache.commons.configuration2.event.TestEventListenerList,setUpBeforeClass/0,typeSub1,1
/home/sandro/workspace/sandro/MLCQCodeSmellSamples/scripts/../dataset/commons-configuration_34357e075d63c3634310878636f9498847badcab/src/test/java/org/apache/commons/configuration2/event/TestEventListenerList.java,org.apache.commons.configuration2.event.TestEventListenerList,setUpBeforeClass/0,typeBase,3
/home/sandro/workspace/sandro/MLCQCodeSmellSamples/scripts/../dataset/commons-configuration_34357e075d63c3634310878636f9498847badcab/src/test/java/org/apache/commons/configuration2/event/TestEventListenerList.java,org.apache.commons.configuration2.event.TestEventListenerList,testRegisterListenerNull/0,list,1
/home/sandro/workspace/sandro/MLCQCodeSmellSamples/scripts/../dataset/commons-configuration_34357e075d63c3634310878636f9498847badcab/src/test/java/org/apache/commons/configuration2/event/TestEventListenerList.java,org.apache.commons.configuration2.event.TestEventListenerList,testRegisterListenerNull/0,typeBase,1
/home/sandro/workspace/sandro/MLCQCodeSmellSamples/scripts/../dataset/commons-configuration_34357e075d63c3634310878636f9498847badcab/src/test/java/org/apache/commons/configuration2/event/TestEventListenerList.java,org.apache.commons.configuration2.event.TestEventListenerList,testListenerRegistrationWithListenerData/0,MESSAGE,2
/home/sandro/workspace/sandro/MLCQCodeSmellSamples/scripts/../dataset/commons-configuration_34357e075d63c3634310878636f9498847badcab/src/test/java/org/apache/commons/configuration2/event/TestEventListenerList.java,org.apache.commons.configuration2.event.TestEventListenerList,testListenerRegistrationWithListenerData/0,typeSub1,3
/home/sandro/workspace/sandro/MLCQCodeSmellSamples/scripts/../dataset/commons-configuration_34357e075d63c3634310878636f9498847badcab/src/test/java/org/apache/commons/configuration2/event/TestEventListenerList.java,org.apache.commons.configuration2.event.TestEventListenerList,testListenerRegistrationWithListenerData/0,list,2
/home/sandro/workspace/sandro/MLCQCodeSmellSamples/scripts/../dataset/commons-configuration_34357e075d63c3634310878636f9498847badcab/src/test/java/org/apache/commons/configuration2/event/TestEventListenerList.java,org.apache.commons.configuration2.event.TestEventListenerList,testReceiveEventOfExactType/0,MESSAGE,2
/home/sandro/workspace/sandro/MLCQCodeSmellSamples/scripts/../dataset/commons-configuration_34357e075d63c3634310878636f9498847badcab/src/test/java/org/apache/commons/configuration2/event/TestEventListenerList.java,org.apache.commons.configuration2.event.TestEventListenerList,testReceiveEventOfExactType/0,typeSub1,3
/home/sandro/workspace/sandro/MLCQCodeSmellSamples/scripts/../dataset/commons-configuration_34357e075d63c3634310878636f9498847badcab/src/test/java/org/apache/commons/configuration2/event/TestEventListenerList.java,org.apache.commons.configuration2.event.TestEventListenerList,testReceiveEventOfExactType/0,list,2
/home/sandro/workspace/sandro/MLCQCodeSmellSamples/scripts/../dataset/commons-configuration_34357e075d63c3634310878636f9498847badcab/src/test/java/org/apache/commons/configuration2/event/TestEventListenerList.java,org.apache.commons.configuration2.event.TestEventListenerList,testEventListenerIteratorWrongEvent/0,typeSub2,2
/home/sandro/workspace/sandro/MLCQCodeSmellSamples/scripts/../dataset/commons-configuration_34357e075d63c3634310878636f9498847badcab/src/test/java/org/apache/commons/configuration2/event/TestEventListenerList.java,org.apache.commons.configuration2.event.TestEventListenerList,testEventListenerIteratorWrongEvent/0,list,2
/home/sandro/workspace/sandro/MLCQCodeSmellSamples/scripts/../dataset/commons-configuration_34357e075d63c3634310878636f9498847badcab/src/test/java/org/apache/commons/configuration2/event/TestEventListenerList.java,org.apache.commons.configuration2.event.TestEventListenerList,testEventListenerIteratorWrongEvent/0,typeBase,1
/home/sandro/workspace/sandro/MLCQCodeSmellSamples/scripts/../dataset/commons-configuration_34357e075d63c3634310878636f9498847badcab/src/test/java/org/apache/commons/configuration2/event/TestEventListenerList.java,org.apache.commons.configuration2.event.TestEventListenerList,testAddAllNull/0,list,1
/home/sandro/workspace/sandro/MLCQCodeSmellSamples/scripts/../dataset/commons-configuration_34357e075d63c3634310878636f9498847badcab/src/test/java/org/apache/commons/configuration2/event/TestEventListenerList.java,org.apache.commons.configuration2.event.TestEventListenerList,"checkEventListenersForType/2[org.apache.commons.configuration2.event.EventType<? extends org.apache.commons.configuration2.event.Event>,org.apache.commons.configuration2.event.EventListener<?>[]]",list,1
/home/sandro/workspace/sandro/MLCQCodeSmellSamples/scripts/../dataset/commons-configuration_34357e075d63c3634310878636f9498847badcab/src/test/java/org/apache/commons/configuration2/event/TestEventListenerList.java,org.apache.commons.configuration2.event.TestEventListenerList,testGetEventListenersNoMatch/0,typeSub2,1
/home/sandro/workspace/sandro/MLCQCodeSmellSamples/scripts/../dataset/commons-configuration_34357e075d63c3634310878636f9498847badcab/src/test/java/org/apache/commons/configuration2/event/TestEventListenerList.java,org.apache.commons.configuration2.event.TestEventListenerList,testGetEventListenersNoMatch/0,typeSub1,1
/home/sandro/workspace/sandro/MLCQCodeSmellSamples/scripts/../dataset/commons-configuration_34357e075d63c3634310878636f9498847badcab/src/test/java/org/apache/commons/configuration2/event/TestEventListenerList.java,org.apache.commons.configuration2.event.TestEventListenerList,testGetEventListenersNoMatch/0,list,1
/home/sandro/workspace/sandro/MLCQCodeSmellSamples/scripts/../dataset/commons-configuration_34357e075d63c3634310878636f9498847badcab/src/test/java/org/apache/commons/configuration2/event/TestEventListenerList.java,org.apache.commons.configuration2.event.TestEventListenerList,testMultipleListenerRegistration/0,MESSAGE,3
/home/sandro/workspace/sandro/MLCQCodeSmellSamples/scripts/../dataset/commons-configuration_34357e075d63c3634310878636f9498847badcab/src/test/java/org/apache/commons/configuration2/event/TestEventListenerList.java,org.apache.commons.configuration2.event.TestEventListenerList,testMultipleListenerRegistration/0,typeSub2,3
/home/sandro/workspace/sandro/MLCQCodeSmellSamples/scripts/../dataset/commons-configuration_34357e075d63c3634310878636f9498847badcab/src/test/java/org/apache/commons/configuration2/event/TestEventListenerList.java,org.apache.commons.configuration2.event.TestEventListenerList,testMultipleListenerRegistration/0,typeSub1,3
/home/sandro/workspace/sandro/MLCQCodeSmellSamples/scripts/../dataset/commons-configuration_34357e075d63c3634310878636f9498847badcab/src/test/java/org/apache/commons/configuration2/event/TestEventListenerList.java,org.apache.commons.configuration2.event.TestEventListenerList,testMultipleListenerRegistration/0,list,5
/home/sandro/workspace/sandro/MLCQCodeSmellSamples/scripts/../dataset/commons-configuration_34357e075d63c3634310878636f9498847badcab/src/test/java/org/apache/commons/configuration2/event/TestEventListenerList.java,org.apache.commons.configuration2.event.TestEventListenerList,testRemoveEventListenerNullListener/0,list,1
/home/sandro/workspace/sandro/MLCQCodeSmellSamples/scripts/../dataset/commons-configuration_34357e075d63c3634310878636f9498847badcab/src/test/java/org/apache/commons/configuration2/event/TestEventListenerList.java,org.apache.commons.configuration2.event.TestEventListenerList,testRemoveEventListenerNullListener/0,typeBase,1
/home/sandro/workspace/sandro/MLCQCodeSmellSamples/scripts/../dataset/commons-configuration_34357e075d63c3634310878636f9498847badcab/src/test/java/org/apache/commons/configuration2/event/TestEventListenerList.java,org.apache.commons.configuration2.event.TestEventListenerList,testRemoveEventListenerNonExistingListener/0,list,2
/home/sandro/workspace/sandro/MLCQCodeSmellSamples/scripts/../dataset/commons-configuration_34357e075d63c3634310878636f9498847badcab/src/test/java/org/apache/commons/configuration2/event/TestEventListenerList.java,org.apache.commons.configuration2.event.TestEventListenerList,testRemoveEventListenerNonExistingListener/0,typeBase,2
/home/sandro/workspace/sandro/MLCQCodeSmellSamples/scripts/../dataset/commons-configuration_34357e075d63c3634310878636f9498847badcab/src/test/java/org/apache/commons/configuration2/event/TestEventListenerList.java,org.apache.commons.configuration2.event.TestEventListenerList,testRemoveEventListenerNonExistingEventType/0,typeSub1,1
/home/sandro/workspace/sandro/MLCQCodeSmellSamples/scripts/../dataset/commons-configuration_34357e075d63c3634310878636f9498847badcab/src/test/java/org/apache/commons/configuration2/event/TestEventListenerList.java,org.apache.commons.configuration2.event.TestEventListenerList,testRemoveEventListenerNonExistingEventType/0,list,2
/home/sandro/workspace/sandro/MLCQCodeSmellSamples/scripts/../dataset/commons-configuration_34357e075d63c3634310878636f9498847badcab/src/test/java/org/apache/commons/configuration2/event/TestEventListenerList.java,org.apache.commons.configuration2.event.TestEventListenerList,testRemoveEventListenerNonExistingEventType/0,typeBase,1
/home/sandro/workspace/sandro/MLCQCodeSmellSamples/scripts/../dataset/commons-configuration_34357e075d63c3634310878636f9498847badcab/src/test/java/org/apache/commons/configuration2/event/TestEventListenerList.java,org.apache.commons.configuration2.event.TestEventListenerList,testGetEventListenersMatchingType/0,typeSub2,1
/home/sandro/workspace/sandro/MLCQCodeSmellSamples/scripts/../dataset/commons-configuration_34357e075d63c3634310878636f9498847badcab/src/test/java/org/apache/commons/configuration2/event/TestEventListenerList.java,org.apache.commons.configuration2.event.TestEventListenerList,testGetEventListenersMatchingType/0,typeSub1,2
/home/sandro/workspace/sandro/MLCQCodeSmellSamples/scripts/../dataset/commons-configuration_34357e075d63c3634310878636f9498847badcab/src/test/java/org/apache/commons/configuration2/event/TestEventListenerList.java,org.apache.commons.configuration2.event.TestEventListenerList,testGetEventListenersMatchingType/0,list,2
/home/sandro/workspace/sandro/MLCQCodeSmellSamples/scripts/../dataset/commons-configuration_34357e075d63c3634310878636f9498847badcab/src/test/java/org/apache/commons/configuration2/event/TestEventListenerList.java,org.apache.commons.configuration2.event.TestEventListenerList,setUp/0,list,1
/home/sandro/workspace/sandro/MLCQCodeSmellSamples/scripts/../dataset/commons-configuration_34357e075d63c3634310878636f9498847badcab/src/test/java/org/apache/commons/configuration2/event/TestEventListenerList.java,org.apache.commons.configuration2.event.TestEventListenerList,testRemoveEventListenerNullRegistration/0,list,1
/home/sandro/workspace/sandro/MLCQCodeSmellSamples/scripts/../dataset/commons-configuration_34357e075d63c3634310878636f9498847badcab/src/test/java/org/apache/commons/configuration2/event/TestEventListenerList.java,org.apache.commons.configuration2.event.TestEventListenerList,testGetRegistrationsModify/0,list,1
/home/sandro/workspace/sandro/MLCQCodeSmellSamples/scripts/../dataset/commons-configuration_34357e075d63c3634310878636f9498847badcab/src/test/java/org/apache/commons/configuration2/event/TestEventListenerList.java,org.apache.commons.configuration2.event.TestEventListenerList,testGetRegistrationsModify/0,typeBase,1
/home/sandro/workspace/sandro/MLCQCodeSmellSamples/scripts/../dataset/commons-configuration_34357e075d63c3634310878636f9498847badcab/src/test/java/org/apache/commons/configuration2/event/TestEventListenerList.java,org.apache.commons.configuration2.event.TestEventListenerList,testGetEventListenersIteratorRemove/0,list,2
/home/sandro/workspace/sandro/MLCQCodeSmellSamples/scripts/../dataset/commons-configuration_34357e075d63c3634310878636f9498847badcab/src/test/java/org/apache/commons/configuration2/event/TestEventListenerList.java,org.apache.commons.configuration2.event.TestEventListenerList,testGetEventListenersIteratorRemove/0,typeBase,2
/home/sandro/workspace/sandro/MLCQCodeSmellSamples/scripts/../dataset/commons-configuration_34357e075d63c3634310878636f9498847badcab/src/test/java/org/apache/commons/configuration2/event/TestEventListenerList.java,org.apache.commons.configuration2.event.TestEventListenerList,testGetRegistrations/0,typeSub2,1
/home/sandro/workspace/sandro/MLCQCodeSmellSamples/scripts/../dataset/commons-configuration_34357e075d63c3634310878636f9498847badcab/src/test/java/org/apache/commons/configuration2/event/TestEventListenerList.java,org.apache.commons.configuration2.event.TestEventListenerList,testGetRegistrations/0,typeSub1,1
/home/sandro/workspace/sandro/MLCQCodeSmellSamples/scripts/../dataset/commons-configuration_34357e075d63c3634310878636f9498847badcab/src/test/java/org/apache/commons/configuration2/event/TestEventListenerList.java,org.apache.commons.configuration2.event.TestEventListenerList,testGetRegistrations/0,list,3
/home/sandro/workspace/sandro/MLCQCodeSmellSamples/scripts/../dataset/commons-configuration_34357e075d63c3634310878636f9498847badcab/src/test/java/org/apache/commons/configuration2/event/TestEventListenerList.java,org.apache.commons.configuration2.event.TestEventListenerList,testSuppressEventOfSuperType/0,MESSAGE,1
/home/sandro/workspace/sandro/MLCQCodeSmellSamples/scripts/../dataset/commons-configuration_34357e075d63c3634310878636f9498847badcab/src/test/java/org/apache/commons/configuration2/event/TestEventListenerList.java,org.apache.commons.configuration2.event.TestEventListenerList,testSuppressEventOfSuperType/0,typeSub1,1
/home/sandro/workspace/sandro/MLCQCodeSmellSamples/scripts/../dataset/commons-configuration_34357e075d63c3634310878636f9498847badcab/src/test/java/org/apache/commons/configuration2/event/TestEventListenerList.java,org.apache.commons.configuration2.event.TestEventListenerList,testSuppressEventOfSuperType/0,list,2
/home/sandro/workspace/sandro/MLCQCodeSmellSamples/scripts/../dataset/commons-configuration_34357e075d63c3634310878636f9498847badcab/src/test/java/org/apache/commons/configuration2/event/TestEventListenerList.java,org.apache.commons.configuration2.event.TestEventListenerList,testSuppressEventOfSuperType/0,typeBase,1
/home/sandro/workspace/sandro/MLCQCodeSmellSamples/scripts/../dataset/commons-configuration_34357e075d63c3634310878636f9498847badcab/src/test/java/org/apache/commons/configuration2/event/TestEventListenerList.java,org.apache.commons.configuration2.event.TestEventListenerList,testReceiveEventSubType/0,MESSAGE,2
/home/sandro/workspace/sandro/MLCQCodeSmellSamples/scripts/../dataset/commons-configuration_34357e075d63c3634310878636f9498847badcab/src/test/java/org/apache/commons/configuration2/event/TestEventListenerList.java,org.apache.commons.configuration2.event.TestEventListenerList,testReceiveEventSubType/0,typeSub1,2
/home/sandro/workspace/sandro/MLCQCodeSmellSamples/scripts/../dataset/commons-configuration_34357e075d63c3634310878636f9498847badcab/src/test/java/org/apache/commons/configuration2/event/TestEventListenerList.java,org.apache.commons.configuration2.event.TestEventListenerList,testReceiveEventSubType/0,list,2
/home/sandro/workspace/sandro/MLCQCodeSmellSamples/scripts/../dataset/commons-configuration_34357e075d63c3634310878636f9498847badcab/src/test/java/org/apache/commons/configuration2/event/TestEventListenerList.java,org.apache.commons.configuration2.event.TestEventListenerList,testReceiveEventSubType/0,typeBase,1
/home/sandro/workspace/sandro/MLCQCodeSmellSamples/scripts/../dataset/commons-configuration_34357e075d63c3634310878636f9498847badcab/src/test/java/org/apache/commons/configuration2/event/TestEventListenerList.java,org.apache.commons.configuration2.event.TestEventListenerList,testRegisterEventTypeNull/0,list,1
/home/sandro/workspace/sandro/MLCQCodeSmellSamples/scripts/../dataset/commons-configuration_34357e075d63c3634310878636f9498847badcab/src/test/java/org/apache/commons/configuration2/event/TestEventListenerList.java,org.apache.commons.configuration2.event.TestEventListenerList,testReceiveEventDifferentType/0,MESSAGE,2
/home/sandro/workspace/sandro/MLCQCodeSmellSamples/scripts/../dataset/commons-configuration_34357e075d63c3634310878636f9498847badcab/src/test/java/org/apache/commons/configuration2/event/TestEventListenerList.java,org.apache.commons.configuration2.event.TestEventListenerList,testReceiveEventDifferentType/0,typeSub2,1
/home/sandro/workspace/sandro/MLCQCodeSmellSamples/scripts/../dataset/commons-configuration_34357e075d63c3634310878636f9498847badcab/src/test/java/org/apache/commons/configuration2/event/TestEventListenerList.java,org.apache.commons.configuration2.event.TestEventListenerList,testReceiveEventDifferentType/0,typeSub1,3
/home/sandro/workspace/sandro/MLCQCodeSmellSamples/scripts/../dataset/commons-configuration_34357e075d63c3634310878636f9498847badcab/src/test/java/org/apache/commons/configuration2/event/TestEventListenerList.java,org.apache.commons.configuration2.event.TestEventListenerList,testReceiveEventDifferentType/0,list,3
/home/sandro/workspace/sandro/MLCQCodeSmellSamples/scripts/../dataset/commons-configuration_34357e075d63c3634310878636f9498847badcab/src/test/java/org/apache/commons/configuration2/event/TestEventListenerList.java,org.apache.commons.configuration2.event.TestEventListenerList,testAddAll/0,typeSub1,2
/home/sandro/workspace/sandro/MLCQCodeSmellSamples/scripts/../dataset/commons-configuration_34357e075d63c3634310878636f9498847badcab/src/test/java/org/apache/commons/configuration2/event/TestEventListenerList.java,org.apache.commons.configuration2.event.TestEventListenerList,testAddAll/0,list,3
/home/sandro/workspace/sandro/MLCQCodeSmellSamples/scripts/../dataset/commons-configuration_34357e075d63c3634310878636f9498847badcab/src/test/java/org/apache/commons/configuration2/event/TestEventListenerList.java,org.apache.commons.configuration2.event.TestEventListenerList,testAddAll/0,typeBase,4
/home/sandro/workspace/sandro/MLCQCodeSmellSamples/scripts/../dataset/commons-configuration_34357e075d63c3634310878636f9498847badcab/src/test/java/org/apache/commons/configuration2/event/TestEventListenerList.java,org.apache.commons.configuration2.event.TestEventListenerList,testGetEventListenerRegistrationsForSuperType/0,typeSub1,1
/home/sandro/workspace/sandro/MLCQCodeSmellSamples/scripts/../dataset/commons-configuration_34357e075d63c3634310878636f9498847badcab/src/test/java/org/apache/commons/configuration2/event/TestEventListenerList.java,org.apache.commons.configuration2.event.TestEventListenerList,testGetEventListenerRegistrationsForSuperType/0,list,4
/home/sandro/workspace/sandro/MLCQCodeSmellSamples/scripts/../dataset/commons-configuration_34357e075d63c3634310878636f9498847badcab/src/test/java/org/apache/commons/configuration2/event/TestEventListenerList.java,org.apache.commons.configuration2.event.TestEventListenerList,testGetEventListenerRegistrationsForSuperType/0,typeBase,2
/home/sandro/workspace/sandro/MLCQCodeSmellSamples/scripts/../dataset/commons-configuration_34357e075d63c3634310878636f9498847badcab/src/test/java/org/apache/commons/configuration2/event/TestEventListenerList.java,org.apache.commons.configuration2.event.TestEventListenerList,testGetEventListenersNull/0,list,1
/home/sandro/workspace/sandro/MLCQCodeSmellSamples/scripts/../dataset/commons-configuration_34357e075d63c3634310878636f9498847badcab/src/test/java/org/apache/commons/configuration2/event/TestEventListenerList.java,org.apache.commons.configuration2.event.TestEventListenerList,testFireNullEvent/0,list,1
/home/sandro/workspace/sandro/MLCQCodeSmellSamples/scripts/../dataset/commons-configuration_34357e075d63c3634310878636f9498847badcab/src/test/java/org/apache/commons/configuration2/event/TestEventListenerList.java,org.apache.commons.configuration2.event.TestEventListenerList,testListenerRegistrationWithNullListenerData/0,list,1
/home/sandro/workspace/sandro/MLCQCodeSmellSamples/scripts/../dataset/commons-configuration_34357e075d63c3634310878636f9498847badcab/src/test/java/org/apache/commons/configuration2/event/TestEventListenerList.java,org.apache.commons.configuration2.event.TestEventListenerList,testGetEventListenersBaseType/0,typeSub1,1
/home/sandro/workspace/sandro/MLCQCodeSmellSamples/scripts/../dataset/commons-configuration_34357e075d63c3634310878636f9498847badcab/src/test/java/org/apache/commons/configuration2/event/TestEventListenerList.java,org.apache.commons.configuration2.event.TestEventListenerList,testGetEventListenersBaseType/0,list,2
/home/sandro/workspace/sandro/MLCQCodeSmellSamples/scripts/../dataset/commons-configuration_34357e075d63c3634310878636f9498847badcab/src/test/java/org/apache/commons/configuration2/event/TestEventListenerList.java,org.apache.commons.configuration2.event.TestEventListenerList,testGetEventListenersBaseType/0,typeBase,2
/home/sandro/workspace/sandro/MLCQCodeSmellSamples/scripts/../dataset/commons-configuration_34357e075d63c3634310878636f9498847badcab/src/test/java/org/apache/commons/configuration2/event/TestEventListenerList.java,org.apache.commons.configuration2.event.TestEventListenerList,testGetEventListenersIteratorNextNoElement/0,list,3
/home/sandro/workspace/sandro/MLCQCodeSmellSamples/scripts/../dataset/commons-configuration_34357e075d63c3634310878636f9498847badcab/src/test/java/org/apache/commons/configuration2/event/TestEventListenerList.java,org.apache.commons.configuration2.event.TestEventListenerList,testGetEventListenersIteratorNextNoElement/0,typeBase,3
/home/sandro/workspace/sandro/MLCQCodeSmellSamples/scripts/../dataset/commons-configuration_34357e075d63c3634310878636f9498847badcab/src/test/java/org/apache/commons/configuration2/event/TestEventListenerList.java,org.apache.commons.configuration2.event.TestEventListenerList,testEventListenerIteratorNullEvent/0,list,2
/home/sandro/workspace/sandro/MLCQCodeSmellSamples/scripts/../dataset/commons-configuration_34357e075d63c3634310878636f9498847badcab/src/test/java/org/apache/commons/configuration2/event/TestEventListenerList.java,org.apache.commons.configuration2.event.TestEventListenerList,testEventListenerIteratorNullEvent/0,typeBase,2
/home/sandro/workspace/sandro/MLCQCodeSmellSamples/scripts/../dataset/commons-configuration_34357e075d63c3634310878636f9498847badcab/src/test/java/org/apache/commons/configuration2/event/TestEventListenerList.java,org.apache.commons.configuration2.event.TestEventListenerList,testReceiveEventMultipleListeners/0,MESSAGE,3
/home/sandro/workspace/sandro/MLCQCodeSmellSamples/scripts/../dataset/commons-configuration_34357e075d63c3634310878636f9498847badcab/src/test/java/org/apache/commons/configuration2/event/TestEventListenerList.java,org.apache.commons.configuration2.event.TestEventListenerList,testReceiveEventMultipleListeners/0,typeSub1,5
/home/sandro/workspace/sandro/MLCQCodeSmellSamples/scripts/../dataset/commons-configuration_34357e075d63c3634310878636f9498847badcab/src/test/java/org/apache/commons/configuration2/event/TestEventListenerList.java,org.apache.commons.configuration2.event.TestEventListenerList,testReceiveEventMultipleListeners/0,list,3
/home/sandro/workspace/sandro/MLCQCodeSmellSamples/scripts/../dataset/commons-configuration_34357e075d63c3634310878636f9498847badcab/src/test/java/org/apache/commons/configuration2/event/TestEventListenerList.java,org.apache.commons.configuration2.event.TestEventListenerList,testClear/0,typeSub2,1
/home/sandro/workspace/sandro/MLCQCodeSmellSamples/scripts/../dataset/commons-configuration_34357e075d63c3634310878636f9498847badcab/src/test/java/org/apache/commons/configuration2/event/TestEventListenerList.java,org.apache.commons.configuration2.event.TestEventListenerList,testClear/0,typeSub1,1
/home/sandro/workspace/sandro/MLCQCodeSmellSamples/scripts/../dataset/commons-configuration_34357e075d63c3634310878636f9498847badcab/src/test/java/org/apache/commons/configuration2/event/TestEventListenerList.java,org.apache.commons.configuration2.event.TestEventListenerList,testClear/0,list,4
/home/sandro/workspace/sandro/MLCQCodeSmellSamples/scripts/../dataset/commons-configuration_34357e075d63c3634310878636f9498847badcab/src/test/java/org/apache/commons/configuration2/event/TestEventListenerList.java,org.apache.commons.configuration2.event.TestEventListenerList,testRemoveEventListenerNullType/0,list,1
/home/sandro/workspace/sandro/MLCQCodeSmellSamples/scripts/../dataset/commons-configuration_34357e075d63c3634310878636f9498847badcab/src/test/java/org/apache/commons/configuration2/event/TestEventListenerList.java,org.apache.commons.configuration2.event.TestEventListenerList,testRemoveEventListenerExisting/0,MESSAGE,1
/home/sandro/workspace/sandro/MLCQCodeSmellSamples/scripts/../dataset/commons-configuration_34357e075d63c3634310878636f9498847badcab/src/test/java/org/apache/commons/configuration2/event/TestEventListenerList.java,org.apache.commons.configuration2.event.TestEventListenerList,testRemoveEventListenerExisting/0,typeSub1,3
/home/sandro/workspace/sandro/MLCQCodeSmellSamples/scripts/../dataset/commons-configuration_34357e075d63c3634310878636f9498847badcab/src/test/java/org/apache/commons/configuration2/event/TestEventListenerList.java,org.apache.commons.configuration2.event.TestEventListenerList,testRemoveEventListenerExisting/0,list,3
/home/sandro/workspace/sandro/MLCQCodeSmellSamples/scripts/../dataset/commons-configuration_34357e075d63c3634310878636f9498847badcab/src/test/java/org/apache/commons/configuration2/builder/TestDatabaseBuilderParametersImpl.java,org.apache.commons.configuration2.builder.TestDatabaseBuilderParametersImpl,testSetConfigurationNameColumn/0,params,3
/home/sandro/workspace/sandro/MLCQCodeSmellSamples/scripts/../dataset/commons-configuration_34357e075d63c3634310878636f9498847badcab/src/test/java/org/apache/commons/configuration2/builder/TestDatabaseBuilderParametersImpl.java,org.apache.commons.configuration2.builder.TestDatabaseBuilderParametersImpl,testSetAutoCommit/0,params,3
/home/sandro/workspace/sandro/MLCQCodeSmellSamples/scripts/../dataset/commons-configuration_34357e075d63c3634310878636f9498847badcab/src/test/java/org/apache/commons/configuration2/builder/TestDatabaseBuilderParametersImpl.java,org.apache.commons.configuration2.builder.TestDatabaseBuilderParametersImpl,testBeanProperties/0,params,3
/home/sandro/workspace/sandro/MLCQCodeSmellSamples/scripts/../dataset/commons-configuration_34357e075d63c3634310878636f9498847badcab/src/test/java/org/apache/commons/configuration2/builder/TestDatabaseBuilderParametersImpl.java,org.apache.commons.configuration2.builder.TestDatabaseBuilderParametersImpl,testSetValueColumn/0,params,3
/home/sandro/workspace/sandro/MLCQCodeSmellSamples/scripts/../dataset/commons-configuration_34357e075d63c3634310878636f9498847badcab/src/test/java/org/apache/commons/configuration2/builder/TestDatabaseBuilderParametersImpl.java,org.apache.commons.configuration2.builder.TestDatabaseBuilderParametersImpl,testSetTable/0,params,3
/home/sandro/workspace/sandro/MLCQCodeSmellSamples/scripts/../dataset/commons-configuration_34357e075d63c3634310878636f9498847badcab/src/test/java/org/apache/commons/configuration2/builder/TestDatabaseBuilderParametersImpl.java,org.apache.commons.configuration2.builder.TestDatabaseBuilderParametersImpl,testSetKeyColumn/0,params,3
/home/sandro/workspace/sandro/MLCQCodeSmellSamples/scripts/../dataset/commons-configuration_34357e075d63c3634310878636f9498847badcab/src/test/java/org/apache/commons/configuration2/builder/TestDatabaseBuilderParametersImpl.java,org.apache.commons.configuration2.builder.TestDatabaseBuilderParametersImpl,testSetConfigurationName/0,params,3
/home/sandro/workspace/sandro/MLCQCodeSmellSamples/scripts/../dataset/commons-configuration_34357e075d63c3634310878636f9498847badcab/src/test/java/org/apache/commons/configuration2/builder/TestDatabaseBuilderParametersImpl.java,org.apache.commons.configuration2.builder.TestDatabaseBuilderParametersImpl,testSetDataSource/0,params,3
/home/sandro/workspace/sandro/MLCQCodeSmellSamples/scripts/../dataset/commons-configuration_34357e075d63c3634310878636f9498847badcab/src/test/java/org/apache/commons/configuration2/builder/TestDatabaseBuilderParametersImpl.java,org.apache.commons.configuration2.builder.TestDatabaseBuilderParametersImpl,setUp/0,params,1
/home/sandro/workspace/sandro/MLCQCodeSmellSamples/scripts/../dataset/commons-configuration_34357e075d63c3634310878636f9498847badcab/src/main/java/org/apache/commons/configuration2/builder/combined/ReloadingCombinedConfigurationBuilder.java,org.apache.commons.configuration2.builder.combined.ReloadingCombinedConfigurationBuilder,initResultInstance/1[org.apache.commons.configuration2.CombinedConfiguration],reloadingController,2
/home/sandro/workspace/sandro/MLCQCodeSmellSamples/scripts/../dataset/commons-configuration_34357e075d63c3634310878636f9498847badcab/src/main/java/org/apache/commons/configuration2/builder/combined/ReloadingCombinedConfigurationBuilder.java,org.apache.commons.configuration2.builder.combined.ReloadingCombinedConfigurationBuilder,getReloadingController/0,reloadingController,1
/home/sandro/workspace/sandro/MLCQCodeSmellSamples/scripts/../dataset/commons-configuration_34357e075d63c3634310878636f9498847badcab/src/main/java/org/apache/commons/configuration2/builder/combined/ReloadingCombinedConfigurationBuilder.java,org.apache.commons.configuration2.builder.combined.ReloadingCombinedConfigurationBuilder,getConfiguration/0,reloadingController,1
/home/sandro/workspace/sandro/MLCQCodeSmellSamples/scripts/../dataset/commons-configuration_34357e075d63c3634310878636f9498847badcab/src/test/java/org/apache/commons/configuration2/web/TestAppletConfiguration.java,org.apache.commons.configuration2.web.TestAppletConfiguration,testClearProperty/0,supportsApplet,1
/home/sandro/workspace/sandro/MLCQCodeSmellSamples/scripts/../dataset/commons-configuration_34357e075d63c3634310878636f9498847badcab/src/test/java/org/apache/commons/configuration2/web/TestAppletConfiguration.java,org.apache.commons.configuration2.web.TestAppletConfiguration,getConfiguration/0,supportsApplet,1
/home/sandro/workspace/sandro/MLCQCodeSmellSamples/scripts/../dataset/commons-configuration_34357e075d63c3634310878636f9498847badcab/src/test/java/org/apache/commons/configuration2/web/TestAppletConfiguration.java,org.apache.commons.configuration2.web.TestAppletConfiguration,testAddPropertyDirect/0,supportsApplet,1
/home/sandro/workspace/sandro/MLCQCodeSmellSamples/scripts/../dataset/commons-configuration_34357e075d63c3634310878636f9498847badcab/src/test/java/org/apache/commons/configuration2/web/TestAppletConfiguration.java,org.apache.commons.configuration2.web.TestAppletConfiguration,setUp/0,supportsApplet,2
/home/sandro/workspace/sandro/MLCQCodeSmellSamples/scripts/../dataset/commons-configuration_34357e075d63c3634310878636f9498847badcab/src/test/java/org/apache/commons/configuration2/web/TestAppletConfiguration.java,org.apache.commons.configuration2.web.TestAppletConfiguration,getEmptyConfiguration/0,supportsApplet,1
/home/sandro/workspace/sandro/MLCQCodeSmellSamples/scripts/../dataset/commons-configuration_34357e075d63c3634310878636f9498847badcab/src/test/java/org/apache/commons/configuration2/tree/TestInMemoryNodeModelTrackedNodes.java,org.apache.commons.configuration2.tree.TestInMemoryNodeModelTrackedNodes,fieldsNodeFromModel/0,model,1
/home/sandro/workspace/sandro/MLCQCodeSmellSamples/scripts/../dataset/commons-configuration_34357e075d63c3634310878636f9498847badcab/src/test/java/org/apache/commons/configuration2/tree/TestInMemoryNodeModelTrackedNodes.java,org.apache.commons.configuration2.tree.TestInMemoryNodeModelTrackedNodes,checkForAddedField/1[org.apache.commons.configuration2.tree.ImmutableNode],NEW_FIELD,1
/home/sandro/workspace/sandro/MLCQCodeSmellSamples/scripts/../dataset/commons-configuration_34357e075d63c3634310878636f9498847badcab/src/test/java/org/apache/commons/configuration2/tree/TestInMemoryNodeModelTrackedNodes.java,org.apache.commons.configuration2.tree.TestInMemoryNodeModelTrackedNodes,testIsDetachedFalseAfterUpdate/0,model,3
/home/sandro/workspace/sandro/MLCQCodeSmellSamples/scripts/../dataset/commons-configuration_34357e075d63c3634310878636f9498847badcab/src/test/java/org/apache/commons/configuration2/tree/TestInMemoryNodeModelTrackedNodes.java,org.apache.commons.configuration2.tree.TestInMemoryNodeModelTrackedNodes,testIsDetachedFalseAfterUpdate/0,selector,2
/home/sandro/workspace/sandro/MLCQCodeSmellSamples/scripts/../dataset/commons-configuration_34357e075d63c3634310878636f9498847badcab/src/test/java/org/apache/commons/configuration2/tree/TestInMemoryNodeModelTrackedNodes.java,org.apache.commons.configuration2.tree.TestInMemoryNodeModelTrackedNodes,testGetTrackedNodeAfterUpdate/0,model,3
/home/sandro/workspace/sandro/MLCQCodeSmellSamples/scripts/../dataset/commons-configuration_34357e075d63c3634310878636f9498847badcab/src/test/java/org/apache/commons/configuration2/tree/TestInMemoryNodeModelTrackedNodes.java,org.apache.commons.configuration2.tree.TestInMemoryNodeModelTrackedNodes,testGetTrackedNodeAfterUpdate/0,selector,2
/home/sandro/workspace/sandro/MLCQCodeSmellSamples/scripts/../dataset/commons-configuration_34357e075d63c3634310878636f9498847badcab/src/test/java/org/apache/commons/configuration2/tree/TestInMemoryNodeModelTrackedNodes.java,org.apache.commons.configuration2.tree.TestInMemoryNodeModelTrackedNodes,testTrackChildNodeWithCreationMultipleResults/0,root,2
/home/sandro/workspace/sandro/MLCQCodeSmellSamples/scripts/../dataset/commons-configuration_34357e075d63c3634310878636f9498847badcab/src/test/java/org/apache/commons/configuration2/tree/TestInMemoryNodeModelTrackedNodes.java,org.apache.commons.configuration2.tree.TestInMemoryNodeModelTrackedNodes,testTrackNodeMultipleTimes/0,model,4
/home/sandro/workspace/sandro/MLCQCodeSmellSamples/scripts/../dataset/commons-configuration_34357e075d63c3634310878636f9498847badcab/src/test/java/org/apache/commons/configuration2/tree/TestInMemoryNodeModelTrackedNodes.java,org.apache.commons.configuration2.tree.TestInMemoryNodeModelTrackedNodes,testTrackNodeMultipleTimes/0,selector,4
/home/sandro/workspace/sandro/MLCQCodeSmellSamples/scripts/../dataset/commons-configuration_34357e075d63c3634310878636f9498847badcab/src/test/java/org/apache/commons/configuration2/tree/TestInMemoryNodeModelTrackedNodes.java,org.apache.commons.configuration2.tree.TestInMemoryNodeModelTrackedNodes,testSelectAndTrackNodesNodeAlreadyTracked/0,root,1
/home/sandro/workspace/sandro/MLCQCodeSmellSamples/scripts/../dataset/commons-configuration_34357e075d63c3634310878636f9498847badcab/src/test/java/org/apache/commons/configuration2/tree/TestInMemoryNodeModelTrackedNodes.java,org.apache.commons.configuration2.tree.TestInMemoryNodeModelTrackedNodes,testSelectAndTrackNodesNodeAlreadyTracked/0,model,6
/home/sandro/workspace/sandro/MLCQCodeSmellSamples/scripts/../dataset/commons-configuration_34357e075d63c3634310878636f9498847badcab/src/test/java/org/apache/commons/configuration2/tree/TestInMemoryNodeModelTrackedNodes.java,org.apache.commons.configuration2.tree.TestInMemoryNodeModelTrackedNodes,testSelectAndTrackNodesNodeAlreadyTracked/0,selector,5
/home/sandro/workspace/sandro/MLCQCodeSmellSamples/scripts/../dataset/commons-configuration_34357e075d63c3634310878636f9498847badcab/src/test/java/org/apache/commons/configuration2/tree/TestInMemoryNodeModelTrackedNodes.java,org.apache.commons.configuration2.tree.TestInMemoryNodeModelTrackedNodes,testSelectAndTrackNodesNodeAlreadyTracked/0,SELECTOR_KEY,1
/home/sandro/workspace/sandro/MLCQCodeSmellSamples/scripts/../dataset/commons-configuration_34357e075d63c3634310878636f9498847badcab/src/test/java/org/apache/commons/configuration2/tree/TestInMemoryNodeModelTrackedNodes.java,org.apache.commons.configuration2.tree.TestInMemoryNodeModelTrackedNodes,testSelectAndTrackNodesNodeAlreadyTracked/0,TEST_KEY,2
/home/sandro/workspace/sandro/MLCQCodeSmellSamples/scripts/../dataset/commons-configuration_34357e075d63c3634310878636f9498847badcab/src/test/java/org/apache/commons/configuration2/tree/TestInMemoryNodeModelTrackedNodes.java,org.apache.commons.configuration2.tree.TestInMemoryNodeModelTrackedNodes,testSetPropertyOnDetachedNode/0,NEW_FIELD,1
/home/sandro/workspace/sandro/MLCQCodeSmellSamples/scripts/../dataset/commons-configuration_34357e075d63c3634310878636f9498847badcab/src/test/java/org/apache/commons/configuration2/tree/TestInMemoryNodeModelTrackedNodes.java,org.apache.commons.configuration2.tree.TestInMemoryNodeModelTrackedNodes,testSetPropertyOnDetachedNode/0,model,4
/home/sandro/workspace/sandro/MLCQCodeSmellSamples/scripts/../dataset/commons-configuration_34357e075d63c3634310878636f9498847badcab/src/test/java/org/apache/commons/configuration2/tree/TestInMemoryNodeModelTrackedNodes.java,org.apache.commons.configuration2.tree.TestInMemoryNodeModelTrackedNodes,testSetPropertyOnDetachedNode/0,selector,2
/home/sandro/workspace/sandro/MLCQCodeSmellSamples/scripts/../dataset/commons-configuration_34357e075d63c3634310878636f9498847badcab/src/test/java/org/apache/commons/configuration2/tree/TestInMemoryNodeModelTrackedNodes.java,org.apache.commons.configuration2.tree.TestInMemoryNodeModelTrackedNodes,testGetTrackedNodeAfterClear/0,model,4
/home/sandro/workspace/sandro/MLCQCodeSmellSamples/scripts/../dataset/commons-configuration_34357e075d63c3634310878636f9498847badcab/src/test/java/org/apache/commons/configuration2/tree/TestInMemoryNodeModelTrackedNodes.java,org.apache.commons.configuration2.tree.TestInMemoryNodeModelTrackedNodes,testGetTrackedNodeAfterClear/0,selector,2
/home/sandro/workspace/sandro/MLCQCodeSmellSamples/scripts/../dataset/commons-configuration_34357e075d63c3634310878636f9498847badcab/src/test/java/org/apache/commons/configuration2/tree/TestInMemoryNodeModelTrackedNodes.java,org.apache.commons.configuration2.tree.TestInMemoryNodeModelTrackedNodes,testReplaceTrackedNodeForDetachedNode/0,model,1
/home/sandro/workspace/sandro/MLCQCodeSmellSamples/scripts/../dataset/commons-configuration_34357e075d63c3634310878636f9498847badcab/src/test/java/org/apache/commons/configuration2/tree/TestInMemoryNodeModelTrackedNodes.java,org.apache.commons.configuration2.tree.TestInMemoryNodeModelTrackedNodes,testReplaceTrackedNodeForDetachedNode/0,selector,1
/home/sandro/workspace/sandro/MLCQCodeSmellSamples/scripts/../dataset/commons-configuration_34357e075d63c3634310878636f9498847badcab/src/test/java/org/apache/commons/configuration2/tree/TestInMemoryNodeModelTrackedNodes.java,org.apache.commons.configuration2.tree.TestInMemoryNodeModelTrackedNodes,testAddNodesOnDetachedNode/0,NEW_FIELD,1
/home/sandro/workspace/sandro/MLCQCodeSmellSamples/scripts/../dataset/commons-configuration_34357e075d63c3634310878636f9498847badcab/src/test/java/org/apache/commons/configuration2/tree/TestInMemoryNodeModelTrackedNodes.java,org.apache.commons.configuration2.tree.TestInMemoryNodeModelTrackedNodes,testAddNodesOnDetachedNode/0,model,4
/home/sandro/workspace/sandro/MLCQCodeSmellSamples/scripts/../dataset/commons-configuration_34357e075d63c3634310878636f9498847badcab/src/test/java/org/apache/commons/configuration2/tree/TestInMemoryNodeModelTrackedNodes.java,org.apache.commons.configuration2.tree.TestInMemoryNodeModelTrackedNodes,testAddNodesOnDetachedNode/0,selector,2
/home/sandro/workspace/sandro/MLCQCodeSmellSamples/scripts/../dataset/commons-configuration_34357e075d63c3634310878636f9498847badcab/src/test/java/org/apache/commons/configuration2/tree/TestInMemoryNodeModelTrackedNodes.java,org.apache.commons.configuration2.tree.TestInMemoryNodeModelTrackedNodes,fieldsNodeFromTrackedNode/0,model,1
/home/sandro/workspace/sandro/MLCQCodeSmellSamples/scripts/../dataset/commons-configuration_34357e075d63c3634310878636f9498847badcab/src/test/java/org/apache/commons/configuration2/tree/TestInMemoryNodeModelTrackedNodes.java,org.apache.commons.configuration2.tree.TestInMemoryNodeModelTrackedNodes,fieldsNodeFromTrackedNode/0,selector,1
/home/sandro/workspace/sandro/MLCQCodeSmellSamples/scripts/../dataset/commons-configuration_34357e075d63c3634310878636f9498847badcab/src/test/java/org/apache/commons/configuration2/tree/TestInMemoryNodeModelTrackedNodes.java,org.apache.commons.configuration2.tree.TestInMemoryNodeModelTrackedNodes,testSetPropertyOnTrackedNode/0,NEW_FIELD,1
/home/sandro/workspace/sandro/MLCQCodeSmellSamples/scripts/../dataset/commons-configuration_34357e075d63c3634310878636f9498847badcab/src/test/java/org/apache/commons/configuration2/tree/TestInMemoryNodeModelTrackedNodes.java,org.apache.commons.configuration2.tree.TestInMemoryNodeModelTrackedNodes,testSetPropertyOnTrackedNode/0,model,2
/home/sandro/workspace/sandro/MLCQCodeSmellSamples/scripts/../dataset/commons-configuration_34357e075d63c3634310878636f9498847badcab/src/test/java/org/apache/commons/configuration2/tree/TestInMemoryNodeModelTrackedNodes.java,org.apache.commons.configuration2.tree.TestInMemoryNodeModelTrackedNodes,testSetPropertyOnTrackedNode/0,selector,2
/home/sandro/workspace/sandro/MLCQCodeSmellSamples/scripts/../dataset/commons-configuration_34357e075d63c3634310878636f9498847badcab/src/test/java/org/apache/commons/configuration2/tree/TestInMemoryNodeModelTrackedNodes.java,org.apache.commons.configuration2.tree.TestInMemoryNodeModelTrackedNodes,testClearTreeOnTrackedNode/0,model,2
/home/sandro/workspace/sandro/MLCQCodeSmellSamples/scripts/../dataset/commons-configuration_34357e075d63c3634310878636f9498847badcab/src/test/java/org/apache/commons/configuration2/tree/TestInMemoryNodeModelTrackedNodes.java,org.apache.commons.configuration2.tree.TestInMemoryNodeModelTrackedNodes,testClearTreeOnTrackedNode/0,selector,2
/home/sandro/workspace/sandro/MLCQCodeSmellSamples/scripts/../dataset/commons-configuration_34357e075d63c3634310878636f9498847badcab/src/test/java/org/apache/commons/configuration2/tree/TestInMemoryNodeModelTrackedNodes.java,org.apache.commons.configuration2.tree.TestInMemoryNodeModelTrackedNodes,testReplaceTrackedNodeNull/0,model,2
/home/sandro/workspace/sandro/MLCQCodeSmellSamples/scripts/../dataset/commons-configuration_34357e075d63c3634310878636f9498847badcab/src/test/java/org/apache/commons/configuration2/tree/TestInMemoryNodeModelTrackedNodes.java,org.apache.commons.configuration2.tree.TestInMemoryNodeModelTrackedNodes,testReplaceTrackedNodeNull/0,selector,2
/home/sandro/workspace/sandro/MLCQCodeSmellSamples/scripts/../dataset/commons-configuration_34357e075d63c3634310878636f9498847badcab/src/test/java/org/apache/commons/configuration2/tree/TestInMemoryNodeModelTrackedNodes.java,org.apache.commons.configuration2.tree.TestInMemoryNodeModelTrackedNodes,testGetTrackedNodeHandlerActive/0,model,4
/home/sandro/workspace/sandro/MLCQCodeSmellSamples/scripts/../dataset/commons-configuration_34357e075d63c3634310878636f9498847badcab/src/test/java/org/apache/commons/configuration2/tree/TestInMemoryNodeModelTrackedNodes.java,org.apache.commons.configuration2.tree.TestInMemoryNodeModelTrackedNodes,testGetTrackedNodeHandlerActive/0,selector,3
/home/sandro/workspace/sandro/MLCQCodeSmellSamples/scripts/../dataset/commons-configuration_34357e075d63c3634310878636f9498847badcab/src/test/java/org/apache/commons/configuration2/tree/TestInMemoryNodeModelTrackedNodes.java,org.apache.commons.configuration2.tree.TestInMemoryNodeModelTrackedNodes,testTrackChildNodesMultipleResults/0,root,2
/home/sandro/workspace/sandro/MLCQCodeSmellSamples/scripts/../dataset/commons-configuration_34357e075d63c3634310878636f9498847badcab/src/test/java/org/apache/commons/configuration2/tree/TestInMemoryNodeModelTrackedNodes.java,org.apache.commons.configuration2.tree.TestInMemoryNodeModelTrackedNodes,testGetTrackedNodeNonExisting/0,model,1
/home/sandro/workspace/sandro/MLCQCodeSmellSamples/scripts/../dataset/commons-configuration_34357e075d63c3634310878636f9498847badcab/src/test/java/org/apache/commons/configuration2/tree/TestInMemoryNodeModelTrackedNodes.java,org.apache.commons.configuration2.tree.TestInMemoryNodeModelTrackedNodes,testGetTrackedNodeNonExisting/0,selector,1
/home/sandro/workspace/sandro/MLCQCodeSmellSamples/scripts/../dataset/commons-configuration_34357e075d63c3634310878636f9498847badcab/src/test/java/org/apache/commons/configuration2/tree/TestInMemoryNodeModelTrackedNodes.java,org.apache.commons.configuration2.tree.TestInMemoryNodeModelTrackedNodes,testIsDetachedTrue/0,model,1
/home/sandro/workspace/sandro/MLCQCodeSmellSamples/scripts/../dataset/commons-configuration_34357e075d63c3634310878636f9498847badcab/src/test/java/org/apache/commons/configuration2/tree/TestInMemoryNodeModelTrackedNodes.java,org.apache.commons.configuration2.tree.TestInMemoryNodeModelTrackedNodes,testIsDetachedTrue/0,selector,1
/home/sandro/workspace/sandro/MLCQCodeSmellSamples/scripts/../dataset/commons-configuration_34357e075d63c3634310878636f9498847badcab/src/test/java/org/apache/commons/configuration2/tree/TestInMemoryNodeModelTrackedNodes.java,org.apache.commons.configuration2.tree.TestInMemoryNodeModelTrackedNodes,testAddPropertyOnTrackedNode/0,NEW_FIELD,1
/home/sandro/workspace/sandro/MLCQCodeSmellSamples/scripts/../dataset/commons-configuration_34357e075d63c3634310878636f9498847badcab/src/test/java/org/apache/commons/configuration2/tree/TestInMemoryNodeModelTrackedNodes.java,org.apache.commons.configuration2.tree.TestInMemoryNodeModelTrackedNodes,testAddPropertyOnTrackedNode/0,model,2
/home/sandro/workspace/sandro/MLCQCodeSmellSamples/scripts/../dataset/commons-configuration_34357e075d63c3634310878636f9498847badcab/src/test/java/org/apache/commons/configuration2/tree/TestInMemoryNodeModelTrackedNodes.java,org.apache.commons.configuration2.tree.TestInMemoryNodeModelTrackedNodes,testAddPropertyOnTrackedNode/0,selector,2
/home/sandro/workspace/sandro/MLCQCodeSmellSamples/scripts/../dataset/commons-configuration_34357e075d63c3634310878636f9498847badcab/src/test/java/org/apache/commons/configuration2/tree/TestInMemoryNodeModelTrackedNodes.java,org.apache.commons.configuration2.tree.TestInMemoryNodeModelTrackedNodes,testTrackChildNodeWithCreationNonExisting/0,root,1
/home/sandro/workspace/sandro/MLCQCodeSmellSamples/scripts/../dataset/commons-configuration_34357e075d63c3634310878636f9498847badcab/src/test/java/org/apache/commons/configuration2/tree/TestInMemoryNodeModelTrackedNodes.java,org.apache.commons.configuration2.tree.TestInMemoryNodeModelTrackedNodes,testTrackChildNodeWithCreationNonExisting/0,model,6
/home/sandro/workspace/sandro/MLCQCodeSmellSamples/scripts/../dataset/commons-configuration_34357e075d63c3634310878636f9498847badcab/src/test/java/org/apache/commons/configuration2/tree/TestInMemoryNodeModelTrackedNodes.java,org.apache.commons.configuration2.tree.TestInMemoryNodeModelTrackedNodes,testTrackChildNodeWithCreationNonExisting/0,TEST_KEY,2
/home/sandro/workspace/sandro/MLCQCodeSmellSamples/scripts/../dataset/commons-configuration_34357e075d63c3634310878636f9498847badcab/src/test/java/org/apache/commons/configuration2/tree/TestInMemoryNodeModelTrackedNodes.java,org.apache.commons.configuration2.tree.TestInMemoryNodeModelTrackedNodes,testReplaceTrackedNodeForActiveTrackedNode/0,model,1
/home/sandro/workspace/sandro/MLCQCodeSmellSamples/scripts/../dataset/commons-configuration_34357e075d63c3634310878636f9498847badcab/src/test/java/org/apache/commons/configuration2/tree/TestInMemoryNodeModelTrackedNodes.java,org.apache.commons.configuration2.tree.TestInMemoryNodeModelTrackedNodes,testReplaceTrackedNodeForActiveTrackedNode/0,selector,1
/home/sandro/workspace/sandro/MLCQCodeSmellSamples/scripts/../dataset/commons-configuration_34357e075d63c3634310878636f9498847badcab/src/test/java/org/apache/commons/configuration2/tree/TestInMemoryNodeModelTrackedNodes.java,org.apache.commons.configuration2.tree.TestInMemoryNodeModelTrackedNodes,testAddNodesOnTrackedNode/0,NEW_FIELD,1
/home/sandro/workspace/sandro/MLCQCodeSmellSamples/scripts/../dataset/commons-configuration_34357e075d63c3634310878636f9498847badcab/src/test/java/org/apache/commons/configuration2/tree/TestInMemoryNodeModelTrackedNodes.java,org.apache.commons.configuration2.tree.TestInMemoryNodeModelTrackedNodes,testAddNodesOnTrackedNode/0,model,2
/home/sandro/workspace/sandro/MLCQCodeSmellSamples/scripts/../dataset/commons-configuration_34357e075d63c3634310878636f9498847badcab/src/test/java/org/apache/commons/configuration2/tree/TestInMemoryNodeModelTrackedNodes.java,org.apache.commons.configuration2.tree.TestInMemoryNodeModelTrackedNodes,testAddNodesOnTrackedNode/0,selector,2
/home/sandro/workspace/sandro/MLCQCodeSmellSamples/scripts/../dataset/commons-configuration_34357e075d63c3634310878636f9498847badcab/src/test/java/org/apache/commons/configuration2/tree/TestInMemoryNodeModelTrackedNodes.java,org.apache.commons.configuration2.tree.TestInMemoryNodeModelTrackedNodes,testClearTreeOnDetachedNode/0,model,3
/home/sandro/workspace/sandro/MLCQCodeSmellSamples/scripts/../dataset/commons-configuration_34357e075d63c3634310878636f9498847badcab/src/test/java/org/apache/commons/configuration2/tree/TestInMemoryNodeModelTrackedNodes.java,org.apache.commons.configuration2.tree.TestInMemoryNodeModelTrackedNodes,testClearTreeOnDetachedNode/0,selector,1
/home/sandro/workspace/sandro/MLCQCodeSmellSamples/scripts/../dataset/commons-configuration_34357e075d63c3634310878636f9498847badcab/src/test/java/org/apache/commons/configuration2/tree/TestInMemoryNodeModelTrackedNodes.java,org.apache.commons.configuration2.tree.TestInMemoryNodeModelTrackedNodes,testUntrackNode/0,model,3
/home/sandro/workspace/sandro/MLCQCodeSmellSamples/scripts/../dataset/commons-configuration_34357e075d63c3634310878636f9498847badcab/src/test/java/org/apache/commons/configuration2/tree/TestInMemoryNodeModelTrackedNodes.java,org.apache.commons.configuration2.tree.TestInMemoryNodeModelTrackedNodes,testUntrackNode/0,selector,3
/home/sandro/workspace/sandro/MLCQCodeSmellSamples/scripts/../dataset/commons-configuration_34357e075d63c3634310878636f9498847badcab/src/test/java/org/apache/commons/configuration2/tree/TestInMemoryNodeModelTrackedNodes.java,org.apache.commons.configuration2.tree.TestInMemoryNodeModelTrackedNodes,testGetTrackedNodeExisting/0,model,3
/home/sandro/workspace/sandro/MLCQCodeSmellSamples/scripts/../dataset/commons-configuration_34357e075d63c3634310878636f9498847badcab/src/test/java/org/apache/commons/configuration2/tree/TestInMemoryNodeModelTrackedNodes.java,org.apache.commons.configuration2.tree.TestInMemoryNodeModelTrackedNodes,testGetTrackedNodeExisting/0,selector,2
/home/sandro/workspace/sandro/MLCQCodeSmellSamples/scripts/../dataset/commons-configuration_34357e075d63c3634310878636f9498847badcab/src/test/java/org/apache/commons/configuration2/tree/TestInMemoryNodeModelTrackedNodes.java,org.apache.commons.configuration2.tree.TestInMemoryNodeModelTrackedNodes,testAddPropertyOnDetachedNode/0,NEW_FIELD,1
/home/sandro/workspace/sandro/MLCQCodeSmellSamples/scripts/../dataset/commons-configuration_34357e075d63c3634310878636f9498847badcab/src/test/java/org/apache/commons/configuration2/tree/TestInMemoryNodeModelTrackedNodes.java,org.apache.commons.configuration2.tree.TestInMemoryNodeModelTrackedNodes,testAddPropertyOnDetachedNode/0,model,4
/home/sandro/workspace/sandro/MLCQCodeSmellSamples/scripts/../dataset/commons-configuration_34357e075d63c3634310878636f9498847badcab/src/test/java/org/apache/commons/configuration2/tree/TestInMemoryNodeModelTrackedNodes.java,org.apache.commons.configuration2.tree.TestInMemoryNodeModelTrackedNodes,testAddPropertyOnDetachedNode/0,selector,2
/home/sandro/workspace/sandro/MLCQCodeSmellSamples/scripts/../dataset/commons-configuration_34357e075d63c3634310878636f9498847badcab/src/test/java/org/apache/commons/configuration2/tree/TestInMemoryNodeModelTrackedNodes.java,org.apache.commons.configuration2.tree.TestInMemoryNodeModelTrackedNodes,"checkedForChangedField/2[org.apache.commons.configuration2.tree.ImmutableNode,int]",NEW_FIELD,1
/home/sandro/workspace/sandro/MLCQCodeSmellSamples/scripts/../dataset/commons-configuration_34357e075d63c3634310878636f9498847badcab/src/test/java/org/apache/commons/configuration2/tree/TestInMemoryNodeModelTrackedNodes.java,org.apache.commons.configuration2.tree.TestInMemoryNodeModelTrackedNodes,checkTrackChildNodesNoResult/1[java.util.List<org.apache.commons.configuration2.tree.ImmutableNode>],root,1
/home/sandro/workspace/sandro/MLCQCodeSmellSamples/scripts/../dataset/commons-configuration_34357e075d63c3634310878636f9498847badcab/src/test/java/org/apache/commons/configuration2/tree/TestInMemoryNodeModelTrackedNodes.java,org.apache.commons.configuration2.tree.TestInMemoryNodeModelTrackedNodes,checkTrackChildNodesNoResult/1[java.util.List<org.apache.commons.configuration2.tree.ImmutableNode>],model,4
/home/sandro/workspace/sandro/MLCQCodeSmellSamples/scripts/../dataset/commons-configuration_34357e075d63c3634310878636f9498847badcab/src/test/java/org/apache/commons/configuration2/tree/TestInMemoryNodeModelTrackedNodes.java,org.apache.commons.configuration2.tree.TestInMemoryNodeModelTrackedNodes,checkTrackChildNodesNoResult/1[java.util.List<org.apache.commons.configuration2.tree.ImmutableNode>],TEST_KEY,2
/home/sandro/workspace/sandro/MLCQCodeSmellSamples/scripts/../dataset/commons-configuration_34357e075d63c3634310878636f9498847badcab/src/test/java/org/apache/commons/configuration2/tree/TestInMemoryNodeModelTrackedNodes.java,org.apache.commons.configuration2.tree.TestInMemoryNodeModelTrackedNodes,testTrackNodeKeyMultipleResults/0,model,1
/home/sandro/workspace/sandro/MLCQCodeSmellSamples/scripts/../dataset/commons-configuration_34357e075d63c3634310878636f9498847badcab/src/test/java/org/apache/commons/configuration2/tree/TestInMemoryNodeModelTrackedNodes.java,org.apache.commons.configuration2.tree.TestInMemoryNodeModelTrackedNodes,testIsDetachedAfterClear/0,model,3
/home/sandro/workspace/sandro/MLCQCodeSmellSamples/scripts/../dataset/commons-configuration_34357e075d63c3634310878636f9498847badcab/src/test/java/org/apache/commons/configuration2/tree/TestInMemoryNodeModelTrackedNodes.java,org.apache.commons.configuration2.tree.TestInMemoryNodeModelTrackedNodes,testIsDetachedAfterClear/0,selector,2
/home/sandro/workspace/sandro/MLCQCodeSmellSamples/scripts/../dataset/commons-configuration_34357e075d63c3634310878636f9498847badcab/src/test/java/org/apache/commons/configuration2/tree/TestInMemoryNodeModelTrackedNodes.java,org.apache.commons.configuration2.tree.TestInMemoryNodeModelTrackedNodes,setUp/0,root,1
/home/sandro/workspace/sandro/MLCQCodeSmellSamples/scripts/../dataset/commons-configuration_34357e075d63c3634310878636f9498847badcab/src/test/java/org/apache/commons/configuration2/tree/TestInMemoryNodeModelTrackedNodes.java,org.apache.commons.configuration2.tree.TestInMemoryNodeModelTrackedNodes,setUp/0,model,1
/home/sandro/workspace/sandro/MLCQCodeSmellSamples/scripts/../dataset/commons-configuration_34357e075d63c3634310878636f9498847badcab/src/test/java/org/apache/commons/configuration2/tree/TestInMemoryNodeModelTrackedNodes.java,org.apache.commons.configuration2.tree.TestInMemoryNodeModelTrackedNodes,testTrackChildNodes/0,root,2
/home/sandro/workspace/sandro/MLCQCodeSmellSamples/scripts/../dataset/commons-configuration_34357e075d63c3634310878636f9498847badcab/src/test/java/org/apache/commons/configuration2/tree/TestInMemoryNodeModelTrackedNodes.java,org.apache.commons.configuration2.tree.TestInMemoryNodeModelTrackedNodes,testTrackChildNodes/0,model,3
/home/sandro/workspace/sandro/MLCQCodeSmellSamples/scripts/../dataset/commons-configuration_34357e075d63c3634310878636f9498847badcab/src/test/java/org/apache/commons/configuration2/tree/TestInMemoryNodeModelTrackedNodes.java,org.apache.commons.configuration2.tree.TestInMemoryNodeModelTrackedNodes,testTrackChildNodes/0,TEST_KEY,2
/home/sandro/workspace/sandro/MLCQCodeSmellSamples/scripts/../dataset/commons-configuration_34357e075d63c3634310878636f9498847badcab/src/test/java/org/apache/commons/configuration2/tree/TestInMemoryNodeModelTrackedNodes.java,org.apache.commons.configuration2.tree.TestInMemoryNodeModelTrackedNodes,testTrackNodeKeyNoResults/0,model,1
/home/sandro/workspace/sandro/MLCQCodeSmellSamples/scripts/../dataset/commons-configuration_34357e075d63c3634310878636f9498847badcab/src/test/java/org/apache/commons/configuration2/tree/TestInMemoryNodeModelTrackedNodes.java,org.apache.commons.configuration2.tree.TestInMemoryNodeModelTrackedNodes,initDetachedNode/1[org.apache.commons.configuration2.tree.NodeKeyResolver<org.apache.commons.configuration2.tree.ImmutableNode>],model,2
/home/sandro/workspace/sandro/MLCQCodeSmellSamples/scripts/../dataset/commons-configuration_34357e075d63c3634310878636f9498847badcab/src/test/java/org/apache/commons/configuration2/tree/TestInMemoryNodeModelTrackedNodes.java,org.apache.commons.configuration2.tree.TestInMemoryNodeModelTrackedNodes,initDetachedNode/1[org.apache.commons.configuration2.tree.NodeKeyResolver<org.apache.commons.configuration2.tree.ImmutableNode>],selector,1
/home/sandro/workspace/sandro/MLCQCodeSmellSamples/scripts/../dataset/commons-configuration_34357e075d63c3634310878636f9498847badcab/src/test/java/org/apache/commons/configuration2/tree/TestInMemoryNodeModelTrackedNodes.java,org.apache.commons.configuration2.tree.TestInMemoryNodeModelTrackedNodes,setUpBeforeClass/0,root,1
/home/sandro/workspace/sandro/MLCQCodeSmellSamples/scripts/../dataset/commons-configuration_34357e075d63c3634310878636f9498847badcab/src/test/java/org/apache/commons/configuration2/tree/TestInMemoryNodeModelTrackedNodes.java,org.apache.commons.configuration2.tree.TestInMemoryNodeModelTrackedNodes,setUpBeforeClass/0,selector,1
/home/sandro/workspace/sandro/MLCQCodeSmellSamples/scripts/../dataset/commons-configuration_34357e075d63c3634310878636f9498847badcab/src/test/java/org/apache/commons/configuration2/tree/TestInMemoryNodeModelTrackedNodes.java,org.apache.commons.configuration2.tree.TestInMemoryNodeModelTrackedNodes,setUpBeforeClass/0,SELECTOR_KEY,1
/home/sandro/workspace/sandro/MLCQCodeSmellSamples/scripts/../dataset/commons-configuration_34357e075d63c3634310878636f9498847badcab/src/test/java/org/apache/commons/configuration2/tree/TestInMemoryNodeModelTrackedNodes.java,org.apache.commons.configuration2.tree.TestInMemoryNodeModelTrackedNodes,testClearPropertyOnTrackedNode/0,model,2
/home/sandro/workspace/sandro/MLCQCodeSmellSamples/scripts/../dataset/commons-configuration_34357e075d63c3634310878636f9498847badcab/src/test/java/org/apache/commons/configuration2/tree/TestInMemoryNodeModelTrackedNodes.java,org.apache.commons.configuration2.tree.TestInMemoryNodeModelTrackedNodes,testClearPropertyOnTrackedNode/0,selector,2
/home/sandro/workspace/sandro/MLCQCodeSmellSamples/scripts/../dataset/commons-configuration_34357e075d63c3634310878636f9498847badcab/src/test/java/org/apache/commons/configuration2/tree/TestInMemoryNodeModelTrackedNodes.java,org.apache.commons.configuration2.tree.TestInMemoryNodeModelTrackedNodes,testIsDetachedFalseNoUpdates/0,model,2
/home/sandro/workspace/sandro/MLCQCodeSmellSamples/scripts/../dataset/commons-configuration_34357e075d63c3634310878636f9498847badcab/src/test/java/org/apache/commons/configuration2/tree/TestInMemoryNodeModelTrackedNodes.java,org.apache.commons.configuration2.tree.TestInMemoryNodeModelTrackedNodes,testIsDetachedFalseNoUpdates/0,selector,2
/home/sandro/workspace/sandro/MLCQCodeSmellSamples/scripts/../dataset/commons-configuration_34357e075d63c3634310878636f9498847badcab/src/test/java/org/apache/commons/configuration2/tree/TestInMemoryNodeModelTrackedNodes.java,org.apache.commons.configuration2.tree.TestInMemoryNodeModelTrackedNodes,testSelectAndTrackNodesNoSelection/0,root,1
/home/sandro/workspace/sandro/MLCQCodeSmellSamples/scripts/../dataset/commons-configuration_34357e075d63c3634310878636f9498847badcab/src/test/java/org/apache/commons/configuration2/tree/TestInMemoryNodeModelTrackedNodes.java,org.apache.commons.configuration2.tree.TestInMemoryNodeModelTrackedNodes,testSelectAndTrackNodesNoSelection/0,model,2
/home/sandro/workspace/sandro/MLCQCodeSmellSamples/scripts/../dataset/commons-configuration_34357e075d63c3634310878636f9498847badcab/src/test/java/org/apache/commons/configuration2/tree/TestInMemoryNodeModelTrackedNodes.java,org.apache.commons.configuration2.tree.TestInMemoryNodeModelTrackedNodes,testSelectAndTrackNodesNoSelection/0,TEST_KEY,2
/home/sandro/workspace/sandro/MLCQCodeSmellSamples/scripts/../dataset/commons-configuration_34357e075d63c3634310878636f9498847badcab/src/test/java/org/apache/commons/configuration2/tree/TestInMemoryNodeModelTrackedNodes.java,org.apache.commons.configuration2.tree.TestInMemoryNodeModelTrackedNodes,testClearPropertyOnDetachedNode/0,model,3
/home/sandro/workspace/sandro/MLCQCodeSmellSamples/scripts/../dataset/commons-configuration_34357e075d63c3634310878636f9498847badcab/src/test/java/org/apache/commons/configuration2/tree/TestInMemoryNodeModelTrackedNodes.java,org.apache.commons.configuration2.tree.TestInMemoryNodeModelTrackedNodes,testClearPropertyOnDetachedNode/0,selector,1
/home/sandro/workspace/sandro/MLCQCodeSmellSamples/scripts/../dataset/commons-configuration_34357e075d63c3634310878636f9498847badcab/src/test/java/org/apache/commons/configuration2/tree/TestInMemoryNodeModelTrackedNodes.java,org.apache.commons.configuration2.tree.TestInMemoryNodeModelTrackedNodes,"expectNodeKey/3[org.apache.commons.configuration2.tree.NodeKeyResolver<org.apache.commons.configuration2.tree.ImmutableNode>,org.apache.commons.configuration2.tree.ImmutableNode,java.lang.String]",model,1
/home/sandro/workspace/sandro/MLCQCodeSmellSamples/scripts/../dataset/commons-configuration_34357e075d63c3634310878636f9498847badcab/src/test/java/org/apache/commons/configuration2/tree/TestInMemoryNodeModelTrackedNodes.java,org.apache.commons.configuration2.tree.TestInMemoryNodeModelTrackedNodes,testUntrackNodeNonExisting/0,model,1
/home/sandro/workspace/sandro/MLCQCodeSmellSamples/scripts/../dataset/commons-configuration_34357e075d63c3634310878636f9498847badcab/src/test/java/org/apache/commons/configuration2/tree/TestInMemoryNodeModelTrackedNodes.java,org.apache.commons.configuration2.tree.TestInMemoryNodeModelTrackedNodes,testUntrackNodeNonExisting/0,selector,1
/home/sandro/workspace/sandro/MLCQCodeSmellSamples/scripts/../dataset/commons-configuration_34357e075d63c3634310878636f9498847badcab/src/test/java/org/apache/commons/configuration2/tree/TestInMemoryNodeModelTrackedNodes.java,org.apache.commons.configuration2.tree.TestInMemoryNodeModelTrackedNodes,testSelectAndTrackNodes/0,root,3
/home/sandro/workspace/sandro/MLCQCodeSmellSamples/scripts/../dataset/commons-configuration_34357e075d63c3634310878636f9498847badcab/src/test/java/org/apache/commons/configuration2/tree/TestInMemoryNodeModelTrackedNodes.java,org.apache.commons.configuration2.tree.TestInMemoryNodeModelTrackedNodes,testSelectAndTrackNodes/0,model,4
/home/sandro/workspace/sandro/MLCQCodeSmellSamples/scripts/../dataset/commons-configuration_34357e075d63c3634310878636f9498847badcab/src/test/java/org/apache/commons/configuration2/tree/TestInMemoryNodeModelTrackedNodes.java,org.apache.commons.configuration2.tree.TestInMemoryNodeModelTrackedNodes,testSelectAndTrackNodes/0,TEST_KEY,2
/home/sandro/workspace/sandro/MLCQCodeSmellSamples/scripts/../dataset/commons-configuration_34357e075d63c3634310878636f9498847badcab/src/test/java/org/apache/commons/configuration2/tree/TestInMemoryNodeModelTrackedNodes.java,org.apache.commons.configuration2.tree.TestInMemoryNodeModelTrackedNodes,testGetTrackedNodeAfterUpdateNoLongerExisting/0,model,2
/home/sandro/workspace/sandro/MLCQCodeSmellSamples/scripts/../dataset/commons-configuration_34357e075d63c3634310878636f9498847badcab/src/test/java/org/apache/commons/configuration2/tree/TestInMemoryNodeModelTrackedNodes.java,org.apache.commons.configuration2.tree.TestInMemoryNodeModelTrackedNodes,testGetTrackedNodeAfterUpdateNoLongerExisting/0,selector,1
/home/sandro/workspace/sandro/MLCQCodeSmellSamples/scripts/../dataset/commons-configuration_34357e075d63c3634310878636f9498847badcab/src/test/java/org/apache/commons/configuration2/tree/TestInMemoryNodeModelTrackedNodes.java,org.apache.commons.configuration2.tree.TestInMemoryNodeModelTrackedNodes,testGetTrackedNodeAfterSetRootNode/0,root,1
/home/sandro/workspace/sandro/MLCQCodeSmellSamples/scripts/../dataset/commons-configuration_34357e075d63c3634310878636f9498847badcab/src/test/java/org/apache/commons/configuration2/tree/TestInMemoryNodeModelTrackedNodes.java,org.apache.commons.configuration2.tree.TestInMemoryNodeModelTrackedNodes,testGetTrackedNodeAfterSetRootNode/0,model,4
/home/sandro/workspace/sandro/MLCQCodeSmellSamples/scripts/../dataset/commons-configuration_34357e075d63c3634310878636f9498847badcab/src/test/java/org/apache/commons/configuration2/tree/TestInMemoryNodeModelTrackedNodes.java,org.apache.commons.configuration2.tree.TestInMemoryNodeModelTrackedNodes,testGetTrackedNodeAfterSetRootNode/0,selector,2
/home/sandro/workspace/sandro/MLCQCodeSmellSamples/scripts/../dataset/commons-configuration_34357e075d63c3634310878636f9498847badcab/src/test/java/org/apache/commons/configuration2/tree/TestInMemoryNodeModelTrackedNodes.java,org.apache.commons.configuration2.tree.TestInMemoryNodeModelTrackedNodes,testTrackChildNodeWithCreationExisting/0,root,1
/home/sandro/workspace/sandro/MLCQCodeSmellSamples/scripts/../dataset/commons-configuration_34357e075d63c3634310878636f9498847badcab/src/test/java/org/apache/commons/configuration2/tree/TestInMemoryNodeModelTrackedNodes.java,org.apache.commons.configuration2.tree.TestInMemoryNodeModelTrackedNodes,testTrackChildNodeWithCreationExisting/0,model,4
/home/sandro/workspace/sandro/MLCQCodeSmellSamples/scripts/../dataset/commons-configuration_34357e075d63c3634310878636f9498847badcab/src/test/java/org/apache/commons/configuration2/tree/TestInMemoryNodeModelTrackedNodes.java,org.apache.commons.configuration2.tree.TestInMemoryNodeModelTrackedNodes,testTrackChildNodeWithCreationExisting/0,TEST_KEY,2
/home/sandro/workspace/sandro/MLCQCodeSmellSamples/scripts/../dataset/commons-configuration_34357e075d63c3634310878636f9498847badcab/src/test/java/org/apache/commons/configuration2/tree/TestInMemoryNodeModelTrackedNodes.java,org.apache.commons.configuration2.tree.TestInMemoryNodeModelTrackedNodes,testTrackChildNodesNodeWithNoChildren/0,root,1
/home/sandro/workspace/sandro/MLCQCodeSmellSamples/scripts/../dataset/commons-configuration_34357e075d63c3634310878636f9498847badcab/src/test/java/org/apache/commons/configuration2/tree/TestInMemoryNodeModelTrackedNodes.java,org.apache.commons.configuration2.tree.TestInMemoryNodeModelTrackedNodes,checkTrackChildNodeWithCreationInvalidKey/1[java.util.List<org.apache.commons.configuration2.tree.ImmutableNode>],model,3
/home/sandro/workspace/sandro/MLCQCodeSmellSamples/scripts/../dataset/commons-configuration_34357e075d63c3634310878636f9498847badcab/src/test/java/org/apache/commons/configuration2/tree/TestInMemoryNodeModelTrackedNodes.java,org.apache.commons.configuration2.tree.TestInMemoryNodeModelTrackedNodes,checkTrackChildNodeWithCreationInvalidKey/1[java.util.List<org.apache.commons.configuration2.tree.ImmutableNode>],TEST_KEY,2
/home/sandro/workspace/sandro/MLCQCodeSmellSamples/scripts/../dataset/commons-configuration_34357e075d63c3634310878636f9498847badcab/src/test/java/org/apache/commons/configuration2/tree/TestInMemoryNodeModelTrackedNodes.java,org.apache.commons.configuration2.tree.TestInMemoryNodeModelTrackedNodes,checkReplaceTrackedNode/0,model,3
/home/sandro/workspace/sandro/MLCQCodeSmellSamples/scripts/../dataset/commons-configuration_34357e075d63c3634310878636f9498847badcab/src/test/java/org/apache/commons/configuration2/tree/TestInMemoryNodeModelTrackedNodes.java,org.apache.commons.configuration2.tree.TestInMemoryNodeModelTrackedNodes,checkReplaceTrackedNode/0,selector,3
/home/sandro/workspace/sandro/MLCQCodeSmellSamples/scripts/../dataset/commons-configuration_34357e075d63c3634310878636f9498847badcab/src/test/java/org/apache/commons/configuration2/tree/TestInMemoryNodeModelTrackedNodes.java,org.apache.commons.configuration2.tree.TestInMemoryNodeModelTrackedNodes,testTrackedNodeClearedInOperation/0,model,5
/home/sandro/workspace/sandro/MLCQCodeSmellSamples/scripts/../dataset/commons-configuration_34357e075d63c3634310878636f9498847badcab/src/test/java/org/apache/commons/configuration2/tree/TestInMemoryNodeModelTrackedNodes.java,org.apache.commons.configuration2.tree.TestInMemoryNodeModelTrackedNodes,testTrackedNodeClearedInOperation/0,selector,4
/home/sandro/workspace/sandro/MLCQCodeSmellSamples/scripts/../dataset/commons-configuration_34357e075d63c3634310878636f9498847badcab/src/test/java/org/apache/commons/configuration2/tree/TestInMemoryNodeModelTrackedNodes.java,org.apache.commons.configuration2.tree.TestInMemoryNodeModelTrackedNodes,testGetTrackedNodeHandlerDetached/0,model,4
/home/sandro/workspace/sandro/MLCQCodeSmellSamples/scripts/../dataset/commons-configuration_34357e075d63c3634310878636f9498847badcab/src/test/java/org/apache/commons/configuration2/tree/TestInMemoryNodeModelTrackedNodes.java,org.apache.commons.configuration2.tree.TestInMemoryNodeModelTrackedNodes,testGetTrackedNodeHandlerDetached/0,selector,3
/home/sandro/workspace/sandro/MLCQCodeSmellSamples/scripts/../dataset/commons-configuration_34357e075d63c3634310878636f9498847badcab/src/test/java/org/apache/commons/configuration2/tree/TestInMemoryNodeModelTrackedNodes.java,org.apache.commons.configuration2.tree.TestInMemoryNodeModelTrackedNodes,testIsDetachedAfterSetRoot/0,root,1
/home/sandro/workspace/sandro/MLCQCodeSmellSamples/scripts/../dataset/commons-configuration_34357e075d63c3634310878636f9498847badcab/src/test/java/org/apache/commons/configuration2/tree/TestInMemoryNodeModelTrackedNodes.java,org.apache.commons.configuration2.tree.TestInMemoryNodeModelTrackedNodes,testIsDetachedAfterSetRoot/0,model,4
/home/sandro/workspace/sandro/MLCQCodeSmellSamples/scripts/../dataset/commons-configuration_34357e075d63c3634310878636f9498847badcab/src/test/java/org/apache/commons/configuration2/tree/TestInMemoryNodeModelTrackedNodes.java,org.apache.commons.configuration2.tree.TestInMemoryNodeModelTrackedNodes,testIsDetachedAfterSetRoot/0,selector,2
/home/sandro/workspace/sandro/MLCQCodeSmellSamples/scripts/../dataset/commons-configuration_34357e075d63c3634310878636f9498847badcab/src/main/java/org/apache/commons/configuration2/builder/combined/CombinedConfigurationBuilder.java,org.apache.commons.configuration2.builder.combined.CombinedConfigurationBuilder,"createResultDeclaration/1[java.util.Map<java.lang.String,java.lang.Object>]",KEY_RESULT,1
/home/sandro/workspace/sandro/MLCQCodeSmellSamples/scripts/../dataset/commons-configuration_34357e075d63c3634310878636f9498847badcab/src/main/java/org/apache/commons/configuration2/builder/combined/CombinedConfigurationBuilder.java,org.apache.commons.configuration2.builder.combined.CombinedConfigurationBuilder,initDefaultChildParameters/1[org.apache.commons.configuration2.builder.BuilderParameters],currentParameters,1
/home/sandro/workspace/sandro/MLCQCodeSmellSamples/scripts/../dataset/commons-configuration_34357e075d63c3634310878636f9498847badcab/src/main/java/org/apache/commons/configuration2/builder/combined/CombinedConfigurationBuilder.java,org.apache.commons.configuration2.builder.combined.CombinedConfigurationBuilder,getChildBuilders/0,sourceData,1
/home/sandro/workspace/sandro/MLCQCodeSmellSamples/scripts/../dataset/commons-configuration_34357e075d63c3634310878636f9498847badcab/src/main/java/org/apache/commons/configuration2/builder/combined/CombinedConfigurationBuilder.java,org.apache.commons.configuration2.builder.combined.CombinedConfigurationBuilder,initResultInstance/1[org.apache.commons.configuration2.CombinedConfiguration],KEY_COMBINER,1
/home/sandro/workspace/sandro/MLCQCodeSmellSamples/scripts/../dataset/commons-configuration_34357e075d63c3634310878636f9498847badcab/src/main/java/org/apache/commons/configuration2/builder/combined/CombinedConfigurationBuilder.java,org.apache.commons.configuration2.builder.combined.CombinedConfigurationBuilder,initResultInstance/1[org.apache.commons.configuration2.CombinedConfiguration],currentXMLParameters,2
/home/sandro/workspace/sandro/MLCQCodeSmellSamples/scripts/../dataset/commons-configuration_34357e075d63c3634310878636f9498847badcab/src/main/java/org/apache/commons/configuration2/builder/combined/CombinedConfigurationBuilder.java,org.apache.commons.configuration2.builder.combined.CombinedConfigurationBuilder,initResultInstance/1[org.apache.commons.configuration2.CombinedConfiguration],KEY_OVERRIDE_LIST,1
/home/sandro/workspace/sandro/MLCQCodeSmellSamples/scripts/../dataset/commons-configuration_34357e075d63c3634310878636f9498847badcab/src/main/java/org/apache/commons/configuration2/builder/combined/CombinedConfigurationBuilder.java,org.apache.commons.configuration2.builder.combined.CombinedConfigurationBuilder,initResultInstance/1[org.apache.commons.configuration2.CombinedConfiguration],currentConfiguration,3
/home/sandro/workspace/sandro/MLCQCodeSmellSamples/scripts/../dataset/commons-configuration_34357e075d63c3634310878636f9498847badcab/src/main/java/org/apache/commons/configuration2/builder/combined/CombinedConfigurationBuilder.java,org.apache.commons.configuration2.builder.combined.CombinedConfigurationBuilder,initResultInstance/1[org.apache.commons.configuration2.CombinedConfiguration],ADDITIONAL_NAME,1
/home/sandro/workspace/sandro/MLCQCodeSmellSamples/scripts/../dataset/commons-configuration_34357e075d63c3634310878636f9498847badcab/src/main/java/org/apache/commons/configuration2/builder/combined/CombinedConfigurationBuilder.java,org.apache.commons.configuration2.builder.combined.CombinedConfigurationBuilder,initResultInstance/1[org.apache.commons.configuration2.CombinedConfiguration],KEY_ADDITIONAL_LIST,1
/home/sandro/workspace/sandro/MLCQCodeSmellSamples/scripts/../dataset/commons-configuration_34357e075d63c3634310878636f9498847badcab/src/main/java/org/apache/commons/configuration2/builder/combined/CombinedConfigurationBuilder.java,org.apache.commons.configuration2.builder.combined.CombinedConfigurationBuilder,initDefaultBasePath/0,currentXMLParameters,2
/home/sandro/workspace/sandro/MLCQCodeSmellSamples/scripts/../dataset/commons-configuration_34357e075d63c3634310878636f9498847badcab/src/main/java/org/apache/commons/configuration2/builder/combined/CombinedConfigurationBuilder.java,org.apache.commons.configuration2.builder.combined.CombinedConfigurationBuilder,initDefaultBasePath/0,currentParameters,3
/home/sandro/workspace/sandro/MLCQCodeSmellSamples/scripts/../dataset/commons-configuration_34357e075d63c3634310878636f9498847badcab/src/main/java/org/apache/commons/configuration2/builder/combined/CombinedConfigurationBuilder.java,org.apache.commons.configuration2.builder.combined.CombinedConfigurationBuilder,"registerConfiguredLookups/2[org.apache.commons.configuration2.HierarchicalConfiguration<?>,org.apache.commons.configuration2.Configuration]",KEY_LOOKUP_KEY,1
/home/sandro/workspace/sandro/MLCQCodeSmellSamples/scripts/../dataset/commons-configuration_34357e075d63c3634310878636f9498847badcab/src/main/java/org/apache/commons/configuration2/builder/combined/CombinedConfigurationBuilder.java,org.apache.commons.configuration2.builder.combined.CombinedConfigurationBuilder,"registerConfiguredLookups/2[org.apache.commons.configuration2.HierarchicalConfiguration<?>,org.apache.commons.configuration2.Configuration]",KEY_CONFIGURATION_LOOKUPS,1
/home/sandro/workspace/sandro/MLCQCodeSmellSamples/scripts/../dataset/commons-configuration_34357e075d63c3634310878636f9498847badcab/src/main/java/org/apache/commons/configuration2/builder/combined/CombinedConfigurationBuilder.java,org.apache.commons.configuration2.builder.combined.CombinedConfigurationBuilder,initChildCombinedParameters/1[org.apache.commons.configuration2.builder.combined.CombinedBuilderParametersImpl],currentParameters,1
/home/sandro/workspace/sandro/MLCQCodeSmellSamples/scripts/../dataset/commons-configuration_34357e075d63c3634310878636f9498847badcab/src/main/java/org/apache/commons/configuration2/builder/combined/CombinedConfigurationBuilder.java,org.apache.commons.configuration2.builder.combined.CombinedConfigurationBuilder,initChildFileBasedParameters/1[org.apache.commons.configuration2.builder.FileBasedBuilderProperties<?>],currentXMLParameters,1
/home/sandro/workspace/sandro/MLCQCodeSmellSamples/scripts/../dataset/commons-configuration_34357e075d63c3634310878636f9498847badcab/src/main/java/org/apache/commons/configuration2/builder/combined/CombinedConfigurationBuilder.java,org.apache.commons.configuration2.builder.combined.CombinedConfigurationBuilder,getDefinitionConfiguration/0,definitionConfiguration,3
/home/sandro/workspace/sandro/MLCQCodeSmellSamples/scripts/../dataset/commons-configuration_34357e075d63c3634310878636f9498847badcab/src/main/java/org/apache/commons/configuration2/builder/combined/CombinedConfigurationBuilder.java,org.apache.commons.configuration2.builder.combined.CombinedConfigurationBuilder,getSourceData/0,currentParameters,1
/home/sandro/workspace/sandro/MLCQCodeSmellSamples/scripts/../dataset/commons-configuration_34357e075d63c3634310878636f9498847badcab/src/main/java/org/apache/commons/configuration2/builder/combined/CombinedConfigurationBuilder.java,org.apache.commons.configuration2.builder.combined.CombinedConfigurationBuilder,getSourceData/0,sourceData,3
/home/sandro/workspace/sandro/MLCQCodeSmellSamples/scripts/../dataset/commons-configuration_34357e075d63c3634310878636f9498847badcab/src/main/java/org/apache/commons/configuration2/builder/combined/CombinedConfigurationBuilder.java,org.apache.commons.configuration2.builder.combined.CombinedConfigurationBuilder,initChildXMLParameters/1[org.apache.commons.configuration2.builder.XMLBuilderProperties<?>],currentXMLParameters,1
/home/sandro/workspace/sandro/MLCQCodeSmellSamples/scripts/../dataset/commons-configuration_34357e075d63c3634310878636f9498847badcab/src/main/java/org/apache/commons/configuration2/builder/combined/CombinedConfigurationBuilder.java,org.apache.commons.configuration2.builder.combined.CombinedConfigurationBuilder,setUpCurrentParameters/0,currentParameters,2
/home/sandro/workspace/sandro/MLCQCodeSmellSamples/scripts/../dataset/commons-configuration_34357e075d63c3634310878636f9498847badcab/src/main/java/org/apache/commons/configuration2/builder/combined/CombinedConfigurationBuilder.java,org.apache.commons.configuration2.builder.combined.CombinedConfigurationBuilder,setUpCurrentParameters/0,DEFAULT_PROVIDERS_MAP,1
/home/sandro/workspace/sandro/MLCQCodeSmellSamples/scripts/../dataset/commons-configuration_34357e075d63c3634310878636f9498847badcab/src/main/java/org/apache/commons/configuration2/builder/combined/CombinedConfigurationBuilder.java,org.apache.commons.configuration2.builder.combined.CombinedConfigurationBuilder,getDefinitionBuilder/0,definitionBuilder,4
/home/sandro/workspace/sandro/MLCQCodeSmellSamples/scripts/../dataset/commons-configuration_34357e075d63c3634310878636f9498847badcab/src/main/java/org/apache/commons/configuration2/builder/combined/CombinedConfigurationBuilder.java,org.apache.commons.configuration2.builder.combined.CombinedConfigurationBuilder,"configureEntityResolver/2[org.apache.commons.configuration2.HierarchicalConfiguration<?>,org.apache.commons.configuration2.builder.XMLBuilderParametersImpl]",KEY_ENTITY_RESOLVER,2
/home/sandro/workspace/sandro/MLCQCodeSmellSamples/scripts/../dataset/commons-configuration_34357e075d63c3634310878636f9498847badcab/src/main/java/org/apache/commons/configuration2/builder/combined/CombinedConfigurationBuilder.java,org.apache.commons.configuration2.builder.combined.CombinedConfigurationBuilder,createDefaultProviders/0,DEFAULT_TAGS,1
/home/sandro/workspace/sandro/MLCQCodeSmellSamples/scripts/../dataset/commons-configuration_34357e075d63c3634310878636f9498847badcab/src/main/java/org/apache/commons/configuration2/builder/combined/CombinedConfigurationBuilder.java,org.apache.commons.configuration2.builder.combined.CombinedConfigurationBuilder,createDefaultProviders/0,DEFAULT_PROVIDERS,1
/home/sandro/workspace/sandro/MLCQCodeSmellSamples/scripts/../dataset/commons-configuration_34357e075d63c3634310878636f9498847badcab/src/main/java/org/apache/commons/configuration2/builder/combined/CombinedConfigurationBuilder.java,org.apache.commons.configuration2.builder.combined.CombinedConfigurationBuilder,resetParameters/0,currentXMLParameters,1
/home/sandro/workspace/sandro/MLCQCodeSmellSamples/scripts/../dataset/commons-configuration_34357e075d63c3634310878636f9498847badcab/src/main/java/org/apache/commons/configuration2/builder/combined/CombinedConfigurationBuilder.java,org.apache.commons.configuration2.builder.combined.CombinedConfigurationBuilder,resetParameters/0,currentParameters,1
/home/sandro/workspace/sandro/MLCQCodeSmellSamples/scripts/../dataset/commons-configuration_34357e075d63c3634310878636f9498847badcab/src/main/java/org/apache/commons/configuration2/builder/combined/CombinedConfigurationBuilder.java,org.apache.commons.configuration2.builder.combined.CombinedConfigurationBuilder,resetParameters/0,definitionBuilder,1
/home/sandro/workspace/sandro/MLCQCodeSmellSamples/scripts/../dataset/commons-configuration_34357e075d63c3634310878636f9498847badcab/src/main/java/org/apache/commons/configuration2/builder/combined/CombinedConfigurationBuilder.java,org.apache.commons.configuration2.builder.combined.CombinedConfigurationBuilder,resetParameters/0,definitionConfiguration,1
/home/sandro/workspace/sandro/MLCQCodeSmellSamples/scripts/../dataset/commons-configuration_34357e075d63c3634310878636f9498847badcab/src/main/java/org/apache/commons/configuration2/builder/combined/CombinedConfigurationBuilder.java,org.apache.commons.configuration2.builder.combined.CombinedConfigurationBuilder,resetParameters/0,sourceData,3
/home/sandro/workspace/sandro/MLCQCodeSmellSamples/scripts/../dataset/commons-configuration_34357e075d63c3634310878636f9498847badcab/src/main/java/org/apache/commons/configuration2/builder/combined/CombinedConfigurationBuilder.java,org.apache.commons.configuration2.builder.combined.CombinedConfigurationBuilder,initChildBasicParameters/1[org.apache.commons.configuration2.builder.BasicBuilderParameters],currentParameters,1
/home/sandro/workspace/sandro/MLCQCodeSmellSamples/scripts/../dataset/commons-configuration_34357e075d63c3634310878636f9498847badcab/src/main/java/org/apache/commons/configuration2/builder/combined/CombinedConfigurationBuilder.java,org.apache.commons.configuration2.builder.combined.CombinedConfigurationBuilder,initChildBasicParameters/1[org.apache.commons.configuration2.builder.BasicBuilderParameters],parentInterpolator,1
/home/sandro/workspace/sandro/MLCQCodeSmellSamples/scripts/../dataset/commons-configuration_34357e075d63c3634310878636f9498847badcab/src/main/java/org/apache/commons/configuration2/builder/combined/CombinedConfigurationBuilder.java,org.apache.commons.configuration2.builder.combined.CombinedConfigurationBuilder,registerConfiguredProviders/1[org.apache.commons.configuration2.HierarchicalConfiguration<?>],KEY_PROVIDER_KEY,1
/home/sandro/workspace/sandro/MLCQCodeSmellSamples/scripts/../dataset/commons-configuration_34357e075d63c3634310878636f9498847badcab/src/main/java/org/apache/commons/configuration2/builder/combined/CombinedConfigurationBuilder.java,org.apache.commons.configuration2.builder.combined.CombinedConfigurationBuilder,registerConfiguredProviders/1[org.apache.commons.configuration2.HierarchicalConfiguration<?>],currentParameters,1
/home/sandro/workspace/sandro/MLCQCodeSmellSamples/scripts/../dataset/commons-configuration_34357e075d63c3634310878636f9498847badcab/src/main/java/org/apache/commons/configuration2/builder/combined/CombinedConfigurationBuilder.java,org.apache.commons.configuration2.builder.combined.CombinedConfigurationBuilder,registerConfiguredProviders/1[org.apache.commons.configuration2.HierarchicalConfiguration<?>],KEY_CONFIGURATION_PROVIDERS,1
/home/sandro/workspace/sandro/MLCQCodeSmellSamples/scripts/../dataset/commons-configuration_34357e075d63c3634310878636f9498847badcab/src/main/java/org/apache/commons/configuration2/builder/combined/CombinedConfigurationBuilder.java,org.apache.commons.configuration2.builder.combined.CombinedConfigurationBuilder,builderNames/0,sourceData,2
/home/sandro/workspace/sandro/MLCQCodeSmellSamples/scripts/../dataset/commons-configuration_34357e075d63c3634310878636f9498847badcab/src/main/java/org/apache/commons/configuration2/builder/combined/CombinedConfigurationBuilder.java,org.apache.commons.configuration2.builder.combined.CombinedConfigurationBuilder,"initSystemProperties/2[org.apache.commons.configuration2.HierarchicalConfiguration<?>,java.lang.String]",KEY_SYSTEM_PROPS,1
/home/sandro/workspace/sandro/MLCQCodeSmellSamples/scripts/../dataset/commons-configuration_34357e075d63c3634310878636f9498847badcab/src/main/java/org/apache/commons/configuration2/builder/combined/CombinedConfigurationBuilder.java,org.apache.commons.configuration2.builder.combined.CombinedConfigurationBuilder,getConfigurationUnderConstruction/0,currentConfiguration,1
/home/sandro/workspace/sandro/MLCQCodeSmellSamples/scripts/../dataset/commons-configuration_34357e075d63c3634310878636f9498847badcab/src/main/java/org/apache/commons/configuration2/builder/combined/CombinedConfigurationBuilder.java,org.apache.commons.configuration2.builder.combined.CombinedConfigurationBuilder,providerForTag/1[java.lang.String],currentParameters,1
/home/sandro/workspace/sandro/MLCQCodeSmellSamples/scripts/../dataset/commons-configuration_34357e075d63c3634310878636f9498847badcab/src/main/java/org/apache/commons/configuration2/builder/combined/CombinedConfigurationBuilder.java,org.apache.commons.configuration2.builder.combined.CombinedConfigurationBuilder,"setUpParentInterpolator/2[org.apache.commons.configuration2.Configuration,org.apache.commons.configuration2.Configuration]",parentInterpolator,3
/home/sandro/workspace/sandro/MLCQCodeSmellSamples/scripts/../dataset/commons-configuration_34357e075d63c3634310878636f9498847badcab/src/main/java/org/apache/commons/configuration2/builder/combined/CombinedConfigurationBuilder.java,org.apache.commons.configuration2.builder.combined.CombinedConfigurationBuilder,initFileSystem/1[org.apache.commons.configuration2.HierarchicalConfiguration<?>],FILE_SYSTEM,2
/home/sandro/workspace/sandro/MLCQCodeSmellSamples/scripts/../dataset/commons-configuration_34357e075d63c3634310878636f9498847badcab/src/main/java/org/apache/commons/configuration2/builder/combined/CombinedConfigurationBuilder.java,org.apache.commons.configuration2.builder.combined.CombinedConfigurationBuilder,setUpCurrentXMLParameters/0,currentXMLParameters,1
/home/sandro/workspace/sandro/MLCQCodeSmellSamples/scripts/../dataset/commons-configuration_34357e075d63c3634310878636f9498847badcab/src/main/java/org/apache/commons/configuration2/builder/combined/CombinedConfigurationBuilder.java,org.apache.commons.configuration2.builder.combined.CombinedConfigurationBuilder,getBasePath/0,currentXMLParameters,1
/home/sandro/workspace/sandro/MLCQCodeSmellSamples/scripts/../dataset/commons-configuration_34357e075d63c3634310878636f9498847badcab/src/main/java/org/apache/commons/configuration2/builder/combined/CombinedConfigurationBuilder.java,org.apache.commons.configuration2.builder.combined.CombinedConfigurationBuilder,getNamedBuilder/1[java.lang.String],sourceData,2
/home/sandro/workspace/sandro/MLCQCodeSmellSamples/scripts/../dataset/commons-configuration_34357e075d63c3634310878636f9498847badcab/src/main/java/org/apache/commons/configuration2/builder/combined/MultiFileConfigurationBuilderProvider.java,org.apache.commons.configuration2.builder.combined.MultiFileConfigurationBuilderProvider,"MultiFileConfigurationBuilderProvider/2[java.lang.String,java.lang.String]",BUILDER_CLASS,1
/home/sandro/workspace/sandro/MLCQCodeSmellSamples/scripts/../dataset/commons-configuration_34357e075d63c3634310878636f9498847badcab/src/main/java/org/apache/commons/configuration2/builder/combined/MultiFileConfigurationBuilderProvider.java,org.apache.commons.configuration2.builder.combined.MultiFileConfigurationBuilderProvider,"MultiFileConfigurationBuilderProvider/2[java.lang.String,java.lang.String]",PARAM_CLASS,1
/home/sandro/workspace/sandro/MLCQCodeSmellSamples/scripts/../dataset/commons-configuration_34357e075d63c3634310878636f9498847badcab/src/main/java/org/apache/commons/configuration2/builder/combined/MultiFileConfigurationBuilderProvider.java,org.apache.commons.configuration2.builder.combined.MultiFileConfigurationBuilderProvider,"MultiFileConfigurationBuilderProvider/2[java.lang.String,java.lang.String]",RELOADING_BUILDER_CLASS,1
/home/sandro/workspace/sandro/MLCQCodeSmellSamples/scripts/../dataset/commons-configuration_34357e075d63c3634310878636f9498847badcab/src/test/java/org/apache/commons/configuration2/convert/TestPropertyConverter.java,org.apache.commons.configuration2.convert.TestPropertyConverter,testToEnumFromInvalidNumber/0,ENUM_CLASS,1
/home/sandro/workspace/sandro/MLCQCodeSmellSamples/scripts/../dataset/commons-configuration_34357e075d63c3634310878636f9498847badcab/src/test/java/org/apache/commons/configuration2/convert/TestPropertyConverter.java,org.apache.commons.configuration2.convert.TestPropertyConverter,testToEnumFromNumber/0,ENUM_CLASS,1
/home/sandro/workspace/sandro/MLCQCodeSmellSamples/scripts/../dataset/commons-configuration_34357e075d63c3634310878636f9498847badcab/src/test/java/org/apache/commons/configuration2/convert/TestPropertyConverter.java,org.apache.commons.configuration2.convert.TestPropertyConverter,testToEnumFromEnum/0,ENUM_CLASS,1
/home/sandro/workspace/sandro/MLCQCodeSmellSamples/scripts/../dataset/commons-configuration_34357e075d63c3634310878636f9498847badcab/src/test/java/org/apache/commons/configuration2/convert/TestPropertyConverter.java,org.apache.commons.configuration2.convert.TestPropertyConverter,testToEnumFromString/0,ENUM_CLASS,1
/home/sandro/workspace/sandro/MLCQCodeSmellSamples/scripts/../dataset/commons-configuration_34357e075d63c3634310878636f9498847badcab/src/test/java/org/apache/commons/configuration2/convert/TestPropertyConverter.java,org.apache.commons.configuration2.convert.TestPropertyConverter,testToEnumFromInvalidString/0,ENUM_CLASS,1
/home/sandro/workspace/sandro/MLCQCodeSmellSamples/scripts/../dataset/commons-configuration_34357e075d63c3634310878636f9498847badcab/src/test/java/org/apache/commons/configuration2/TestPropertiesConfiguration.java,org.apache.commons.configuration2.TestPropertiesConfiguration$MockHttpURLConnection,"MockHttpURLConnection/3[java.net.URL,int,java.io.File]",returnCode,1
/home/sandro/workspace/sandro/MLCQCodeSmellSamples/scripts/../dataset/commons-configuration_34357e075d63c3634310878636f9498847badcab/src/test/java/org/apache/commons/configuration2/TestPropertiesConfiguration.java,org.apache.commons.configuration2.TestPropertiesConfiguration$MockHttpURLConnection,"MockHttpURLConnection/3[java.net.URL,int,java.io.File]",outputFile,1
/home/sandro/workspace/sandro/MLCQCodeSmellSamples/scripts/../dataset/commons-configuration_34357e075d63c3634310878636f9498847badcab/src/test/java/org/apache/commons/configuration2/TestPropertiesConfiguration.java,org.apache.commons.configuration2.TestPropertiesConfiguration$MockHttpURLConnection,getResponseCode/0,returnCode,1
/home/sandro/workspace/sandro/MLCQCodeSmellSamples/scripts/../dataset/commons-configuration_34357e075d63c3634310878636f9498847badcab/src/test/java/org/apache/commons/configuration2/TestPropertiesConfiguration.java,org.apache.commons.configuration2.TestPropertiesConfiguration$MockHttpURLConnection,getOutputStream/0,outputFile,1
/home/sandro/workspace/sandro/MLCQCodeSmellSamples/scripts/../dataset/commons-configuration_34357e075d63c3634310878636f9498847badcab/src/main/java/org/apache/commons/configuration2/builder/combined/MultiFileConfigurationBuilderProvider.java,org.apache.commons.configuration2.builder.combined.MultiFileConfigurationBuilderProvider$ReloadableWrapperBuilder,"ReloadableWrapperBuilder/2[org.apache.commons.configuration2.Configuration,org.apache.commons.configuration2.builder.ConfigurationBuilder<? extends org.apache.commons.configuration2.Configuration>]",ctrlSupport,1
/home/sandro/workspace/sandro/MLCQCodeSmellSamples/scripts/../dataset/commons-configuration_34357e075d63c3634310878636f9498847badcab/src/main/java/org/apache/commons/configuration2/builder/combined/MultiFileConfigurationBuilderProvider.java,org.apache.commons.configuration2.builder.combined.MultiFileConfigurationBuilderProvider$ReloadableWrapperBuilder,getReloadingController/0,ctrlSupport,1
/home/sandro/workspace/sandro/MLCQCodeSmellSamples/scripts/../dataset/commons-configuration_34357e075d63c3634310878636f9498847badcab/src/main/java/org/apache/commons/configuration2/MapConfiguration.java,org.apache.commons.configuration2.MapConfiguration,getMap/0,map,1
/home/sandro/workspace/sandro/MLCQCodeSmellSamples/scripts/../dataset/commons-configuration_34357e075d63c3634310878636f9498847badcab/src/main/java/org/apache/commons/configuration2/MapConfiguration.java,org.apache.commons.configuration2.MapConfiguration,clearPropertyDirect/1[java.lang.String],map,1
/home/sandro/workspace/sandro/MLCQCodeSmellSamples/scripts/../dataset/commons-configuration_34357e075d63c3634310878636f9498847badcab/src/main/java/org/apache/commons/configuration2/MapConfiguration.java,org.apache.commons.configuration2.MapConfiguration,"MapConfiguration/1[java.util.Map<java.lang.String,?>]",map,4
/home/sandro/workspace/sandro/MLCQCodeSmellSamples/scripts/../dataset/commons-configuration_34357e075d63c3634310878636f9498847badcab/src/main/java/org/apache/commons/configuration2/MapConfiguration.java,org.apache.commons.configuration2.MapConfiguration,getPropertyInternal/1[java.lang.String],map,1
/home/sandro/workspace/sandro/MLCQCodeSmellSamples/scripts/../dataset/commons-configuration_34357e075d63c3634310878636f9498847badcab/src/main/java/org/apache/commons/configuration2/MapConfiguration.java,org.apache.commons.configuration2.MapConfiguration,clone/0,map,1
/home/sandro/workspace/sandro/MLCQCodeSmellSamples/scripts/../dataset/commons-configuration_34357e075d63c3634310878636f9498847badcab/src/main/java/org/apache/commons/configuration2/MapConfiguration.java,org.apache.commons.configuration2.MapConfiguration,isTrimmingDisabled/0,trimmingDisabled,1
/home/sandro/workspace/sandro/MLCQCodeSmellSamples/scripts/../dataset/commons-configuration_34357e075d63c3634310878636f9498847badcab/src/main/java/org/apache/commons/configuration2/MapConfiguration.java,org.apache.commons.configuration2.MapConfiguration,getKeysInternal/0,map,1
/home/sandro/workspace/sandro/MLCQCodeSmellSamples/scripts/../dataset/commons-configuration_34357e075d63c3634310878636f9498847badcab/src/main/java/org/apache/commons/configuration2/MapConfiguration.java,org.apache.commons.configuration2.MapConfiguration,isEmptyInternal/0,map,1
/home/sandro/workspace/sandro/MLCQCodeSmellSamples/scripts/../dataset/commons-configuration_34357e075d63c3634310878636f9498847badcab/src/main/java/org/apache/commons/configuration2/MapConfiguration.java,org.apache.commons.configuration2.MapConfiguration,toString/0,trimmingDisabled,1
/home/sandro/workspace/sandro/MLCQCodeSmellSamples/scripts/../dataset/commons-configuration_34357e075d63c3634310878636f9498847badcab/src/main/java/org/apache/commons/configuration2/MapConfiguration.java,org.apache.commons.configuration2.MapConfiguration,toString/0,map,1
/home/sandro/workspace/sandro/MLCQCodeSmellSamples/scripts/../dataset/commons-configuration_34357e075d63c3634310878636f9498847badcab/src/main/java/org/apache/commons/configuration2/MapConfiguration.java,org.apache.commons.configuration2.MapConfiguration,containsKeyInternal/1[java.lang.String],map,1
/home/sandro/workspace/sandro/MLCQCodeSmellSamples/scripts/../dataset/commons-configuration_34357e075d63c3634310878636f9498847badcab/src/main/java/org/apache/commons/configuration2/MapConfiguration.java,org.apache.commons.configuration2.MapConfiguration,sizeInternal/0,map,1
/home/sandro/workspace/sandro/MLCQCodeSmellSamples/scripts/../dataset/commons-configuration_34357e075d63c3634310878636f9498847badcab/src/main/java/org/apache/commons/configuration2/MapConfiguration.java,org.apache.commons.configuration2.MapConfiguration,MapConfiguration/1[java.util.Properties],map,1
/home/sandro/workspace/sandro/MLCQCodeSmellSamples/scripts/../dataset/commons-configuration_34357e075d63c3634310878636f9498847badcab/src/main/java/org/apache/commons/configuration2/MapConfiguration.java,org.apache.commons.configuration2.MapConfiguration,setTrimmingDisabled/1[boolean],trimmingDisabled,4
/home/sandro/workspace/sandro/MLCQCodeSmellSamples/scripts/../dataset/commons-configuration_34357e075d63c3634310878636f9498847badcab/src/main/java/org/apache/commons/configuration2/MapConfiguration.java,org.apache.commons.configuration2.MapConfiguration,"addPropertyDirect/2[java.lang.String,java.lang.Object]",map,2
/home/sandro/workspace/sandro/MLCQCodeSmellSamples/scripts/../dataset/commons-configuration_34357e075d63c3634310878636f9498847badcab/src/main/java/org/apache/commons/configuration2/plist/XMLPropertyListConfiguration.java,org.apache.commons.configuration2.plist.XMLPropertyListConfiguration$XMLPropertyListHandler,"endElement/3[java.lang.String,java.lang.String,java.lang.String]",buffer,8
/home/sandro/workspace/sandro/MLCQCodeSmellSamples/scripts/../dataset/commons-configuration_34357e075d63c3634310878636f9498847badcab/src/main/java/org/apache/commons/configuration2/plist/XMLPropertyListConfiguration.java,org.apache.commons.configuration2.plist.XMLPropertyListConfiguration$XMLPropertyListHandler,XMLPropertyListHandler/0,resultBuilder,2
/home/sandro/workspace/sandro/MLCQCodeSmellSamples/scripts/../dataset/commons-configuration_34357e075d63c3634310878636f9498847badcab/src/main/java/org/apache/commons/configuration2/plist/XMLPropertyListConfiguration.java,org.apache.commons.configuration2.plist.XMLPropertyListConfiguration$XMLPropertyListHandler,push/1[org.apache.commons.configuration2.plist.XMLPropertyListConfiguration.PListNodeBuilder],stack,1
/home/sandro/workspace/sandro/MLCQCodeSmellSamples/scripts/../dataset/commons-configuration_34357e075d63c3634310878636f9498847badcab/src/main/java/org/apache/commons/configuration2/plist/XMLPropertyListConfiguration.java,org.apache.commons.configuration2.plist.XMLPropertyListConfiguration$XMLPropertyListHandler,getResultBuilder/0,resultBuilder,1
/home/sandro/workspace/sandro/MLCQCodeSmellSamples/scripts/../dataset/commons-configuration_34357e075d63c3634310878636f9498847badcab/src/main/java/org/apache/commons/configuration2/plist/XMLPropertyListConfiguration.java,org.apache.commons.configuration2.plist.XMLPropertyListConfiguration$XMLPropertyListHandler,pop/0,stack,3
/home/sandro/workspace/sandro/MLCQCodeSmellSamples/scripts/../dataset/commons-configuration_34357e075d63c3634310878636f9498847badcab/src/main/java/org/apache/commons/configuration2/plist/XMLPropertyListConfiguration.java,org.apache.commons.configuration2.plist.XMLPropertyListConfiguration$XMLPropertyListHandler,"characters/3[char[],int,int]",buffer,1
/home/sandro/workspace/sandro/MLCQCodeSmellSamples/scripts/../dataset/commons-configuration_34357e075d63c3634310878636f9498847badcab/src/main/java/org/apache/commons/configuration2/plist/XMLPropertyListConfiguration.java,org.apache.commons.configuration2.plist.XMLPropertyListConfiguration$XMLPropertyListHandler,peek/0,stack,3
/home/sandro/workspace/sandro/MLCQCodeSmellSamples/scripts/../dataset/commons-configuration_34357e075d63c3634310878636f9498847badcab/src/test/java/org/apache/commons/configuration2/TestPropertiesConfiguration.java,org.apache.commons.configuration2.TestPropertiesConfiguration$DummyLayout,"load/2[org.apache.commons.configuration2.PropertiesConfiguration,java.io.Reader]",loadCalls,1
/home/sandro/workspace/sandro/MLCQCodeSmellSamples/scripts/../dataset/commons-configuration_34357e075d63c3634310878636f9498847badcab/src/main/java/org/apache/commons/configuration2/DynamicCombinedConfiguration.java,org.apache.commons.configuration2.DynamicCombinedConfiguration$ConfigData,"ConfigData/3[org.apache.commons.configuration2.Configuration,java.lang.String,java.lang.String]",at,4
/home/sandro/workspace/sandro/MLCQCodeSmellSamples/scripts/../dataset/commons-configuration_34357e075d63c3634310878636f9498847badcab/src/main/java/org/apache/commons/configuration2/DynamicCombinedConfiguration.java,org.apache.commons.configuration2.DynamicCombinedConfiguration$ConfigData,"ConfigData/3[org.apache.commons.configuration2.Configuration,java.lang.String,java.lang.String]",configuration,1
/home/sandro/workspace/sandro/MLCQCodeSmellSamples/scripts/../dataset/commons-configuration_34357e075d63c3634310878636f9498847badcab/src/main/java/org/apache/commons/configuration2/DynamicCombinedConfiguration.java,org.apache.commons.configuration2.DynamicCombinedConfiguration$ConfigData,"ConfigData/3[org.apache.commons.configuration2.Configuration,java.lang.String,java.lang.String]",name,1
/home/sandro/workspace/sandro/MLCQCodeSmellSamples/scripts/../dataset/commons-configuration_34357e075d63c3634310878636f9498847badcab/src/main/java/org/apache/commons/configuration2/DynamicCombinedConfiguration.java,org.apache.commons.configuration2.DynamicCombinedConfiguration$ConfigData,getConfiguration/0,configuration,1
/home/sandro/workspace/sandro/MLCQCodeSmellSamples/scripts/../dataset/commons-configuration_34357e075d63c3634310878636f9498847badcab/src/main/java/org/apache/commons/configuration2/DynamicCombinedConfiguration.java,org.apache.commons.configuration2.DynamicCombinedConfiguration$ConfigData,getName/0,name,1
/home/sandro/workspace/sandro/MLCQCodeSmellSamples/scripts/../dataset/commons-configuration_34357e075d63c3634310878636f9498847badcab/src/main/java/org/apache/commons/configuration2/DynamicCombinedConfiguration.java,org.apache.commons.configuration2.DynamicCombinedConfiguration$ConfigData,getAt/0,at,1
/home/sandro/workspace/sandro/MLCQCodeSmellSamples/scripts/../dataset/commons-configuration_34357e075d63c3634310878636f9498847badcab/src/test/java/org/apache/commons/configuration2/builder/combined/TestReloadingCombinedConfigurationBuilderFileBased.java,org.apache.commons.configuration2.builder.combined.TestReloadingCombinedConfigurationBuilderFileBased$ReloadThread,run/0,failures,3
/home/sandro/workspace/sandro/MLCQCodeSmellSamples/scripts/../dataset/commons-configuration_34357e075d63c3634310878636f9498847badcab/src/test/java/org/apache/commons/configuration2/builder/combined/TestReloadingCombinedConfigurationBuilderFileBased.java,org.apache.commons.configuration2.builder.combined.TestReloadingCombinedConfigurationBuilderFileBased$ReloadThread,run/0,count,1
/home/sandro/workspace/sandro/MLCQCodeSmellSamples/scripts/../dataset/commons-configuration_34357e075d63c3634310878636f9498847badcab/src/test/java/org/apache/commons/configuration2/builder/combined/TestReloadingCombinedConfigurationBuilderFileBased.java,org.apache.commons.configuration2.builder.combined.TestReloadingCombinedConfigurationBuilderFileBased$ReloadThread,run/0,builder,2
/home/sandro/workspace/sandro/MLCQCodeSmellSamples/scripts/../dataset/commons-configuration_34357e075d63c3634310878636f9498847badcab/src/test/java/org/apache/commons/configuration2/builder/combined/TestReloadingCombinedConfigurationBuilderFileBased.java,org.apache.commons.configuration2.builder.combined.TestReloadingCombinedConfigurationBuilderFileBased$ReloadThread,run/0,index,3
/home/sandro/workspace/sandro/MLCQCodeSmellSamples/scripts/../dataset/commons-configuration_34357e075d63c3634310878636f9498847badcab/src/test/java/org/apache/commons/configuration2/builder/combined/TestReloadingCombinedConfigurationBuilderFileBased.java,org.apache.commons.configuration2.builder.combined.TestReloadingCombinedConfigurationBuilderFileBased$ReloadThread,"ReloadThread/4[org.apache.commons.configuration2.builder.combined.ReloadingCombinedConfigurationBuilder,int[],int,int]",failures,3
/home/sandro/workspace/sandro/MLCQCodeSmellSamples/scripts/../dataset/commons-configuration_34357e075d63c3634310878636f9498847badcab/src/test/java/org/apache/commons/configuration2/builder/combined/TestReloadingCombinedConfigurationBuilderFileBased.java,org.apache.commons.configuration2.builder.combined.TestReloadingCombinedConfigurationBuilderFileBased$ReloadThread,"ReloadThread/4[org.apache.commons.configuration2.builder.combined.ReloadingCombinedConfigurationBuilder,int[],int,int]",count,3
/home/sandro/workspace/sandro/MLCQCodeSmellSamples/scripts/../dataset/commons-configuration_34357e075d63c3634310878636f9498847badcab/src/test/java/org/apache/commons/configuration2/builder/combined/TestReloadingCombinedConfigurationBuilderFileBased.java,org.apache.commons.configuration2.builder.combined.TestReloadingCombinedConfigurationBuilderFileBased$ReloadThread,"ReloadThread/4[org.apache.commons.configuration2.builder.combined.ReloadingCombinedConfigurationBuilder,int[],int,int]",builder,1
/home/sandro/workspace/sandro/MLCQCodeSmellSamples/scripts/../dataset/commons-configuration_34357e075d63c3634310878636f9498847badcab/src/test/java/org/apache/commons/configuration2/builder/combined/TestReloadingCombinedConfigurationBuilderFileBased.java,org.apache.commons.configuration2.builder.combined.TestReloadingCombinedConfigurationBuilderFileBased$ReloadThread,"ReloadThread/4[org.apache.commons.configuration2.builder.combined.ReloadingCombinedConfigurationBuilder,int[],int,int]",index,3
/home/sandro/workspace/sandro/MLCQCodeSmellSamples/scripts/../dataset/commons-configuration_34357e075d63c3634310878636f9498847badcab/src/main/java/org/apache/commons/configuration2/tree/NodeAddData.java,org.apache.commons.configuration2.tree.NodeAddData,getPathNodes/0,pathNodes,1
/home/sandro/workspace/sandro/MLCQCodeSmellSamples/scripts/../dataset/commons-configuration_34357e075d63c3634310878636f9498847badcab/src/main/java/org/apache/commons/configuration2/tree/NodeAddData.java,org.apache.commons.configuration2.tree.NodeAddData,getParent/0,parent,1
/home/sandro/workspace/sandro/MLCQCodeSmellSamples/scripts/../dataset/commons-configuration_34357e075d63c3634310878636f9498847badcab/src/main/java/org/apache/commons/configuration2/tree/NodeAddData.java,org.apache.commons.configuration2.tree.NodeAddData,"NodeAddData/4[T,java.lang.String,boolean,java.util.Collection<java.lang.String>]",pathNodes,1
/home/sandro/workspace/sandro/MLCQCodeSmellSamples/scripts/../dataset/commons-configuration_34357e075d63c3634310878636f9498847badcab/src/main/java/org/apache/commons/configuration2/tree/NodeAddData.java,org.apache.commons.configuration2.tree.NodeAddData,"NodeAddData/4[T,java.lang.String,boolean,java.util.Collection<java.lang.String>]",parent,1
/home/sandro/workspace/sandro/MLCQCodeSmellSamples/scripts/../dataset/commons-configuration_34357e075d63c3634310878636f9498847badcab/src/main/java/org/apache/commons/configuration2/tree/NodeAddData.java,org.apache.commons.configuration2.tree.NodeAddData,"NodeAddData/4[T,java.lang.String,boolean,java.util.Collection<java.lang.String>]",newNodeName,1
/home/sandro/workspace/sandro/MLCQCodeSmellSamples/scripts/../dataset/commons-configuration_34357e075d63c3634310878636f9498847badcab/src/main/java/org/apache/commons/configuration2/tree/NodeAddData.java,org.apache.commons.configuration2.tree.NodeAddData,"NodeAddData/4[T,java.lang.String,boolean,java.util.Collection<java.lang.String>]",attribute,1
/home/sandro/workspace/sandro/MLCQCodeSmellSamples/scripts/../dataset/commons-configuration_34357e075d63c3634310878636f9498847badcab/src/main/java/org/apache/commons/configuration2/tree/NodeAddData.java,org.apache.commons.configuration2.tree.NodeAddData,isAttribute/0,attribute,1
/home/sandro/workspace/sandro/MLCQCodeSmellSamples/scripts/../dataset/commons-configuration_34357e075d63c3634310878636f9498847badcab/src/main/java/org/apache/commons/configuration2/tree/NodeAddData.java,org.apache.commons.configuration2.tree.NodeAddData,getNewNodeName/0,newNodeName,1
/home/sandro/workspace/sandro/MLCQCodeSmellSamples/scripts/../dataset/commons-configuration_34357e075d63c3634310878636f9498847badcab/src/test/java/org/apache/commons/configuration2/beanutils/BeanCreationTestBeanWithListChild.java,org.apache.commons.configuration2.beanutils.BeanCreationTestBeanWithListChild,getStringValue/0,stringValue,1
/home/sandro/workspace/sandro/MLCQCodeSmellSamples/scripts/../dataset/commons-configuration_34357e075d63c3634310878636f9498847badcab/src/test/java/org/apache/commons/configuration2/beanutils/BeanCreationTestBeanWithListChild.java,org.apache.commons.configuration2.beanutils.BeanCreationTestBeanWithListChild,getChildren/0,children,1
/home/sandro/workspace/sandro/MLCQCodeSmellSamples/scripts/../dataset/commons-configuration_34357e075d63c3634310878636f9498847badcab/src/test/java/org/apache/commons/configuration2/beanutils/BeanCreationTestBeanWithListChild.java,org.apache.commons.configuration2.beanutils.BeanCreationTestBeanWithListChild,getIntValue/0,intValue,1
/home/sandro/workspace/sandro/MLCQCodeSmellSamples/scripts/../dataset/commons-configuration_34357e075d63c3634310878636f9498847badcab/src/test/java/org/apache/commons/configuration2/beanutils/BeanCreationTestBeanWithListChild.java,org.apache.commons.configuration2.beanutils.BeanCreationTestBeanWithListChild,setStringValue/1[java.lang.String],stringValue,3
/home/sandro/workspace/sandro/MLCQCodeSmellSamples/scripts/../dataset/commons-configuration_34357e075d63c3634310878636f9498847badcab/src/test/java/org/apache/commons/configuration2/beanutils/BeanCreationTestBeanWithListChild.java,org.apache.commons.configuration2.beanutils.BeanCreationTestBeanWithListChild,setChildren/1[java.util.List<org.apache.commons.configuration2.beanutils.BeanCreationTestBean>],children,2
/home/sandro/workspace/sandro/MLCQCodeSmellSamples/scripts/../dataset/commons-configuration_34357e075d63c3634310878636f9498847badcab/src/test/java/org/apache/commons/configuration2/beanutils/BeanCreationTestBeanWithListChild.java,org.apache.commons.configuration2.beanutils.BeanCreationTestBeanWithListChild,setIntValue/1[int],intValue,3
/home/sandro/workspace/sandro/MLCQCodeSmellSamples/scripts/../dataset/commons-configuration_34357e075d63c3634310878636f9498847badcab/src/test/java/org/apache/commons/configuration2/event/TestDatabaseConfigurationEvents.java,org.apache.commons.configuration2.event.TestDatabaseConfigurationEvents,tearDown/0,helper,1
/home/sandro/workspace/sandro/MLCQCodeSmellSamples/scripts/../dataset/commons-configuration_34357e075d63c3634310878636f9498847badcab/src/test/java/org/apache/commons/configuration2/event/TestDatabaseConfigurationEvents.java,org.apache.commons.configuration2.event.TestDatabaseConfigurationEvents,createConfiguration/0,helper,1
/home/sandro/workspace/sandro/MLCQCodeSmellSamples/scripts/../dataset/commons-configuration_34357e075d63c3634310878636f9498847badcab/src/test/java/org/apache/commons/configuration2/event/TestDatabaseConfigurationEvents.java,org.apache.commons.configuration2.event.TestDatabaseConfigurationEvents,setUp/0,helper,2
/home/sandro/workspace/sandro/MLCQCodeSmellSamples/scripts/../dataset/commons-configuration_34357e075d63c3634310878636f9498847badcab/src/test/java/org/apache/commons/configuration2/interpol/TestExprLookup.java,org.apache.commons.configuration2.interpol.TestExprLookup$Utility,getMessage/0,message,1
/home/sandro/workspace/sandro/MLCQCodeSmellSamples/scripts/../dataset/commons-configuration_34357e075d63c3634310878636f9498847badcab/src/test/java/org/apache/commons/configuration2/interpol/TestExprLookup.java,org.apache.commons.configuration2.interpol.TestExprLookup$Utility,Utility/1[java.lang.String],message,1
/home/sandro/workspace/sandro/MLCQCodeSmellSamples/scripts/../dataset/commons-configuration_34357e075d63c3634310878636f9498847badcab/src/test/java/org/apache/commons/configuration2/beanutils/TestBeanHelper.java,org.apache.commons.configuration2.beanutils.TestBeanHelper$TestBeanFactory,getCreateBeanCount/0,createBeanCount,1
/home/sandro/workspace/sandro/MLCQCodeSmellSamples/scripts/../dataset/commons-configuration_34357e075d63c3634310878636f9498847badcab/src/test/java/org/apache/commons/configuration2/beanutils/TestBeanHelper.java,org.apache.commons.configuration2.beanutils.TestBeanHelper$TestBeanFactory,getDefaultBeanClass/0,supportsDefaultClass,1
/home/sandro/workspace/sandro/MLCQCodeSmellSamples/scripts/../dataset/commons-configuration_34357e075d63c3634310878636f9498847badcab/src/test/java/org/apache/commons/configuration2/beanutils/TestBeanHelper.java,org.apache.commons.configuration2.beanutils.TestBeanHelper$TestBeanFactory,createBean/1[org.apache.commons.configuration2.beanutils.BeanCreationContext],parameter,1
/home/sandro/workspace/sandro/MLCQCodeSmellSamples/scripts/../dataset/commons-configuration_34357e075d63c3634310878636f9498847badcab/src/test/java/org/apache/commons/configuration2/beanutils/TestBeanHelper.java,org.apache.commons.configuration2.beanutils.TestBeanHelper$TestBeanFactory,createBean/1[org.apache.commons.configuration2.beanutils.BeanCreationContext],createBeanCount,1
/home/sandro/workspace/sandro/MLCQCodeSmellSamples/scripts/../dataset/commons-configuration_34357e075d63c3634310878636f9498847badcab/src/test/java/org/apache/commons/configuration2/beanutils/TestCombinedBeanDeclaration.java,org.apache.commons.configuration2.beanutils.TestCombinedBeanDeclaration,verify/0,declarations,2
/home/sandro/workspace/sandro/MLCQCodeSmellSamples/scripts/../dataset/commons-configuration_34357e075d63c3634310878636f9498847badcab/src/test/java/org/apache/commons/configuration2/beanutils/TestCombinedBeanDeclaration.java,org.apache.commons.configuration2.beanutils.TestCombinedBeanDeclaration,replay/0,declarations,2
/home/sandro/workspace/sandro/MLCQCodeSmellSamples/scripts/../dataset/commons-configuration_34357e075d63c3634310878636f9498847badcab/src/test/java/org/apache/commons/configuration2/beanutils/TestCombinedBeanDeclaration.java,org.apache.commons.configuration2.beanutils.TestCombinedBeanDeclaration,createCombinedDeclaration/0,declarations,3
/home/sandro/workspace/sandro/MLCQCodeSmellSamples/scripts/../dataset/commons-configuration_34357e075d63c3634310878636f9498847badcab/src/test/java/org/apache/commons/configuration2/beanutils/TestCombinedBeanDeclaration.java,org.apache.commons.configuration2.beanutils.TestCombinedBeanDeclaration,decl/1[int],declarations,1
/home/sandro/workspace/sandro/MLCQCodeSmellSamples/scripts/../dataset/commons-configuration_34357e075d63c3634310878636f9498847badcab/src/main/java/org/apache/commons/configuration2/DynamicCombinedConfiguration.java,org.apache.commons.configuration2.DynamicCombinedConfiguration,setNodeCombiner/1[org.apache.commons.configuration2.tree.NodeCombiner],nodeCombiner,5
/home/sandro/workspace/sandro/MLCQCodeSmellSamples/scripts/../dataset/commons-configuration_34357e075d63c3634310878636f9498847badcab/src/main/java/org/apache/commons/configuration2/DynamicCombinedConfiguration.java,org.apache.commons.configuration2.DynamicCombinedConfiguration,getNodeCombiner/0,nodeCombiner,1
/home/sandro/workspace/sandro/MLCQCodeSmellSamples/scripts/../dataset/commons-configuration_34357e075d63c3634310878636f9498847badcab/src/main/java/org/apache/commons/configuration2/DynamicCombinedConfiguration.java,org.apache.commons.configuration2.DynamicCombinedConfiguration,setLoggerName/1[java.lang.String],loggerName,1
/home/sandro/workspace/sandro/MLCQCodeSmellSamples/scripts/../dataset/commons-configuration_34357e075d63c3634310878636f9498847badcab/src/main/java/org/apache/commons/configuration2/DynamicCombinedConfiguration.java,org.apache.commons.configuration2.DynamicCombinedConfiguration,clearInternal/0,configs,1
/home/sandro/workspace/sandro/MLCQCodeSmellSamples/scripts/../dataset/commons-configuration_34357e075d63c3634310878636f9498847badcab/src/main/java/org/apache/commons/configuration2/DynamicCombinedConfiguration.java,org.apache.commons.configuration2.DynamicCombinedConfiguration,removeConfiguration/1[org.apache.commons.configuration2.Configuration],configurations,1
/home/sandro/workspace/sandro/MLCQCodeSmellSamples/scripts/../dataset/commons-configuration_34357e075d63c3634310878636f9498847badcab/src/main/java/org/apache/commons/configuration2/DynamicCombinedConfiguration.java,org.apache.commons.configuration2.DynamicCombinedConfiguration,clearErrorListeners/0,configs,1
/home/sandro/workspace/sandro/MLCQCodeSmellSamples/scripts/../dataset/commons-configuration_34357e075d63c3634310878636f9498847badcab/src/main/java/org/apache/commons/configuration2/DynamicCombinedConfiguration.java,org.apache.commons.configuration2.DynamicCombinedConfiguration,getKeyPattern/0,keyPattern,1
/home/sandro/workspace/sandro/MLCQCodeSmellSamples/scripts/../dataset/commons-configuration_34357e075d63c3634310878636f9498847badcab/src/main/java/org/apache/commons/configuration2/DynamicCombinedConfiguration.java,org.apache.commons.configuration2.DynamicCombinedConfiguration,clearEventListeners/0,configs,1
/home/sandro/workspace/sandro/MLCQCodeSmellSamples/scripts/../dataset/commons-configuration_34357e075d63c3634310878636f9498847badcab/src/main/java/org/apache/commons/configuration2/DynamicCombinedConfiguration.java,org.apache.commons.configuration2.DynamicCombinedConfiguration,"setPropertyInternal/2[java.lang.String,java.lang.Object]",configs,1
/home/sandro/workspace/sandro/MLCQCodeSmellSamples/scripts/../dataset/commons-configuration_34357e075d63c3634310878636f9498847badcab/src/main/java/org/apache/commons/configuration2/DynamicCombinedConfiguration.java,org.apache.commons.configuration2.DynamicCombinedConfiguration,removeConfigurationAt/1[int],namedConfigurations,1
/home/sandro/workspace/sandro/MLCQCodeSmellSamples/scripts/../dataset/commons-configuration_34357e075d63c3634310878636f9498847badcab/src/main/java/org/apache/commons/configuration2/DynamicCombinedConfiguration.java,org.apache.commons.configuration2.DynamicCombinedConfiguration,removeConfigurationAt/1[int],configurations,1
/home/sandro/workspace/sandro/MLCQCodeSmellSamples/scripts/../dataset/commons-configuration_34357e075d63c3634310878636f9498847badcab/src/main/java/org/apache/commons/configuration2/DynamicCombinedConfiguration.java,org.apache.commons.configuration2.DynamicCombinedConfiguration,getCurrentConfig/0,CURRENT_CONFIG,2
/home/sandro/workspace/sandro/MLCQCodeSmellSamples/scripts/../dataset/commons-configuration_34357e075d63c3634310878636f9498847badcab/src/main/java/org/apache/commons/configuration2/DynamicCombinedConfiguration.java,org.apache.commons.configuration2.DynamicCombinedConfiguration,DynamicCombinedConfiguration/0,localSubst,1
/home/sandro/workspace/sandro/MLCQCodeSmellSamples/scripts/../dataset/commons-configuration_34357e075d63c3634310878636f9498847badcab/src/main/java/org/apache/commons/configuration2/DynamicCombinedConfiguration.java,org.apache.commons.configuration2.DynamicCombinedConfiguration,getConfigurationNames/0,namedConfigurations,1
/home/sandro/workspace/sandro/MLCQCodeSmellSamples/scripts/../dataset/commons-configuration_34357e075d63c3634310878636f9498847badcab/src/main/java/org/apache/commons/configuration2/DynamicCombinedConfiguration.java,org.apache.commons.configuration2.DynamicCombinedConfiguration,invalidateAll/0,configs,1
/home/sandro/workspace/sandro/MLCQCodeSmellSamples/scripts/../dataset/commons-configuration_34357e075d63c3634310878636f9498847badcab/src/main/java/org/apache/commons/configuration2/DynamicCombinedConfiguration.java,org.apache.commons.configuration2.DynamicCombinedConfiguration,ensureCurrentConfiguration/0,keyPattern,1
/home/sandro/workspace/sandro/MLCQCodeSmellSamples/scripts/../dataset/commons-configuration_34357e075d63c3634310878636f9498847badcab/src/main/java/org/apache/commons/configuration2/DynamicCombinedConfiguration.java,org.apache.commons.configuration2.DynamicCombinedConfiguration,ensureCurrentConfiguration/0,configs,1
/home/sandro/workspace/sandro/MLCQCodeSmellSamples/scripts/../dataset/commons-configuration_34357e075d63c3634310878636f9498847badcab/src/main/java/org/apache/commons/configuration2/DynamicCombinedConfiguration.java,org.apache.commons.configuration2.DynamicCombinedConfiguration,ensureCurrentConfiguration/0,CURRENT_CONFIG,2
/home/sandro/workspace/sandro/MLCQCodeSmellSamples/scripts/../dataset/commons-configuration_34357e075d63c3634310878636f9498847badcab/src/main/java/org/apache/commons/configuration2/DynamicCombinedConfiguration.java,org.apache.commons.configuration2.DynamicCombinedConfiguration,ensureCurrentConfiguration/0,localSubst,1
/home/sandro/workspace/sandro/MLCQCodeSmellSamples/scripts/../dataset/commons-configuration_34357e075d63c3634310878636f9498847badcab/src/main/java/org/apache/commons/configuration2/DynamicCombinedConfiguration.java,org.apache.commons.configuration2.DynamicCombinedConfiguration,releaseLock/0,CURRENT_CONFIG,2
/home/sandro/workspace/sandro/MLCQCodeSmellSamples/scripts/../dataset/commons-configuration_34357e075d63c3634310878636f9498847badcab/src/main/java/org/apache/commons/configuration2/DynamicCombinedConfiguration.java,org.apache.commons.configuration2.DynamicCombinedConfiguration,setKeyPattern/1[java.lang.String],keyPattern,1
/home/sandro/workspace/sandro/MLCQCodeSmellSamples/scripts/../dataset/commons-configuration_34357e075d63c3634310878636f9498847badcab/src/main/java/org/apache/commons/configuration2/DynamicCombinedConfiguration.java,org.apache.commons.configuration2.DynamicCombinedConfiguration,beginWrite/1[boolean],configs,1
/home/sandro/workspace/sandro/MLCQCodeSmellSamples/scripts/../dataset/commons-configuration_34357e075d63c3634310878636f9498847badcab/src/main/java/org/apache/commons/configuration2/DynamicCombinedConfiguration.java,org.apache.commons.configuration2.DynamicCombinedConfiguration,getConfiguration/1[int],configurations,1
/home/sandro/workspace/sandro/MLCQCodeSmellSamples/scripts/../dataset/commons-configuration_34357e075d63c3634310878636f9498847badcab/src/main/java/org/apache/commons/configuration2/DynamicCombinedConfiguration.java,org.apache.commons.configuration2.DynamicCombinedConfiguration,initChildConfiguration/1[org.apache.commons.configuration2.CombinedConfiguration],configurations,1
/home/sandro/workspace/sandro/MLCQCodeSmellSamples/scripts/../dataset/commons-configuration_34357e075d63c3634310878636f9498847badcab/src/main/java/org/apache/commons/configuration2/DynamicCombinedConfiguration.java,org.apache.commons.configuration2.DynamicCombinedConfiguration,initChildConfiguration/1[org.apache.commons.configuration2.CombinedConfiguration],loggerName,2
/home/sandro/workspace/sandro/MLCQCodeSmellSamples/scripts/../dataset/commons-configuration_34357e075d63c3634310878636f9498847badcab/src/main/java/org/apache/commons/configuration2/DynamicCombinedConfiguration.java,org.apache.commons.configuration2.DynamicCombinedConfiguration,getNumberOfConfigurations/0,configurations,1
/home/sandro/workspace/sandro/MLCQCodeSmellSamples/scripts/../dataset/commons-configuration_34357e075d63c3634310878636f9498847badcab/src/main/java/org/apache/commons/configuration2/DynamicCombinedConfiguration.java,org.apache.commons.configuration2.DynamicCombinedConfiguration,"removeEventListener/2[org.apache.commons.configuration2.event.EventType<T>,org.apache.commons.configuration2.event.EventListener<? super T>]",configs,1
/home/sandro/workspace/sandro/MLCQCodeSmellSamples/scripts/../dataset/commons-configuration_34357e075d63c3634310878636f9498847badcab/src/main/java/org/apache/commons/configuration2/DynamicCombinedConfiguration.java,org.apache.commons.configuration2.DynamicCombinedConfiguration,"addConfiguration/3[org.apache.commons.configuration2.Configuration,java.lang.String,java.lang.String]",configs,1
/home/sandro/workspace/sandro/MLCQCodeSmellSamples/scripts/../dataset/commons-configuration_34357e075d63c3634310878636f9498847badcab/src/main/java/org/apache/commons/configuration2/DynamicCombinedConfiguration.java,org.apache.commons.configuration2.DynamicCombinedConfiguration,"addConfiguration/3[org.apache.commons.configuration2.Configuration,java.lang.String,java.lang.String]",namedConfigurations,1
/home/sandro/workspace/sandro/MLCQCodeSmellSamples/scripts/../dataset/commons-configuration_34357e075d63c3634310878636f9498847badcab/src/main/java/org/apache/commons/configuration2/DynamicCombinedConfiguration.java,org.apache.commons.configuration2.DynamicCombinedConfiguration,"addConfiguration/3[org.apache.commons.configuration2.Configuration,java.lang.String,java.lang.String]",configurations,1
/home/sandro/workspace/sandro/MLCQCodeSmellSamples/scripts/../dataset/commons-configuration_34357e075d63c3634310878636f9498847badcab/src/main/java/org/apache/commons/configuration2/DynamicCombinedConfiguration.java,org.apache.commons.configuration2.DynamicCombinedConfiguration,"addEventListener/2[org.apache.commons.configuration2.event.EventType<T>,org.apache.commons.configuration2.event.EventListener<? super T>]",configs,1
/home/sandro/workspace/sandro/MLCQCodeSmellSamples/scripts/../dataset/commons-configuration_34357e075d63c3634310878636f9498847badcab/src/main/java/org/apache/commons/configuration2/DynamicCombinedConfiguration.java,org.apache.commons.configuration2.DynamicCombinedConfiguration,endRead/0,CURRENT_CONFIG,1
/home/sandro/workspace/sandro/MLCQCodeSmellSamples/scripts/../dataset/commons-configuration_34357e075d63c3634310878636f9498847badcab/src/main/java/org/apache/commons/configuration2/DynamicCombinedConfiguration.java,org.apache.commons.configuration2.DynamicCombinedConfiguration,getConfiguration/1[java.lang.String],namedConfigurations,1
/home/sandro/workspace/sandro/MLCQCodeSmellSamples/scripts/../dataset/commons-configuration_34357e075d63c3634310878636f9498847badcab/src/main/java/org/apache/commons/configuration2/DynamicCombinedConfiguration.java,org.apache.commons.configuration2.DynamicCombinedConfiguration,DynamicCombinedConfiguration/1[org.apache.commons.configuration2.tree.NodeCombiner],localSubst,1
/home/sandro/workspace/sandro/MLCQCodeSmellSamples/scripts/../dataset/commons-configuration_34357e075d63c3634310878636f9498847badcab/src/test/java/org/apache/commons/configuration2/tree/TestNodeNameMatchers.java,org.apache.commons.configuration2.tree.TestNodeNameMatchers,testEqualsIgnoreCaseNoMatch/0,handler,1
/home/sandro/workspace/sandro/MLCQCodeSmellSamples/scripts/../dataset/commons-configuration_34357e075d63c3634310878636f9498847badcab/src/test/java/org/apache/commons/configuration2/tree/TestNodeNameMatchers.java,org.apache.commons.configuration2.tree.TestNodeNameMatchers,testEqualsIgnoreCaseNoMatch/0,NODE_NAME,2
/home/sandro/workspace/sandro/MLCQCodeSmellSamples/scripts/../dataset/commons-configuration_34357e075d63c3634310878636f9498847badcab/src/test/java/org/apache/commons/configuration2/tree/TestNodeNameMatchers.java,org.apache.commons.configuration2.tree.TestNodeNameMatchers,testEqualsNoMatch/0,handler,2
/home/sandro/workspace/sandro/MLCQCodeSmellSamples/scripts/../dataset/commons-configuration_34357e075d63c3634310878636f9498847badcab/src/test/java/org/apache/commons/configuration2/tree/TestNodeNameMatchers.java,org.apache.commons.configuration2.tree.TestNodeNameMatchers,testEqualsNoMatch/0,NODE_NAME,3
/home/sandro/workspace/sandro/MLCQCodeSmellSamples/scripts/../dataset/commons-configuration_34357e075d63c3634310878636f9498847badcab/src/test/java/org/apache/commons/configuration2/tree/TestNodeNameMatchers.java,org.apache.commons.configuration2.tree.TestNodeNameMatchers,testEqualsMatch/0,handler,1
/home/sandro/workspace/sandro/MLCQCodeSmellSamples/scripts/../dataset/commons-configuration_34357e075d63c3634310878636f9498847badcab/src/test/java/org/apache/commons/configuration2/tree/TestNodeNameMatchers.java,org.apache.commons.configuration2.tree.TestNodeNameMatchers,testEqualsMatch/0,NODE_NAME,2
/home/sandro/workspace/sandro/MLCQCodeSmellSamples/scripts/../dataset/commons-configuration_34357e075d63c3634310878636f9498847badcab/src/test/java/org/apache/commons/configuration2/tree/TestNodeNameMatchers.java,org.apache.commons.configuration2.tree.TestNodeNameMatchers,setUp/0,handler,1
/home/sandro/workspace/sandro/MLCQCodeSmellSamples/scripts/../dataset/commons-configuration_34357e075d63c3634310878636f9498847badcab/src/test/java/org/apache/commons/configuration2/tree/TestNodeNameMatchers.java,org.apache.commons.configuration2.tree.TestNodeNameMatchers,checkMatcherWithNullInput/1[org.apache.commons.configuration2.tree.NodeMatcher<java.lang.String>],handler,2
/home/sandro/workspace/sandro/MLCQCodeSmellSamples/scripts/../dataset/commons-configuration_34357e075d63c3634310878636f9498847badcab/src/test/java/org/apache/commons/configuration2/tree/TestNodeNameMatchers.java,org.apache.commons.configuration2.tree.TestNodeNameMatchers,checkMatcherWithNullInput/1[org.apache.commons.configuration2.tree.NodeMatcher<java.lang.String>],NODE_NAME,2
/home/sandro/workspace/sandro/MLCQCodeSmellSamples/scripts/../dataset/commons-configuration_34357e075d63c3634310878636f9498847badcab/src/test/java/org/apache/commons/configuration2/tree/TestNodeNameMatchers.java,org.apache.commons.configuration2.tree.TestNodeNameMatchers,testEqualsIgnoreCaseMatch/0,handler,3
/home/sandro/workspace/sandro/MLCQCodeSmellSamples/scripts/../dataset/commons-configuration_34357e075d63c3634310878636f9498847badcab/src/test/java/org/apache/commons/configuration2/tree/TestNodeNameMatchers.java,org.apache.commons.configuration2.tree.TestNodeNameMatchers,testEqualsIgnoreCaseMatch/0,NODE_NAME,4
/home/sandro/workspace/sandro/MLCQCodeSmellSamples/scripts/../dataset/commons-configuration_34357e075d63c3634310878636f9498847badcab/src/test/java/org/apache/commons/configuration2/builder/combined/TestCombinedConfigurationBuilder.java,org.apache.commons.configuration2.builder.combined.TestCombinedConfigurationBuilder$EntityResolverWithPropertiesTestImpl,getInterpolator/0,interpolator,1
/home/sandro/workspace/sandro/MLCQCodeSmellSamples/scripts/../dataset/commons-configuration_34357e075d63c3634310878636f9498847badcab/src/test/java/org/apache/commons/configuration2/builder/combined/TestCombinedConfigurationBuilder.java,org.apache.commons.configuration2.builder.combined.TestCombinedConfigurationBuilder$EntityResolverWithPropertiesTestImpl,setInterpolator/1[org.apache.commons.configuration2.interpol.ConfigurationInterpolator],interpolator,4
/home/sandro/workspace/sandro/MLCQCodeSmellSamples/scripts/../dataset/commons-configuration_34357e075d63c3634310878636f9498847badcab/src/test/java/org/apache/commons/configuration2/builder/combined/TestCombinedConfigurationBuilder.java,org.apache.commons.configuration2.builder.combined.TestCombinedConfigurationBuilder$EntityResolverWithPropertiesTestImpl,setFileSystem/1[org.apache.commons.configuration2.io.FileSystem],fileSystem,4
/home/sandro/workspace/sandro/MLCQCodeSmellSamples/scripts/../dataset/commons-configuration_34357e075d63c3634310878636f9498847badcab/src/test/java/org/apache/commons/configuration2/builder/combined/TestCombinedConfigurationBuilder.java,org.apache.commons.configuration2.builder.combined.TestCombinedConfigurationBuilder$EntityResolverWithPropertiesTestImpl,setBaseDir/1[java.lang.String],baseDirectory,1
/home/sandro/workspace/sandro/MLCQCodeSmellSamples/scripts/../dataset/commons-configuration_34357e075d63c3634310878636f9498847badcab/src/test/java/org/apache/commons/configuration2/builder/combined/TestCombinedConfigurationBuilder.java,org.apache.commons.configuration2.builder.combined.TestCombinedConfigurationBuilder$EntityResolverWithPropertiesTestImpl,getFileSystem/0,fileSystem,1
/home/sandro/workspace/sandro/MLCQCodeSmellSamples/scripts/../dataset/commons-configuration_34357e075d63c3634310878636f9498847badcab/src/test/java/org/apache/commons/configuration2/builder/combined/TestCombinedConfigurationBuilder.java,org.apache.commons.configuration2.builder.combined.TestCombinedConfigurationBuilder$EntityResolverWithPropertiesTestImpl,getBaseDir/0,baseDirectory,1
/home/sandro/workspace/sandro/MLCQCodeSmellSamples/scripts/../dataset/commons-configuration_34357e075d63c3634310878636f9498847badcab/src/test/java/org/apache/commons/configuration2/builder/combined/TestReloadingCombinedConfigurationBuilderFileBased.java,org.apache.commons.configuration2.builder.combined.TestReloadingCombinedConfigurationBuilderFileBased,testReloadDefinitionFileExplicitBuilder/0,folder,1
/home/sandro/workspace/sandro/MLCQCodeSmellSamples/scripts/../dataset/commons-configuration_34357e075d63c3634310878636f9498847badcab/src/test/java/org/apache/commons/configuration2/builder/combined/TestReloadingCombinedConfigurationBuilderFileBased.java,org.apache.commons.configuration2.builder.combined.TestReloadingCombinedConfigurationBuilderFileBased,testReloadDefinitionFileExplicitBuilder/0,builder,1
/home/sandro/workspace/sandro/MLCQCodeSmellSamples/scripts/../dataset/commons-configuration_34357e075d63c3634310878636f9498847badcab/src/test/java/org/apache/commons/configuration2/builder/combined/TestReloadingCombinedConfigurationBuilderFileBased.java,org.apache.commons.configuration2.builder.combined.TestReloadingCombinedConfigurationBuilderFileBased,testReloadDefinitionFileExplicitBuilder/0,parameters,2
/home/sandro/workspace/sandro/MLCQCodeSmellSamples/scripts/../dataset/commons-configuration_34357e075d63c3634310878636f9498847badcab/src/test/java/org/apache/commons/configuration2/builder/combined/TestReloadingCombinedConfigurationBuilderFileBased.java,org.apache.commons.configuration2.builder.combined.TestReloadingCombinedConfigurationBuilderFileBased,testConcurrentGetAndReload/0,builder,3
/home/sandro/workspace/sandro/MLCQCodeSmellSamples/scripts/../dataset/commons-configuration_34357e075d63c3634310878636f9498847badcab/src/test/java/org/apache/commons/configuration2/builder/combined/TestReloadingCombinedConfigurationBuilderFileBased.java,org.apache.commons.configuration2.builder.combined.TestReloadingCombinedConfigurationBuilderFileBased,testConcurrentGetAndReload/0,parameters,1
/home/sandro/workspace/sandro/MLCQCodeSmellSamples/scripts/../dataset/commons-configuration_34357e075d63c3634310878636f9498847badcab/src/test/java/org/apache/commons/configuration2/builder/combined/TestReloadingCombinedConfigurationBuilderFileBased.java,org.apache.commons.configuration2.builder.combined.TestReloadingCombinedConfigurationBuilderFileBased,setUp/0,builder,1
/home/sandro/workspace/sandro/MLCQCodeSmellSamples/scripts/../dataset/commons-configuration_34357e075d63c3634310878636f9498847badcab/src/test/java/org/apache/commons/configuration2/builder/combined/TestReloadingCombinedConfigurationBuilderFileBased.java,org.apache.commons.configuration2.builder.combined.TestReloadingCombinedConfigurationBuilderFileBased,setUp/0,parameters,1
/home/sandro/workspace/sandro/MLCQCodeSmellSamples/scripts/../dataset/commons-configuration_34357e075d63c3634310878636f9498847badcab/src/test/java/org/apache/commons/configuration2/builder/combined/TestReloadingCombinedConfigurationBuilderFileBased.java,org.apache.commons.configuration2.builder.combined.TestReloadingCombinedConfigurationBuilderFileBased,"writeReloadFile/3[java.io.File,int,int]",RELOAD_CONTENT,1
/home/sandro/workspace/sandro/MLCQCodeSmellSamples/scripts/../dataset/commons-configuration_34357e075d63c3634310878636f9498847badcab/src/test/java/org/apache/commons/configuration2/builder/combined/TestReloadingCombinedConfigurationBuilderFileBased.java,org.apache.commons.configuration2.builder.combined.TestReloadingCombinedConfigurationBuilderFileBased,testProperty/1[int],PROP_RELOAD,1
/home/sandro/workspace/sandro/MLCQCodeSmellSamples/scripts/../dataset/commons-configuration_34357e075d63c3634310878636f9498847badcab/src/test/java/org/apache/commons/configuration2/builder/combined/TestReloadingCombinedConfigurationBuilderFileBased.java,org.apache.commons.configuration2.builder.combined.TestReloadingCombinedConfigurationBuilderFileBased,"writeReloadFile/2[java.io.File,java.lang.String]",folder,1
/home/sandro/workspace/sandro/MLCQCodeSmellSamples/scripts/../dataset/commons-configuration_34357e075d63c3634310878636f9498847badcab/src/test/java/org/apache/commons/configuration2/builder/combined/TestReloadingCombinedConfigurationBuilderFileBased.java,org.apache.commons.configuration2.builder.combined.TestReloadingCombinedConfigurationBuilderFileBased,testReloadDefinitionFileDefaultBuilder/0,folder,1
/home/sandro/workspace/sandro/MLCQCodeSmellSamples/scripts/../dataset/commons-configuration_34357e075d63c3634310878636f9498847badcab/src/test/java/org/apache/commons/configuration2/builder/combined/TestReloadingCombinedConfigurationBuilderFileBased.java,org.apache.commons.configuration2.builder.combined.TestReloadingCombinedConfigurationBuilderFileBased,testReloadDefinitionFileDefaultBuilder/0,builder,1
/home/sandro/workspace/sandro/MLCQCodeSmellSamples/scripts/../dataset/commons-configuration_34357e075d63c3634310878636f9498847badcab/src/test/java/org/apache/commons/configuration2/builder/combined/TestReloadingCombinedConfigurationBuilderFileBased.java,org.apache.commons.configuration2.builder.combined.TestReloadingCombinedConfigurationBuilderFileBased,testReloadDefinitionFileDefaultBuilder/0,parameters,2
/home/sandro/workspace/sandro/MLCQCodeSmellSamples/scripts/../dataset/commons-configuration_34357e075d63c3634310878636f9498847badcab/src/test/java/org/apache/commons/configuration2/builder/combined/TestReloadingCombinedConfigurationBuilderFileBased.java,org.apache.commons.configuration2.builder.combined.TestReloadingCombinedConfigurationBuilderFileBased,testReloadFromFile/0,builder,6
/home/sandro/workspace/sandro/MLCQCodeSmellSamples/scripts/../dataset/commons-configuration_34357e075d63c3634310878636f9498847badcab/src/test/java/org/apache/commons/configuration2/builder/combined/TestReloadingCombinedConfigurationBuilderFileBased.java,org.apache.commons.configuration2.builder.combined.TestReloadingCombinedConfigurationBuilderFileBased,testReloadFromFile/0,parameters,1
/home/sandro/workspace/sandro/MLCQCodeSmellSamples/scripts/../dataset/commons-configuration_34357e075d63c3634310878636f9498847badcab/src/test/java/org/apache/commons/configuration2/builder/combined/TestReloadingCombinedConfigurationBuilderFileBased.java,org.apache.commons.configuration2.builder.combined.TestReloadingCombinedConfigurationBuilderFileBased,checkReloadDefinitionFile/1[java.io.File],builder,3
/home/sandro/workspace/sandro/MLCQCodeSmellSamples/scripts/../dataset/commons-configuration_34357e075d63c3634310878636f9498847badcab/src/test/java/org/apache/commons/configuration2/builder/combined/TestReloadingCombinedConfigurationBuilderFileBased.java,org.apache.commons.configuration2.builder.combined.TestReloadingCombinedConfigurationBuilderFileBased,"addReloadSource/2[org.apache.commons.configuration2.Configuration,java.lang.String]",PROP_SRC,2
/home/sandro/workspace/sandro/MLCQCodeSmellSamples/scripts/../dataset/commons-configuration_34357e075d63c3634310878636f9498847badcab/src/test/java/org/apache/commons/configuration2/TestConfigurationMap.java,org.apache.commons.configuration2.TestConfigurationMap,tearDown/0,map,1
/home/sandro/workspace/sandro/MLCQCodeSmellSamples/scripts/../dataset/commons-configuration_34357e075d63c3634310878636f9498847badcab/src/test/java/org/apache/commons/configuration2/TestConfigurationMap.java,org.apache.commons.configuration2.TestConfigurationMap,setUp/0,values,1
/home/sandro/workspace/sandro/MLCQCodeSmellSamples/scripts/../dataset/commons-configuration_34357e075d63c3634310878636f9498847badcab/src/test/java/org/apache/commons/configuration2/TestConfigurationMap.java,org.apache.commons.configuration2.TestConfigurationMap,setUp/0,map,1
/home/sandro/workspace/sandro/MLCQCodeSmellSamples/scripts/../dataset/commons-configuration_34357e075d63c3634310878636f9498847badcab/src/test/java/org/apache/commons/configuration2/TestConfigurationMap.java,org.apache.commons.configuration2.TestConfigurationMap,setUp/0,properties,1
/home/sandro/workspace/sandro/MLCQCodeSmellSamples/scripts/../dataset/commons-configuration_34357e075d63c3634310878636f9498847badcab/src/test/java/org/apache/commons/configuration2/TestConfigurationMap.java,org.apache.commons.configuration2.TestConfigurationMap,testPut/0,values,3
/home/sandro/workspace/sandro/MLCQCodeSmellSamples/scripts/../dataset/commons-configuration_34357e075d63c3634310878636f9498847badcab/src/test/java/org/apache/commons/configuration2/TestConfigurationMap.java,org.apache.commons.configuration2.TestConfigurationMap,testPut/0,map,2
/home/sandro/workspace/sandro/MLCQCodeSmellSamples/scripts/../dataset/commons-configuration_34357e075d63c3634310878636f9498847badcab/src/test/java/org/apache/commons/configuration2/TestConfigurationMap.java,org.apache.commons.configuration2.TestConfigurationMap,testPut/0,properties,2
/home/sandro/workspace/sandro/MLCQCodeSmellSamples/scripts/../dataset/commons-configuration_34357e075d63c3634310878636f9498847badcab/src/test/java/org/apache/commons/configuration2/event/TestEventSource.java,org.apache.commons.configuration2.event.TestEventSource$CountingEventSource,"createEvent/4[org.apache.commons.configuration2.event.EventType<T>,java.lang.String,java.lang.Object,boolean]",eventCount,1
/home/sandro/workspace/sandro/MLCQCodeSmellSamples/scripts/../dataset/commons-configuration_34357e075d63c3634310878636f9498847badcab/src/test/java/org/apache/commons/configuration2/event/TestEventSource.java,org.apache.commons.configuration2.event.TestEventSource$CountingEventSource,"createErrorEvent/5[org.apache.commons.configuration2.event.EventType<? extends org.apache.commons.configuration2.event.ConfigurationErrorEvent>,org.apache.commons.configuration2.event.EventType<?>,java.lang.String,java.lang.Object,java.lang.Throwable]",errorCount,1
/home/sandro/workspace/sandro/MLCQCodeSmellSamples/scripts/../dataset/commons-configuration_34357e075d63c3634310878636f9498847badcab/src/main/java/org/apache/commons/configuration2/HierarchicalConfigurationXMLReader.java,org.apache.commons.configuration2.HierarchicalConfigurationXMLReader,getConfiguration/0,configuration,1
/home/sandro/workspace/sandro/MLCQCodeSmellSamples/scripts/../dataset/commons-configuration_34357e075d63c3634310878636f9498847badcab/src/main/java/org/apache/commons/configuration2/HierarchicalConfigurationXMLReader.java,org.apache.commons.configuration2.HierarchicalConfigurationXMLReader,setConfiguration/1[org.apache.commons.configuration2.HierarchicalConfiguration<T>],configuration,1
/home/sandro/workspace/sandro/MLCQCodeSmellSamples/scripts/../dataset/commons-configuration_34357e075d63c3634310878636f9498847badcab/src/main/java/org/apache/commons/configuration2/AbstractHierarchicalConfiguration.java,org.apache.commons.configuration2.AbstractHierarchicalConfiguration,AbstractHierarchicalConfiguration/1[org.apache.commons.configuration2.tree.NodeModel<T>],model,1
/home/sandro/workspace/sandro/MLCQCodeSmellSamples/scripts/../dataset/commons-configuration_34357e075d63c3634310878636f9498847badcab/src/main/java/org/apache/commons/configuration2/AbstractHierarchicalConfiguration.java,org.apache.commons.configuration2.AbstractHierarchicalConfiguration,getExpressionEngine/0,expressionEngine,2
/home/sandro/workspace/sandro/MLCQCodeSmellSamples/scripts/../dataset/commons-configuration_34357e075d63c3634310878636f9498847badcab/src/main/java/org/apache/commons/configuration2/AbstractHierarchicalConfiguration.java,org.apache.commons.configuration2.AbstractHierarchicalConfiguration,setExpressionEngine/1[org.apache.commons.configuration2.tree.ExpressionEngine],expressionEngine,4
/home/sandro/workspace/sandro/MLCQCodeSmellSamples/scripts/../dataset/commons-configuration_34357e075d63c3634310878636f9498847badcab/src/main/java/org/apache/commons/configuration2/AbstractHierarchicalConfiguration.java,org.apache.commons.configuration2.AbstractHierarchicalConfiguration,getModel/0,model,1
/home/sandro/workspace/sandro/MLCQCodeSmellSamples/scripts/../dataset/commons-configuration_34357e075d63c3634310878636f9498847badcab/src/test/java/org/apache/commons/configuration2/builder/TestJndiBuilderParametersImpl.java,org.apache.commons.configuration2.builder.TestJndiBuilderParametersImpl,testSetPrefix/0,params,3
/home/sandro/workspace/sandro/MLCQCodeSmellSamples/scripts/../dataset/commons-configuration_34357e075d63c3634310878636f9498847badcab/src/test/java/org/apache/commons/configuration2/builder/TestJndiBuilderParametersImpl.java,org.apache.commons.configuration2.builder.TestJndiBuilderParametersImpl,testSetBeanProperties/0,params,3
/home/sandro/workspace/sandro/MLCQCodeSmellSamples/scripts/../dataset/commons-configuration_34357e075d63c3634310878636f9498847badcab/src/test/java/org/apache/commons/configuration2/builder/TestJndiBuilderParametersImpl.java,org.apache.commons.configuration2.builder.TestJndiBuilderParametersImpl,testGetParametersBaseProperties/0,params,3
/home/sandro/workspace/sandro/MLCQCodeSmellSamples/scripts/../dataset/commons-configuration_34357e075d63c3634310878636f9498847badcab/src/test/java/org/apache/commons/configuration2/builder/TestJndiBuilderParametersImpl.java,org.apache.commons.configuration2.builder.TestJndiBuilderParametersImpl,setUp/0,params,1
/home/sandro/workspace/sandro/MLCQCodeSmellSamples/scripts/../dataset/commons-configuration_34357e075d63c3634310878636f9498847badcab/src/test/java/org/apache/commons/configuration2/builder/TestJndiBuilderParametersImpl.java,org.apache.commons.configuration2.builder.TestJndiBuilderParametersImpl,testSetContext/0,params,3
/home/sandro/workspace/sandro/MLCQCodeSmellSamples/scripts/../dataset/commons-configuration_34357e075d63c3634310878636f9498847badcab/src/test/java/org/apache/commons/configuration2/beanutils/TestBeanHelper.java,org.apache.commons.configuration2.beanutils.TestBeanHelper,testCreateBeanWithException/0,helper,2
/home/sandro/workspace/sandro/MLCQCodeSmellSamples/scripts/../dataset/commons-configuration_34357e075d63c3634310878636f9498847badcab/src/test/java/org/apache/commons/configuration2/beanutils/TestBeanHelper.java,org.apache.commons.configuration2.beanutils.TestBeanHelper,testCreateBeanWithException/0,TEST_FACTORY,2
/home/sandro/workspace/sandro/MLCQCodeSmellSamples/scripts/../dataset/commons-configuration_34357e075d63c3634310878636f9498847badcab/src/test/java/org/apache/commons/configuration2/beanutils/TestBeanHelper.java,org.apache.commons.configuration2.beanutils.TestBeanHelper,testInitBean/0,helper,1
/home/sandro/workspace/sandro/MLCQCodeSmellSamples/scripts/../dataset/commons-configuration_34357e075d63c3634310878636f9498847badcab/src/test/java/org/apache/commons/configuration2/beanutils/TestBeanHelper.java,org.apache.commons.configuration2.beanutils.TestBeanHelper,testCreateBean/0,helper,2
/home/sandro/workspace/sandro/MLCQCodeSmellSamples/scripts/../dataset/commons-configuration_34357e075d63c3634310878636f9498847badcab/src/test/java/org/apache/commons/configuration2/beanutils/TestBeanHelper.java,org.apache.commons.configuration2.beanutils.TestBeanHelper,testCreateBean/0,TEST_FACTORY,2
/home/sandro/workspace/sandro/MLCQCodeSmellSamples/scripts/../dataset/commons-configuration_34357e075d63c3634310878636f9498847badcab/src/test/java/org/apache/commons/configuration2/beanutils/TestBeanHelper.java,org.apache.commons.configuration2.beanutils.TestBeanHelper,testCreateBeanWithNullDeclaration/0,helper,1
/home/sandro/workspace/sandro/MLCQCodeSmellSamples/scripts/../dataset/commons-configuration_34357e075d63c3634310878636f9498847badcab/src/test/java/org/apache/commons/configuration2/beanutils/TestBeanHelper.java,org.apache.commons.configuration2.beanutils.TestBeanHelper,testInitWithBeanFactory/0,helper,2
/home/sandro/workspace/sandro/MLCQCodeSmellSamples/scripts/../dataset/commons-configuration_34357e075d63c3634310878636f9498847badcab/src/test/java/org/apache/commons/configuration2/beanutils/TestBeanHelper.java,org.apache.commons.configuration2.beanutils.TestBeanHelper,testRegisterBeanFactoryNullName/0,helper,1
/home/sandro/workspace/sandro/MLCQCodeSmellSamples/scripts/../dataset/commons-configuration_34357e075d63c3634310878636f9498847badcab/src/test/java/org/apache/commons/configuration2/beanutils/TestBeanHelper.java,org.apache.commons.configuration2.beanutils.TestBeanHelper,testCreateBeanWithFactoryDefaultClass/0,helper,2
/home/sandro/workspace/sandro/MLCQCodeSmellSamples/scripts/../dataset/commons-configuration_34357e075d63c3634310878636f9498847badcab/src/test/java/org/apache/commons/configuration2/beanutils/TestBeanHelper.java,org.apache.commons.configuration2.beanutils.TestBeanHelper,testCreateBeanWithFactoryDefaultClass/0,TEST_FACTORY,2
/home/sandro/workspace/sandro/MLCQCodeSmellSamples/scripts/../dataset/commons-configuration_34357e075d63c3634310878636f9498847badcab/src/test/java/org/apache/commons/configuration2/beanutils/TestBeanHelper.java,org.apache.commons.configuration2.beanutils.TestBeanHelper,testCreateBeanWithNoClass/0,helper,2
/home/sandro/workspace/sandro/MLCQCodeSmellSamples/scripts/../dataset/commons-configuration_34357e075d63c3634310878636f9498847badcab/src/test/java/org/apache/commons/configuration2/beanutils/TestBeanHelper.java,org.apache.commons.configuration2.beanutils.TestBeanHelper,testCreateBeanWithNoClass/0,TEST_FACTORY,2
/home/sandro/workspace/sandro/MLCQCodeSmellSamples/scripts/../dataset/commons-configuration_34357e075d63c3634310878636f9498847badcab/src/test/java/org/apache/commons/configuration2/beanutils/TestBeanHelper.java,org.apache.commons.configuration2.beanutils.TestBeanHelper,testCreateBeanWithDefaultFactory/0,helper,2
/home/sandro/workspace/sandro/MLCQCodeSmellSamples/scripts/../dataset/commons-configuration_34357e075d63c3634310878636f9498847badcab/src/test/java/org/apache/commons/configuration2/beanutils/TestBeanHelper.java,org.apache.commons.configuration2.beanutils.TestBeanHelper,setUpBeanDeclarationWithListChild/0,TEST_INT,1
/home/sandro/workspace/sandro/MLCQCodeSmellSamples/scripts/../dataset/commons-configuration_34357e075d63c3634310878636f9498847badcab/src/test/java/org/apache/commons/configuration2/beanutils/TestBeanHelper.java,org.apache.commons.configuration2.beanutils.TestBeanHelper,setUpBeanDeclarationWithListChild/0,TEST_STRING,1
/home/sandro/workspace/sandro/MLCQCodeSmellSamples/scripts/../dataset/commons-configuration_34357e075d63c3634310878636f9498847badcab/src/test/java/org/apache/commons/configuration2/beanutils/TestBeanHelper.java,org.apache.commons.configuration2.beanutils.TestBeanHelper,setUp/0,helper,1
/home/sandro/workspace/sandro/MLCQCodeSmellSamples/scripts/../dataset/commons-configuration_34357e075d63c3634310878636f9498847badcab/src/test/java/org/apache/commons/configuration2/beanutils/TestBeanHelper.java,org.apache.commons.configuration2.beanutils.TestBeanHelper,testDefaultBeanFactory/0,helper,2
/home/sandro/workspace/sandro/MLCQCodeSmellSamples/scripts/../dataset/commons-configuration_34357e075d63c3634310878636f9498847badcab/src/test/java/org/apache/commons/configuration2/beanutils/TestBeanHelper.java,org.apache.commons.configuration2.beanutils.TestBeanHelper,testRegisterBeanFactory/0,helper,3
/home/sandro/workspace/sandro/MLCQCodeSmellSamples/scripts/../dataset/commons-configuration_34357e075d63c3634310878636f9498847badcab/src/test/java/org/apache/commons/configuration2/beanutils/TestBeanHelper.java,org.apache.commons.configuration2.beanutils.TestBeanHelper,testRegisterBeanFactory/0,TEST_FACTORY,2
/home/sandro/workspace/sandro/MLCQCodeSmellSamples/scripts/../dataset/commons-configuration_34357e075d63c3634310878636f9498847badcab/src/test/java/org/apache/commons/configuration2/beanutils/TestBeanHelper.java,org.apache.commons.configuration2.beanutils.TestBeanHelper,testCreateBeanWithListChildBean/0,helper,2
/home/sandro/workspace/sandro/MLCQCodeSmellSamples/scripts/../dataset/commons-configuration_34357e075d63c3634310878636f9498847badcab/src/test/java/org/apache/commons/configuration2/beanutils/TestBeanHelper.java,org.apache.commons.configuration2.beanutils.TestBeanHelper,testCreateBeanWithListChildBean/0,TEST_FACTORY,2
/home/sandro/workspace/sandro/MLCQCodeSmellSamples/scripts/../dataset/commons-configuration_34357e075d63c3634310878636f9498847badcab/src/test/java/org/apache/commons/configuration2/beanutils/TestBeanHelper.java,org.apache.commons.configuration2.beanutils.TestBeanHelper,testInitBeanWithNoData/0,helper,1
/home/sandro/workspace/sandro/MLCQCodeSmellSamples/scripts/../dataset/commons-configuration_34357e075d63c3634310878636f9498847badcab/src/test/java/org/apache/commons/configuration2/beanutils/TestBeanHelper.java,org.apache.commons.configuration2.beanutils.TestBeanHelper,testRegisterBeanFactoryNull/0,helper,1
/home/sandro/workspace/sandro/MLCQCodeSmellSamples/scripts/../dataset/commons-configuration_34357e075d63c3634310878636f9498847badcab/src/test/java/org/apache/commons/configuration2/beanutils/TestBeanHelper.java,org.apache.commons.configuration2.beanutils.TestBeanHelper,testRegisterBeanFactoryNull/0,TEST_FACTORY,1
/home/sandro/workspace/sandro/MLCQCodeSmellSamples/scripts/../dataset/commons-configuration_34357e075d63c3634310878636f9498847badcab/src/test/java/org/apache/commons/configuration2/beanutils/TestBeanHelper.java,org.apache.commons.configuration2.beanutils.TestBeanHelper,testCreateBeanWithInvalidClass/0,helper,2
/home/sandro/workspace/sandro/MLCQCodeSmellSamples/scripts/../dataset/commons-configuration_34357e075d63c3634310878636f9498847badcab/src/test/java/org/apache/commons/configuration2/beanutils/TestBeanHelper.java,org.apache.commons.configuration2.beanutils.TestBeanHelper,testCreateBeanWithInvalidClass/0,TEST_FACTORY,2
/home/sandro/workspace/sandro/MLCQCodeSmellSamples/scripts/../dataset/commons-configuration_34357e075d63c3634310878636f9498847badcab/src/test/java/org/apache/commons/configuration2/beanutils/TestBeanHelper.java,org.apache.commons.configuration2.beanutils.TestBeanHelper,testInitBeanWithInvalidProperty/0,helper,1
/home/sandro/workspace/sandro/MLCQCodeSmellSamples/scripts/../dataset/commons-configuration_34357e075d63c3634310878636f9498847badcab/src/test/java/org/apache/commons/configuration2/beanutils/TestBeanHelper.java,org.apache.commons.configuration2.beanutils.TestBeanHelper,testCreateBeanWithUnknownFactory/0,helper,1
/home/sandro/workspace/sandro/MLCQCodeSmellSamples/scripts/../dataset/commons-configuration_34357e075d63c3634310878636f9498847badcab/src/test/java/org/apache/commons/configuration2/beanutils/TestBeanHelper.java,org.apache.commons.configuration2.beanutils.TestBeanHelper,testCreateBeanWithUnknownFactory/0,TEST_FACTORY,1
/home/sandro/workspace/sandro/MLCQCodeSmellSamples/scripts/../dataset/commons-configuration_34357e075d63c3634310878636f9498847badcab/src/test/java/org/apache/commons/configuration2/beanutils/TestBeanHelper.java,org.apache.commons.configuration2.beanutils.TestBeanHelper,testCreateBeanWithDefaultClass/0,helper,2
/home/sandro/workspace/sandro/MLCQCodeSmellSamples/scripts/../dataset/commons-configuration_34357e075d63c3634310878636f9498847badcab/src/test/java/org/apache/commons/configuration2/beanutils/TestBeanHelper.java,org.apache.commons.configuration2.beanutils.TestBeanHelper,testCreateBeanWithDefaultClass/0,TEST_FACTORY,2
/home/sandro/workspace/sandro/MLCQCodeSmellSamples/scripts/../dataset/commons-configuration_34357e075d63c3634310878636f9498847badcab/src/test/java/org/apache/commons/configuration2/beanutils/TestBeanHelper.java,org.apache.commons.configuration2.beanutils.TestBeanHelper,testDeregisterBeanFactory/0,helper,3
/home/sandro/workspace/sandro/MLCQCodeSmellSamples/scripts/../dataset/commons-configuration_34357e075d63c3634310878636f9498847badcab/src/test/java/org/apache/commons/configuration2/beanutils/TestBeanHelper.java,org.apache.commons.configuration2.beanutils.TestBeanHelper,testDeregisterBeanFactory/0,TEST_FACTORY,2
/home/sandro/workspace/sandro/MLCQCodeSmellSamples/scripts/../dataset/commons-configuration_34357e075d63c3634310878636f9498847badcab/src/test/java/org/apache/commons/configuration2/beanutils/TestBeanHelper.java,org.apache.commons.configuration2.beanutils.TestBeanHelper,setUpBeanDeclaration/0,TEST_INT,1
/home/sandro/workspace/sandro/MLCQCodeSmellSamples/scripts/../dataset/commons-configuration_34357e075d63c3634310878636f9498847badcab/src/test/java/org/apache/commons/configuration2/beanutils/TestBeanHelper.java,org.apache.commons.configuration2.beanutils.TestBeanHelper,setUpBeanDeclaration/0,TEST_STRING,1
/home/sandro/workspace/sandro/MLCQCodeSmellSamples/scripts/../dataset/commons-configuration_34357e075d63c3634310878636f9498847badcab/src/test/java/org/apache/commons/configuration2/beanutils/TestBeanHelper.java,org.apache.commons.configuration2.beanutils.TestBeanHelper,testRegisteredFactoriesEmptyForNewInstance/0,helper,1
/home/sandro/workspace/sandro/MLCQCodeSmellSamples/scripts/../dataset/commons-configuration_34357e075d63c3634310878636f9498847badcab/src/test/java/org/apache/commons/configuration2/beanutils/TestBeanHelper.java,org.apache.commons.configuration2.beanutils.TestBeanHelper,testDeregisterBeanFactoryNonExisting/0,helper,1
/home/sandro/workspace/sandro/MLCQCodeSmellSamples/scripts/../dataset/commons-configuration_34357e075d63c3634310878636f9498847badcab/src/test/java/org/apache/commons/configuration2/beanutils/TestBeanHelper.java,org.apache.commons.configuration2.beanutils.TestBeanHelper,testDeregisterBeanFactoryNonExisting/0,TEST_FACTORY,1
/home/sandro/workspace/sandro/MLCQCodeSmellSamples/scripts/../dataset/commons-configuration_34357e075d63c3634310878636f9498847badcab/src/test/java/org/apache/commons/configuration2/beanutils/TestBeanHelper.java,org.apache.commons.configuration2.beanutils.TestBeanHelper,checkBean/1[org.apache.commons.configuration2.beanutils.BeanCreationTestBean],TEST_INT,1
/home/sandro/workspace/sandro/MLCQCodeSmellSamples/scripts/../dataset/commons-configuration_34357e075d63c3634310878636f9498847badcab/src/test/java/org/apache/commons/configuration2/beanutils/TestBeanHelper.java,org.apache.commons.configuration2.beanutils.TestBeanHelper,checkBean/1[org.apache.commons.configuration2.beanutils.BeanCreationTestBean],TEST_STRING,1
/home/sandro/workspace/sandro/MLCQCodeSmellSamples/scripts/../dataset/commons-configuration_34357e075d63c3634310878636f9498847badcab/src/test/java/org/apache/commons/configuration2/beanutils/TestBeanHelper.java,org.apache.commons.configuration2.beanutils.TestBeanHelper,testCreateBeanWithParameter/0,helper,2
/home/sandro/workspace/sandro/MLCQCodeSmellSamples/scripts/../dataset/commons-configuration_34357e075d63c3634310878636f9498847badcab/src/test/java/org/apache/commons/configuration2/beanutils/TestBeanHelper.java,org.apache.commons.configuration2.beanutils.TestBeanHelper,testCreateBeanWithParameter/0,TEST_FACTORY,2
/home/sandro/workspace/sandro/MLCQCodeSmellSamples/scripts/../dataset/commons-configuration_34357e075d63c3634310878636f9498847badcab/src/test/java/org/apache/commons/configuration2/beanutils/TestBeanHelper.java,org.apache.commons.configuration2.beanutils.TestBeanHelper,testDeregisterBeanFactoryNull/0,helper,1
/home/sandro/workspace/sandro/MLCQCodeSmellSamples/scripts/../dataset/commons-configuration_34357e075d63c3634310878636f9498847badcab/src/test/java/org/apache/commons/configuration2/beanutils/TestBeanHelper.java,org.apache.commons.configuration2.beanutils.TestBeanHelper,checkBean/1[org.apache.commons.configuration2.beanutils.BeanCreationTestBeanWithListChild],TEST_INT,1
/home/sandro/workspace/sandro/MLCQCodeSmellSamples/scripts/../dataset/commons-configuration_34357e075d63c3634310878636f9498847badcab/src/test/java/org/apache/commons/configuration2/beanutils/TestBeanHelper.java,org.apache.commons.configuration2.beanutils.TestBeanHelper,checkBean/1[org.apache.commons.configuration2.beanutils.BeanCreationTestBeanWithListChild],TEST_STRING,1
/home/sandro/workspace/sandro/MLCQCodeSmellSamples/scripts/../dataset/commons-configuration_34357e075d63c3634310878636f9498847badcab/src/main/java/org/apache/commons/configuration2/builder/CopyObjectDefaultHandler.java,org.apache.commons.configuration2.builder.CopyObjectDefaultHandler,CopyObjectDefaultHandler/1[org.apache.commons.configuration2.builder.BuilderParameters],source,1
/home/sandro/workspace/sandro/MLCQCodeSmellSamples/scripts/../dataset/commons-configuration_34357e075d63c3634310878636f9498847badcab/src/main/java/org/apache/commons/configuration2/builder/CopyObjectDefaultHandler.java,org.apache.commons.configuration2.builder.CopyObjectDefaultHandler,getSource/0,source,1
/home/sandro/workspace/sandro/MLCQCodeSmellSamples/scripts/../dataset/commons-configuration_34357e075d63c3634310878636f9498847badcab/src/main/java/org/apache/commons/configuration2/tree/xpath/ConfigurationNodeIteratorBase.java,org.apache.commons.configuration2.tree.xpath.ConfigurationNodeIteratorBase,setPosition/1[int],position,1
/home/sandro/workspace/sandro/MLCQCodeSmellSamples/scripts/../dataset/commons-configuration_34357e075d63c3634310878636f9498847badcab/src/main/java/org/apache/commons/configuration2/tree/xpath/ConfigurationNodeIteratorBase.java,org.apache.commons.configuration2.tree.xpath.ConfigurationNodeIteratorBase,getParent/0,parent,1
/home/sandro/workspace/sandro/MLCQCodeSmellSamples/scripts/../dataset/commons-configuration_34357e075d63c3634310878636f9498847badcab/src/main/java/org/apache/commons/configuration2/tree/xpath/ConfigurationNodeIteratorBase.java,org.apache.commons.configuration2.tree.xpath.ConfigurationNodeIteratorBase,"prefixName/2[java.lang.String,java.lang.String]",FMT_NAMESPACE,1
/home/sandro/workspace/sandro/MLCQCodeSmellSamples/scripts/../dataset/commons-configuration_34357e075d63c3634310878636f9498847badcab/src/main/java/org/apache/commons/configuration2/tree/xpath/ConfigurationNodeIteratorBase.java,org.apache.commons.configuration2.tree.xpath.ConfigurationNodeIteratorBase,"ConfigurationNodeIteratorBase/2[org.apache.commons.configuration2.tree.xpath.ConfigurationNodePointer<T>,boolean]",parent,4
/home/sandro/workspace/sandro/MLCQCodeSmellSamples/scripts/../dataset/commons-configuration_34357e075d63c3634310878636f9498847badcab/src/main/java/org/apache/commons/configuration2/tree/xpath/ConfigurationNodeIteratorBase.java,org.apache.commons.configuration2.tree.xpath.ConfigurationNodeIteratorBase,"ConfigurationNodeIteratorBase/2[org.apache.commons.configuration2.tree.xpath.ConfigurationNodePointer<T>,boolean]",reverse,4
/home/sandro/workspace/sandro/MLCQCodeSmellSamples/scripts/../dataset/commons-configuration_34357e075d63c3634310878636f9498847badcab/src/main/java/org/apache/commons/configuration2/tree/xpath/ConfigurationNodeIteratorBase.java,org.apache.commons.configuration2.tree.xpath.ConfigurationNodeIteratorBase,setStartOffset/1[int],startOffset,6
/home/sandro/workspace/sandro/MLCQCodeSmellSamples/scripts/../dataset/commons-configuration_34357e075d63c3634310878636f9498847badcab/src/main/java/org/apache/commons/configuration2/tree/xpath/ConfigurationNodeIteratorBase.java,org.apache.commons.configuration2.tree.xpath.ConfigurationNodeIteratorBase,setStartOffset/1[int],reverse,1
/home/sandro/workspace/sandro/MLCQCodeSmellSamples/scripts/../dataset/commons-configuration_34357e075d63c3634310878636f9498847badcab/src/main/java/org/apache/commons/configuration2/tree/xpath/ConfigurationNodeIteratorBase.java,org.apache.commons.configuration2.tree.xpath.ConfigurationNodeIteratorBase,positionToIndex/1[int],reverse,1
/home/sandro/workspace/sandro/MLCQCodeSmellSamples/scripts/../dataset/commons-configuration_34357e075d63c3634310878636f9498847badcab/src/main/java/org/apache/commons/configuration2/tree/xpath/ConfigurationNodeIteratorBase.java,org.apache.commons.configuration2.tree.xpath.ConfigurationNodeIteratorBase,createNodePointer/1[int],position,2
/home/sandro/workspace/sandro/MLCQCodeSmellSamples/scripts/../dataset/commons-configuration_34357e075d63c3634310878636f9498847badcab/src/main/java/org/apache/commons/configuration2/tree/xpath/ConfigurationNodeIteratorBase.java,org.apache.commons.configuration2.tree.xpath.ConfigurationNodeIteratorBase,getPosition/0,position,1
/home/sandro/workspace/sandro/MLCQCodeSmellSamples/scripts/../dataset/commons-configuration_34357e075d63c3634310878636f9498847badcab/src/main/java/org/apache/commons/configuration2/tree/xpath/ConfigurationNodeIteratorBase.java,org.apache.commons.configuration2.tree.xpath.ConfigurationNodeIteratorBase,getStartOffset/0,startOffset,1
/home/sandro/workspace/sandro/MLCQCodeSmellSamples/scripts/../dataset/commons-configuration_34357e075d63c3634310878636f9498847badcab/src/main/java/org/apache/commons/configuration2/tree/xpath/ConfigurationNodeIteratorBase.java,org.apache.commons.configuration2.tree.xpath.ConfigurationNodeIteratorBase,getMaxPosition/0,reverse,1
/home/sandro/workspace/sandro/MLCQCodeSmellSamples/scripts/../dataset/commons-configuration_34357e075d63c3634310878636f9498847badcab/src/test/java/org/apache/commons/configuration2/tree/xpath/TestConfigurationNodeIteratorChildren.java,org.apache.commons.configuration2.tree.xpath.TestConfigurationNodeIteratorChildren,testIterateWithPrefixTest/0,rootPointer,1
/home/sandro/workspace/sandro/MLCQCodeSmellSamples/scripts/../dataset/commons-configuration_34357e075d63c3634310878636f9498847badcab/src/test/java/org/apache/commons/configuration2/tree/xpath/TestConfigurationNodeIteratorChildren.java,org.apache.commons.configuration2.tree.xpath.TestConfigurationNodeIteratorChildren,testIterateWithWildcardTest/0,rootPointer,1
/home/sandro/workspace/sandro/MLCQCodeSmellSamples/scripts/../dataset/commons-configuration_34357e075d63c3634310878636f9498847badcab/src/test/java/org/apache/commons/configuration2/tree/xpath/TestConfigurationNodeIteratorChildren.java,org.apache.commons.configuration2.tree.xpath.TestConfigurationNodeIteratorChildren,testIterateStartsWith/0,rootPointer,2
/home/sandro/workspace/sandro/MLCQCodeSmellSamples/scripts/../dataset/commons-configuration_34357e075d63c3634310878636f9498847badcab/src/test/java/org/apache/commons/configuration2/tree/xpath/TestConfigurationNodeIteratorChildren.java,org.apache.commons.configuration2.tree.xpath.TestConfigurationNodeIteratorChildren,testIterateStartsWithInvalid/0,rootPointer,2
/home/sandro/workspace/sandro/MLCQCodeSmellSamples/scripts/../dataset/commons-configuration_34357e075d63c3634310878636f9498847badcab/src/test/java/org/apache/commons/configuration2/tree/xpath/TestConfigurationNodeIteratorChildren.java,org.apache.commons.configuration2.tree.xpath.TestConfigurationNodeIteratorChildren,testIterateWithNodeType/0,rootPointer,1
/home/sandro/workspace/sandro/MLCQCodeSmellSamples/scripts/../dataset/commons-configuration_34357e075d63c3634310878636f9498847badcab/src/test/java/org/apache/commons/configuration2/tree/xpath/TestConfigurationNodeIteratorChildren.java,org.apache.commons.configuration2.tree.xpath.TestConfigurationNodeIteratorChildren,createPointerWithNamespace/0,PREFIX,1
/home/sandro/workspace/sandro/MLCQCodeSmellSamples/scripts/../dataset/commons-configuration_34357e075d63c3634310878636f9498847badcab/src/test/java/org/apache/commons/configuration2/tree/xpath/TestConfigurationNodeIteratorChildren.java,org.apache.commons.configuration2.tree.xpath.TestConfigurationNodeIteratorChildren,createPointerWithNamespace/0,PREFIX_NODE,1
/home/sandro/workspace/sandro/MLCQCodeSmellSamples/scripts/../dataset/commons-configuration_34357e075d63c3634310878636f9498847badcab/src/test/java/org/apache/commons/configuration2/tree/xpath/TestConfigurationNodeIteratorChildren.java,org.apache.commons.configuration2.tree.xpath.TestConfigurationNodeIteratorChildren,setUp/0,rootPointer,1
/home/sandro/workspace/sandro/MLCQCodeSmellSamples/scripts/../dataset/commons-configuration_34357e075d63c3634310878636f9498847badcab/src/test/java/org/apache/commons/configuration2/tree/xpath/TestConfigurationNodeIteratorChildren.java,org.apache.commons.configuration2.tree.xpath.TestConfigurationNodeIteratorChildren,testIterateAllChildren/0,rootPointer,1
/home/sandro/workspace/sandro/MLCQCodeSmellSamples/scripts/../dataset/commons-configuration_34357e075d63c3634310878636f9498847badcab/src/test/java/org/apache/commons/configuration2/tree/xpath/TestConfigurationNodeIteratorChildren.java,org.apache.commons.configuration2.tree.xpath.TestConfigurationNodeIteratorChildren,testIterateWithMatchingPrefixTest/0,PREFIX,2
/home/sandro/workspace/sandro/MLCQCodeSmellSamples/scripts/../dataset/commons-configuration_34357e075d63c3634310878636f9498847badcab/src/test/java/org/apache/commons/configuration2/tree/xpath/TestConfigurationNodeIteratorChildren.java,org.apache.commons.configuration2.tree.xpath.TestConfigurationNodeIteratorChildren,testIterateWithMatchingPrefixTest/0,PREFIX_NODE,2
/home/sandro/workspace/sandro/MLCQCodeSmellSamples/scripts/../dataset/commons-configuration_34357e075d63c3634310878636f9498847badcab/src/test/java/org/apache/commons/configuration2/tree/xpath/TestConfigurationNodeIteratorChildren.java,org.apache.commons.configuration2.tree.xpath.TestConfigurationNodeIteratorChildren,testIterateWithNameTest/0,rootPointer,1
/home/sandro/workspace/sandro/MLCQCodeSmellSamples/scripts/../dataset/commons-configuration_34357e075d63c3634310878636f9498847badcab/src/test/java/org/apache/commons/configuration2/tree/xpath/TestConfigurationNodeIteratorChildren.java,org.apache.commons.configuration2.tree.xpath.TestConfigurationNodeIteratorChildren,testIterateStartsWithReverse/0,rootPointer,2
/home/sandro/workspace/sandro/MLCQCodeSmellSamples/scripts/../dataset/commons-configuration_34357e075d63c3634310878636f9498847badcab/src/test/java/org/apache/commons/configuration2/tree/xpath/TestConfigurationNodeIteratorChildren.java,org.apache.commons.configuration2.tree.xpath.TestConfigurationNodeIteratorChildren,testIterateWithWildcardTestPrefix/0,PREFIX,2
/home/sandro/workspace/sandro/MLCQCodeSmellSamples/scripts/../dataset/commons-configuration_34357e075d63c3634310878636f9498847badcab/src/test/java/org/apache/commons/configuration2/tree/xpath/TestConfigurationNodeIteratorChildren.java,org.apache.commons.configuration2.tree.xpath.TestConfigurationNodeIteratorChildren,testIterateWithWildcardTestPrefix/0,PREFIX_NODE,1
/home/sandro/workspace/sandro/MLCQCodeSmellSamples/scripts/../dataset/commons-configuration_34357e075d63c3634310878636f9498847badcab/src/test/java/org/apache/commons/configuration2/tree/xpath/TestConfigurationNodeIteratorChildren.java,org.apache.commons.configuration2.tree.xpath.TestConfigurationNodeIteratorChildren,testIterateWithUnknownType/0,rootPointer,1
/home/sandro/workspace/sandro/MLCQCodeSmellSamples/scripts/../dataset/commons-configuration_34357e075d63c3634310878636f9498847badcab/src/test/java/org/apache/commons/configuration2/tree/xpath/TestConfigurationNodeIteratorChildren.java,org.apache.commons.configuration2.tree.xpath.TestConfigurationNodeIteratorChildren,testIterateReverse/0,rootPointer,1
/home/sandro/workspace/sandro/MLCQCodeSmellSamples/scripts/../dataset/commons-configuration_34357e075d63c3634310878636f9498847badcab/src/test/java/org/apache/commons/configuration2/tree/xpath/TestConfigurationNodeIteratorChildren.java,org.apache.commons.configuration2.tree.xpath.TestConfigurationNodeIteratorChildren,testIterateWithUnknownTest/0,rootPointer,1
/home/sandro/workspace/sandro/MLCQCodeSmellSamples/scripts/../dataset/commons-configuration_34357e075d63c3634310878636f9498847badcab/src/main/java/org/apache/commons/configuration2/builder/combined/MultiFileBuilderParametersImpl.java,org.apache.commons.configuration2.builder.combined.MultiFileBuilderParametersImpl,setManagedBuilderParameters/1[org.apache.commons.configuration2.builder.BuilderParameters],managedBuilderParameters,1
/home/sandro/workspace/sandro/MLCQCodeSmellSamples/scripts/../dataset/commons-configuration_34357e075d63c3634310878636f9498847badcab/src/main/java/org/apache/commons/configuration2/builder/combined/MultiFileBuilderParametersImpl.java,org.apache.commons.configuration2.builder.combined.MultiFileBuilderParametersImpl,setFilePattern/1[java.lang.String],filePattern,1
/home/sandro/workspace/sandro/MLCQCodeSmellSamples/scripts/../dataset/commons-configuration_34357e075d63c3634310878636f9498847badcab/src/main/java/org/apache/commons/configuration2/builder/combined/MultiFileBuilderParametersImpl.java,org.apache.commons.configuration2.builder.combined.MultiFileBuilderParametersImpl,getParameters/0,PARAM_KEY,1
/home/sandro/workspace/sandro/MLCQCodeSmellSamples/scripts/../dataset/commons-configuration_34357e075d63c3634310878636f9498847badcab/src/main/java/org/apache/commons/configuration2/builder/combined/MultiFileBuilderParametersImpl.java,org.apache.commons.configuration2.builder.combined.MultiFileBuilderParametersImpl,getFilePattern/0,filePattern,1
/home/sandro/workspace/sandro/MLCQCodeSmellSamples/scripts/../dataset/commons-configuration_34357e075d63c3634310878636f9498847badcab/src/main/java/org/apache/commons/configuration2/builder/combined/MultiFileBuilderParametersImpl.java,org.apache.commons.configuration2.builder.combined.MultiFileBuilderParametersImpl,"fromParameters/2[java.util.Map<java.lang.String,java.lang.Object>,boolean]",PARAM_KEY,1
/home/sandro/workspace/sandro/MLCQCodeSmellSamples/scripts/../dataset/commons-configuration_34357e075d63c3634310878636f9498847badcab/src/main/java/org/apache/commons/configuration2/builder/combined/MultiFileBuilderParametersImpl.java,org.apache.commons.configuration2.builder.combined.MultiFileBuilderParametersImpl,getManagedBuilderParameters/0,managedBuilderParameters,1
/home/sandro/workspace/sandro/MLCQCodeSmellSamples/scripts/../dataset/commons-configuration_34357e075d63c3634310878636f9498847badcab/src/test/java/org/apache/commons/configuration2/builder/combined/TestMultiWrapDynaBean.java,org.apache.commons.configuration2.builder.combined.TestMultiWrapDynaBean,testGetIndexedProperty/0,wrapBean,1
/home/sandro/workspace/sandro/MLCQCodeSmellSamples/scripts/../dataset/commons-configuration_34357e075d63c3634310878636f9498847badcab/src/test/java/org/apache/commons/configuration2/builder/combined/TestMultiWrapDynaBean.java,org.apache.commons.configuration2.builder.combined.TestMultiWrapDynaBean,testRemove/0,MAPPED_PROPERTY,1
/home/sandro/workspace/sandro/MLCQCodeSmellSamples/scripts/../dataset/commons-configuration_34357e075d63c3634310878636f9498847badcab/src/test/java/org/apache/commons/configuration2/builder/combined/TestMultiWrapDynaBean.java,org.apache.commons.configuration2.builder.combined.TestMultiWrapDynaBean,testSetMappedProperty/0,MAPPED_PROPERTY,2
/home/sandro/workspace/sandro/MLCQCodeSmellSamples/scripts/../dataset/commons-configuration_34357e075d63c3634310878636f9498847badcab/src/test/java/org/apache/commons/configuration2/builder/combined/TestMultiWrapDynaBean.java,org.apache.commons.configuration2.builder.combined.TestMultiWrapDynaBean,testSetMappedProperty/0,wrapDynaBean,1
/home/sandro/workspace/sandro/MLCQCodeSmellSamples/scripts/../dataset/commons-configuration_34357e075d63c3634310878636f9498847badcab/src/test/java/org/apache/commons/configuration2/builder/combined/TestMultiWrapDynaBean.java,org.apache.commons.configuration2.builder.combined.TestMultiWrapDynaBean,testGetMappedProperty/0,MAPPED_PROPERTY,2
/home/sandro/workspace/sandro/MLCQCodeSmellSamples/scripts/../dataset/commons-configuration_34357e075d63c3634310878636f9498847badcab/src/test/java/org/apache/commons/configuration2/builder/combined/TestMultiWrapDynaBean.java,org.apache.commons.configuration2.builder.combined.TestMultiWrapDynaBean,testGetMappedProperty/0,wrapDynaBean,1
/home/sandro/workspace/sandro/MLCQCodeSmellSamples/scripts/../dataset/commons-configuration_34357e075d63c3634310878636f9498847badcab/src/test/java/org/apache/commons/configuration2/builder/combined/TestMultiWrapDynaBean.java,org.apache.commons.configuration2.builder.combined.TestMultiWrapDynaBean,testOrderOfProperties/0,params,3
/home/sandro/workspace/sandro/MLCQCodeSmellSamples/scripts/../dataset/commons-configuration_34357e075d63c3634310878636f9498847badcab/src/test/java/org/apache/commons/configuration2/builder/combined/TestMultiWrapDynaBean.java,org.apache.commons.configuration2.builder.combined.TestMultiWrapDynaBean,createBean/1[boolean],MAPPED_PROPERTY,1
/home/sandro/workspace/sandro/MLCQCodeSmellSamples/scripts/../dataset/commons-configuration_34357e075d63c3634310878636f9498847badcab/src/test/java/org/apache/commons/configuration2/builder/combined/TestMultiWrapDynaBean.java,org.apache.commons.configuration2.builder.combined.TestMultiWrapDynaBean,createBean/1[boolean],wrapBean,2
/home/sandro/workspace/sandro/MLCQCodeSmellSamples/scripts/../dataset/commons-configuration_34357e075d63c3634310878636f9498847badcab/src/test/java/org/apache/commons/configuration2/builder/combined/TestMultiWrapDynaBean.java,org.apache.commons.configuration2.builder.combined.TestMultiWrapDynaBean,createBean/1[boolean],params,2
/home/sandro/workspace/sandro/MLCQCodeSmellSamples/scripts/../dataset/commons-configuration_34357e075d63c3634310878636f9498847badcab/src/test/java/org/apache/commons/configuration2/builder/combined/TestMultiWrapDynaBean.java,org.apache.commons.configuration2.builder.combined.TestMultiWrapDynaBean,createBean/1[boolean],wrapDynaBean,3
/home/sandro/workspace/sandro/MLCQCodeSmellSamples/scripts/../dataset/commons-configuration_34357e075d63c3634310878636f9498847badcab/src/test/java/org/apache/commons/configuration2/builder/combined/TestMultiWrapDynaBean.java,org.apache.commons.configuration2.builder.combined.TestMultiWrapDynaBean,testContains/0,MAPPED_PROPERTY,1
/home/sandro/workspace/sandro/MLCQCodeSmellSamples/scripts/../dataset/commons-configuration_34357e075d63c3634310878636f9498847badcab/src/test/java/org/apache/commons/configuration2/builder/combined/TestMultiWrapDynaBean.java,org.apache.commons.configuration2.builder.combined.TestMultiWrapDynaBean,testSetSimpleProperty/0,params,1
/home/sandro/workspace/sandro/MLCQCodeSmellSamples/scripts/../dataset/commons-configuration_34357e075d63c3634310878636f9498847badcab/src/test/java/org/apache/commons/configuration2/builder/combined/TestMultiWrapDynaBean.java,org.apache.commons.configuration2.builder.combined.TestMultiWrapDynaBean,testSetIndexedProperty/0,wrapBean,1
/home/sandro/workspace/sandro/MLCQCodeSmellSamples/scripts/../dataset/commons-configuration_34357e075d63c3634310878636f9498847badcab/src/test/java/org/apache/commons/configuration2/builder/combined/TestMultiWrapDynaBean.java,org.apache.commons.configuration2.builder.combined.TestMultiWrapDynaBean,testGetSimpleProperty/0,wrapBean,1
/home/sandro/workspace/sandro/MLCQCodeSmellSamples/scripts/../dataset/commons-configuration_34357e075d63c3634310878636f9498847badcab/src/main/java/org/apache/commons/configuration2/convert/LegacyListDelimiterHandler.java,org.apache.commons.configuration2.convert.LegacyListDelimiterHandler,"escapeBackslashs/2[java.lang.Object,boolean]",QUAD_ESC,1
/home/sandro/workspace/sandro/MLCQCodeSmellSamples/scripts/../dataset/commons-configuration_34357e075d63c3634310878636f9498847badcab/src/main/java/org/apache/commons/configuration2/convert/LegacyListDelimiterHandler.java,org.apache.commons.configuration2.convert.LegacyListDelimiterHandler,"escapeBackslashs/2[java.lang.Object,boolean]",DOUBLE_ESC,2
/home/sandro/workspace/sandro/MLCQCodeSmellSamples/scripts/../dataset/commons-configuration_34357e075d63c3634310878636f9498847badcab/src/main/java/org/apache/commons/configuration2/convert/LegacyListDelimiterHandler.java,org.apache.commons.configuration2.convert.LegacyListDelimiterHandler,getDelimiter/0,delimiter,1
/home/sandro/workspace/sandro/MLCQCodeSmellSamples/scripts/../dataset/commons-configuration_34357e075d63c3634310878636f9498847badcab/src/main/java/org/apache/commons/configuration2/convert/LegacyListDelimiterHandler.java,org.apache.commons.configuration2.convert.LegacyListDelimiterHandler,"escapeValue/3[java.lang.Object,boolean,org.apache.commons.configuration2.convert.ValueTransformer]",ESCAPE,1
/home/sandro/workspace/sandro/MLCQCodeSmellSamples/scripts/../dataset/commons-configuration_34357e075d63c3634310878636f9498847badcab/src/main/java/org/apache/commons/configuration2/convert/LegacyListDelimiterHandler.java,org.apache.commons.configuration2.convert.LegacyListDelimiterHandler,LegacyListDelimiterHandler/1[char],delimiter,1
/home/sandro/workspace/sandro/MLCQCodeSmellSamples/scripts/../dataset/commons-configuration_34357e075d63c3634310878636f9498847badcab/src/main/java/org/apache/commons/configuration2/convert/LegacyListDelimiterHandler.java,org.apache.commons.configuration2.convert.LegacyListDelimiterHandler,"splitString/2[java.lang.String,boolean]",ESCAPE,1
/home/sandro/workspace/sandro/MLCQCodeSmellSamples/scripts/../dataset/commons-configuration_34357e075d63c3634310878636f9498847badcab/src/main/java/org/apache/commons/configuration2/convert/LegacyListDelimiterHandler.java,org.apache.commons.configuration2.convert.LegacyListDelimiterHandler,"escapeList/2[java.util.List<?>,org.apache.commons.configuration2.convert.ValueTransformer]",ESCAPE,3
/home/sandro/workspace/sandro/MLCQCodeSmellSamples/scripts/../dataset/commons-configuration_34357e075d63c3634310878636f9498847badcab/src/test/java/org/apache/commons/configuration2/builder/TestBasicBuilderParameters.java,org.apache.commons.configuration2.builder.TestBasicBuilderParameters,testSetSynchronizer/0,params,3
/home/sandro/workspace/sandro/MLCQCodeSmellSamples/scripts/../dataset/commons-configuration_34357e075d63c3634310878636f9498847badcab/src/test/java/org/apache/commons/configuration2/builder/TestBasicBuilderParameters.java,org.apache.commons.configuration2.builder.TestBasicBuilderParameters,testSetPrefixLookups/0,params,4
/home/sandro/workspace/sandro/MLCQCodeSmellSamples/scripts/../dataset/commons-configuration_34357e075d63c3634310878636f9498847badcab/src/test/java/org/apache/commons/configuration2/builder/TestBasicBuilderParameters.java,org.apache.commons.configuration2.builder.TestBasicBuilderParameters,testSetPrefixLookupsNull/0,params,3
/home/sandro/workspace/sandro/MLCQCodeSmellSamples/scripts/../dataset/commons-configuration_34357e075d63c3634310878636f9498847badcab/src/test/java/org/apache/commons/configuration2/builder/TestBasicBuilderParameters.java,org.apache.commons.configuration2.builder.TestBasicBuilderParameters,testSetDefaultLookupsNull/0,params,3
/home/sandro/workspace/sandro/MLCQCodeSmellSamples/scripts/../dataset/commons-configuration_34357e075d63c3634310878636f9498847badcab/src/test/java/org/apache/commons/configuration2/builder/TestBasicBuilderParameters.java,org.apache.commons.configuration2.builder.TestBasicBuilderParameters,testSetListDelimiter/0,params,3
/home/sandro/workspace/sandro/MLCQCodeSmellSamples/scripts/../dataset/commons-configuration_34357e075d63c3634310878636f9498847badcab/src/test/java/org/apache/commons/configuration2/builder/TestBasicBuilderParameters.java,org.apache.commons.configuration2.builder.TestBasicBuilderParameters,testSetDefaultLookups/0,params,4
/home/sandro/workspace/sandro/MLCQCodeSmellSamples/scripts/../dataset/commons-configuration_34357e075d63c3634310878636f9498847badcab/src/test/java/org/apache/commons/configuration2/builder/TestBasicBuilderParameters.java,org.apache.commons.configuration2.builder.TestBasicBuilderParameters,testCloneValues/0,params,7
/home/sandro/workspace/sandro/MLCQCodeSmellSamples/scripts/../dataset/commons-configuration_34357e075d63c3634310878636f9498847badcab/src/test/java/org/apache/commons/configuration2/builder/TestBasicBuilderParameters.java,org.apache.commons.configuration2.builder.TestBasicBuilderParameters,testGetParametersDefensiveCopy/0,params,2
/home/sandro/workspace/sandro/MLCQCodeSmellSamples/scripts/../dataset/commons-configuration_34357e075d63c3634310878636f9498847badcab/src/test/java/org/apache/commons/configuration2/builder/TestBasicBuilderParameters.java,org.apache.commons.configuration2.builder.TestBasicBuilderParameters,testMerge/0,params,3
/home/sandro/workspace/sandro/MLCQCodeSmellSamples/scripts/../dataset/commons-configuration_34357e075d63c3634310878636f9498847badcab/src/test/java/org/apache/commons/configuration2/builder/TestBasicBuilderParameters.java,org.apache.commons.configuration2.builder.TestBasicBuilderParameters,testFetchInterpolatorSpecificationWithInterpolator/0,params,2
/home/sandro/workspace/sandro/MLCQCodeSmellSamples/scripts/../dataset/commons-configuration_34357e075d63c3634310878636f9498847badcab/src/test/java/org/apache/commons/configuration2/builder/TestBasicBuilderParameters.java,org.apache.commons.configuration2.builder.TestBasicBuilderParameters,testFetchInterpolatorSpecificationEmpty/0,params,1
/home/sandro/workspace/sandro/MLCQCodeSmellSamples/scripts/../dataset/commons-configuration_34357e075d63c3634310878636f9498847badcab/src/test/java/org/apache/commons/configuration2/builder/TestBasicBuilderParameters.java,org.apache.commons.configuration2.builder.TestBasicBuilderParameters,testSetThrowExceptionOnMissing/0,params,3
/home/sandro/workspace/sandro/MLCQCodeSmellSamples/scripts/../dataset/commons-configuration_34357e075d63c3634310878636f9498847badcab/src/test/java/org/apache/commons/configuration2/builder/TestBasicBuilderParameters.java,org.apache.commons.configuration2.builder.TestBasicBuilderParameters,testInheritFromNull/0,params,1
/home/sandro/workspace/sandro/MLCQCodeSmellSamples/scripts/../dataset/commons-configuration_34357e075d63c3634310878636f9498847badcab/src/test/java/org/apache/commons/configuration2/builder/TestBasicBuilderParameters.java,org.apache.commons.configuration2.builder.TestBasicBuilderParameters,testFetchBeanHelperNoSet/0,params,1
/home/sandro/workspace/sandro/MLCQCodeSmellSamples/scripts/../dataset/commons-configuration_34357e075d63c3634310878636f9498847badcab/src/test/java/org/apache/commons/configuration2/builder/TestBasicBuilderParameters.java,org.apache.commons.configuration2.builder.TestBasicBuilderParameters,testSetLogger/0,params,3
/home/sandro/workspace/sandro/MLCQCodeSmellSamples/scripts/../dataset/commons-configuration_34357e075d63c3634310878636f9498847badcab/src/test/java/org/apache/commons/configuration2/builder/TestBasicBuilderParameters.java,org.apache.commons.configuration2.builder.TestBasicBuilderParameters,testSetConversionHandler/0,params,3
/home/sandro/workspace/sandro/MLCQCodeSmellSamples/scripts/../dataset/commons-configuration_34357e075d63c3634310878636f9498847badcab/src/test/java/org/apache/commons/configuration2/builder/TestBasicBuilderParameters.java,org.apache.commons.configuration2.builder.TestBasicBuilderParameters,testSetConfigurationDecoder/0,params,3
/home/sandro/workspace/sandro/MLCQCodeSmellSamples/scripts/../dataset/commons-configuration_34357e075d63c3634310878636f9498847badcab/src/test/java/org/apache/commons/configuration2/builder/TestBasicBuilderParameters.java,org.apache.commons.configuration2.builder.TestBasicBuilderParameters,testClonePrefixLookups/0,params,3
/home/sandro/workspace/sandro/MLCQCodeSmellSamples/scripts/../dataset/commons-configuration_34357e075d63c3634310878636f9498847badcab/src/test/java/org/apache/commons/configuration2/builder/TestBasicBuilderParameters.java,org.apache.commons.configuration2.builder.TestBasicBuilderParameters,testInheritFrom/0,params,2
/home/sandro/workspace/sandro/MLCQCodeSmellSamples/scripts/../dataset/commons-configuration_34357e075d63c3634310878636f9498847badcab/src/test/java/org/apache/commons/configuration2/builder/TestBasicBuilderParameters.java,org.apache.commons.configuration2.builder.TestBasicBuilderParameters,setUp/0,params,1
/home/sandro/workspace/sandro/MLCQCodeSmellSamples/scripts/../dataset/commons-configuration_34357e075d63c3634310878636f9498847badcab/src/test/java/org/apache/commons/configuration2/builder/TestBasicBuilderParameters.java,org.apache.commons.configuration2.builder.TestBasicBuilderParameters,testDefaults/0,params,1
/home/sandro/workspace/sandro/MLCQCodeSmellSamples/scripts/../dataset/commons-configuration_34357e075d63c3634310878636f9498847badcab/src/test/java/org/apache/commons/configuration2/builder/TestBasicBuilderParameters.java,org.apache.commons.configuration2.builder.TestBasicBuilderParameters,testSetBeanHelper/0,params,3
/home/sandro/workspace/sandro/MLCQCodeSmellSamples/scripts/../dataset/commons-configuration_34357e075d63c3634310878636f9498847badcab/src/test/java/org/apache/commons/configuration2/builder/TestBasicBuilderParameters.java,org.apache.commons.configuration2.builder.TestBasicBuilderParameters,testSetParentInterpolator/0,params,3
/home/sandro/workspace/sandro/MLCQCodeSmellSamples/scripts/../dataset/commons-configuration_34357e075d63c3634310878636f9498847badcab/src/test/java/org/apache/commons/configuration2/builder/TestBasicBuilderParameters.java,org.apache.commons.configuration2.builder.TestBasicBuilderParameters,testSetInterpolator/0,params,3
/home/sandro/workspace/sandro/MLCQCodeSmellSamples/scripts/../dataset/commons-configuration_34357e075d63c3634310878636f9498847badcab/src/test/java/org/apache/commons/configuration2/builder/TestBasicBuilderParameters.java,org.apache.commons.configuration2.builder.TestBasicBuilderParameters,testFetchInterpolatorSpecification/0,params,4
/home/sandro/workspace/sandro/MLCQCodeSmellSamples/scripts/../dataset/commons-configuration_34357e075d63c3634310878636f9498847badcab/src/test/java/org/apache/commons/configuration2/builder/TestBasicBuilderParameters.java,org.apache.commons.configuration2.builder.TestBasicBuilderParameters,testSetLookupsAndInterpolator/0,params,5
/home/sandro/workspace/sandro/MLCQCodeSmellSamples/scripts/../dataset/commons-configuration_34357e075d63c3634310878636f9498847badcab/src/test/java/org/apache/commons/configuration2/builder/TestBasicBuilderParameters.java,org.apache.commons.configuration2.builder.TestBasicBuilderParameters,testMergeNull/0,params,1
/home/sandro/workspace/sandro/MLCQCodeSmellSamples/scripts/../dataset/commons-configuration_34357e075d63c3634310878636f9498847badcab/src/test/java/org/apache/commons/configuration2/builder/TestBasicBuilderParameters.java,org.apache.commons.configuration2.builder.TestBasicBuilderParameters,testCloneDefaultLookups/0,params,3
/home/sandro/workspace/sandro/MLCQCodeSmellSamples/scripts/../dataset/commons-configuration_34357e075d63c3634310878636f9498847badcab/src/main/java/org/apache/commons/configuration2/tree/ModelTransaction.java,org.apache.commons.configuration2.tree.ModelTransaction$AddAttributesOperation,"apply/2[org.apache.commons.configuration2.tree.ImmutableNode,org.apache.commons.configuration2.tree.ModelTransaction.Operations]",attributes,1
/home/sandro/workspace/sandro/MLCQCodeSmellSamples/scripts/../dataset/commons-configuration_34357e075d63c3634310878636f9498847badcab/src/main/java/org/apache/commons/configuration2/tree/ModelTransaction.java,org.apache.commons.configuration2.tree.ModelTransaction$AddAttributesOperation,"AddAttributesOperation/1[java.util.Map<java.lang.String,java.lang.Object>]",attributes,1
/home/sandro/workspace/sandro/MLCQCodeSmellSamples/scripts/../dataset/commons-configuration_34357e075d63c3634310878636f9498847badcab/src/test/java/org/apache/commons/configuration2/tree/NodeStructureHelper.java,org.apache.commons.configuration2.tree.NodeStructureHelper,"work/2[int,int]",WORKS,1
/home/sandro/workspace/sandro/MLCQCodeSmellSamples/scripts/../dataset/commons-configuration_34357e075d63c3634310878636f9498847badcab/src/test/java/org/apache/commons/configuration2/tree/NodeStructureHelper.java,org.apache.commons.configuration2.tree.NodeStructureHelper,createTablesTree/0,FIELDS,1
/home/sandro/workspace/sandro/MLCQCodeSmellSamples/scripts/../dataset/commons-configuration_34357e075d63c3634310878636f9498847badcab/src/test/java/org/apache/commons/configuration2/tree/NodeStructureHelper.java,org.apache.commons.configuration2.tree.NodeStructureHelper,createTablesTree/0,TABLES,1
/home/sandro/workspace/sandro/MLCQCodeSmellSamples/scripts/../dataset/commons-configuration_34357e075d63c3634310878636f9498847badcab/src/test/java/org/apache/commons/configuration2/tree/NodeStructureHelper.java,org.apache.commons.configuration2.tree.NodeStructureHelper,"findNode/3[org.apache.commons.configuration2.tree.ImmutableNode,java.lang.String[],int]",PAT_KEY_WITH_INDEX,1
/home/sandro/workspace/sandro/MLCQCodeSmellSamples/scripts/../dataset/commons-configuration_34357e075d63c3634310878636f9498847badcab/src/test/java/org/apache/commons/configuration2/tree/NodeStructureHelper.java,org.apache.commons.configuration2.tree.NodeStructureHelper,"nodeForKey/2[org.apache.commons.configuration2.tree.ImmutableNode,java.lang.String]",PATH_SEPARATOR,1
/home/sandro/workspace/sandro/MLCQCodeSmellSamples/scripts/../dataset/commons-configuration_34357e075d63c3634310878636f9498847badcab/src/test/java/org/apache/commons/configuration2/tree/NodeStructureHelper.java,org.apache.commons.configuration2.tree.NodeStructureHelper,"field/2[int,int]",FIELDS,1
/home/sandro/workspace/sandro/MLCQCodeSmellSamples/scripts/../dataset/commons-configuration_34357e075d63c3634310878636f9498847badcab/src/test/java/org/apache/commons/configuration2/tree/NodeStructureHelper.java,org.apache.commons.configuration2.tree.NodeStructureHelper,nodePath/1[java.lang.String[]],PATH_SEPARATOR,1
/home/sandro/workspace/sandro/MLCQCodeSmellSamples/scripts/../dataset/commons-configuration_34357e075d63c3634310878636f9498847badcab/src/test/java/org/apache/commons/configuration2/tree/NodeStructureHelper.java,org.apache.commons.configuration2.tree.NodeStructureHelper,"persona/3[int,int,int]",PERSONAE,1
/home/sandro/workspace/sandro/MLCQCodeSmellSamples/scripts/../dataset/commons-configuration_34357e075d63c3634310878636f9498847badcab/src/test/java/org/apache/commons/configuration2/tree/NodeStructureHelper.java,org.apache.commons.configuration2.tree.NodeStructureHelper,createPersonaeTree/0,ATTR_TESTED,1
/home/sandro/workspace/sandro/MLCQCodeSmellSamples/scripts/../dataset/commons-configuration_34357e075d63c3634310878636f9498847badcab/src/test/java/org/apache/commons/configuration2/tree/NodeStructureHelper.java,org.apache.commons.configuration2.tree.NodeStructureHelper,createPersonaeTree/0,ATTR_AUTHOR,1
/home/sandro/workspace/sandro/MLCQCodeSmellSamples/scripts/../dataset/commons-configuration_34357e075d63c3634310878636f9498847badcab/src/test/java/org/apache/commons/configuration2/tree/NodeStructureHelper.java,org.apache.commons.configuration2.tree.NodeStructureHelper,createPersonaeTree/0,PERSONAE,1
/home/sandro/workspace/sandro/MLCQCodeSmellSamples/scripts/../dataset/commons-configuration_34357e075d63c3634310878636f9498847badcab/src/test/java/org/apache/commons/configuration2/tree/NodeStructureHelper.java,org.apache.commons.configuration2.tree.NodeStructureHelper,createPersonaeTree/0,AUTHORS,1
/home/sandro/workspace/sandro/MLCQCodeSmellSamples/scripts/../dataset/commons-configuration_34357e075d63c3634310878636f9498847badcab/src/test/java/org/apache/commons/configuration2/tree/NodeStructureHelper.java,org.apache.commons.configuration2.tree.NodeStructureHelper,createPersonaeTree/0,WORKS,2
/home/sandro/workspace/sandro/MLCQCodeSmellSamples/scripts/../dataset/commons-configuration_34357e075d63c3634310878636f9498847badcab/src/test/java/org/apache/commons/configuration2/tree/NodeStructureHelper.java,org.apache.commons.configuration2.tree.NodeStructureHelper,createPersonaeTree/0,ELEM_ORG_VALUE,1
/home/sandro/workspace/sandro/MLCQCodeSmellSamples/scripts/../dataset/commons-configuration_34357e075d63c3634310878636f9498847badcab/src/test/java/org/apache/commons/configuration2/tree/NodeStructureHelper.java,org.apache.commons.configuration2.tree.NodeStructureHelper,table/1[int],TABLES,1
/home/sandro/workspace/sandro/MLCQCodeSmellSamples/scripts/../dataset/commons-configuration_34357e075d63c3634310878636f9498847badcab/src/test/java/org/apache/commons/configuration2/tree/NodeStructureHelper.java,org.apache.commons.configuration2.tree.NodeStructureHelper,"nodePathWithEndNode/2[java.lang.String,java.lang.String[]]",PATH_SEPARATOR,1
/home/sandro/workspace/sandro/MLCQCodeSmellSamples/scripts/../dataset/commons-configuration_34357e075d63c3634310878636f9498847badcab/src/test/java/org/apache/commons/configuration2/tree/NodeStructureHelper.java,org.apache.commons.configuration2.tree.NodeStructureHelper,author/1[int],AUTHORS,1
/home/sandro/workspace/sandro/MLCQCodeSmellSamples/scripts/../dataset/commons-configuration_34357e075d63c3634310878636f9498847badcab/src/test/java/org/apache/commons/configuration2/tree/NodeStructureHelper.java,org.apache.commons.configuration2.tree.NodeStructureHelper,getClonedFields/0,FIELDS,1
/home/sandro/workspace/sandro/MLCQCodeSmellSamples/scripts/../dataset/commons-configuration_34357e075d63c3634310878636f9498847badcab/src/test/java/org/apache/commons/configuration2/tree/NodeStructureHelper.java,org.apache.commons.configuration2.tree.NodeStructureHelper,"appendPath/2[java.lang.String,java.lang.String]",PATH_SEPARATOR,1
/home/sandro/workspace/sandro/MLCQCodeSmellSamples/scripts/../dataset/commons-configuration_34357e075d63c3634310878636f9498847badcab/src/test/java/org/apache/commons/configuration2/tree/NodeStructureHelper.java,org.apache.commons.configuration2.tree.NodeStructureHelper,createAuthorsTree/0,PERSONAE,1
/home/sandro/workspace/sandro/MLCQCodeSmellSamples/scripts/../dataset/commons-configuration_34357e075d63c3634310878636f9498847badcab/src/test/java/org/apache/commons/configuration2/tree/NodeStructureHelper.java,org.apache.commons.configuration2.tree.NodeStructureHelper,createAuthorsTree/0,AUTHORS,1
/home/sandro/workspace/sandro/MLCQCodeSmellSamples/scripts/../dataset/commons-configuration_34357e075d63c3634310878636f9498847badcab/src/test/java/org/apache/commons/configuration2/tree/NodeStructureHelper.java,org.apache.commons.configuration2.tree.NodeStructureHelper,createAuthorsTree/0,WORKS,2
/home/sandro/workspace/sandro/MLCQCodeSmellSamples/scripts/../dataset/commons-configuration_34357e075d63c3634310878636f9498847badcab/src/test/java/org/apache/commons/configuration2/tree/NodeStructureHelper.java,org.apache.commons.configuration2.tree.NodeStructureHelper,fieldsLength/1[int],FIELDS,1
/home/sandro/workspace/sandro/MLCQCodeSmellSamples/scripts/../dataset/commons-configuration_34357e075d63c3634310878636f9498847badcab/src/test/java/org/apache/commons/configuration2/tree/NodeStructureHelper.java,org.apache.commons.configuration2.tree.NodeStructureHelper,"personaeLength/2[int,int]",PERSONAE,1
/home/sandro/workspace/sandro/MLCQCodeSmellSamples/scripts/../dataset/commons-configuration_34357e075d63c3634310878636f9498847badcab/src/test/java/org/apache/commons/configuration2/tree/NodeStructureHelper.java,org.apache.commons.configuration2.tree.NodeStructureHelper,getClonedTables/0,TABLES,1
/home/sandro/workspace/sandro/MLCQCodeSmellSamples/scripts/../dataset/commons-configuration_34357e075d63c3634310878636f9498847badcab/src/test/java/org/apache/commons/configuration2/tree/NodeStructureHelper.java,org.apache.commons.configuration2.tree.NodeStructureHelper,worksLength/1[int],WORKS,1
/home/sandro/workspace/sandro/MLCQCodeSmellSamples/scripts/../dataset/commons-configuration_34357e075d63c3634310878636f9498847badcab/src/test/java/org/apache/commons/configuration2/tree/TestInMemoryNodeModelReferences.java,org.apache.commons.configuration2.tree.TestInMemoryNodeModelReferences,testQueryReferences/0,model,1
/home/sandro/workspace/sandro/MLCQCodeSmellSamples/scripts/../dataset/commons-configuration_34357e075d63c3634310878636f9498847badcab/src/test/java/org/apache/commons/configuration2/tree/TestInMemoryNodeModelReferences.java,org.apache.commons.configuration2.tree.TestInMemoryNodeModelReferences,testQueryReferenceUnknown/0,model,1
/home/sandro/workspace/sandro/MLCQCodeSmellSamples/scripts/../dataset/commons-configuration_34357e075d63c3634310878636f9498847badcab/src/test/java/org/apache/commons/configuration2/tree/TestInMemoryNodeModelReferences.java,org.apache.commons.configuration2.tree.TestInMemoryNodeModelReferences,testQueryRemovedReferencesEmpty/0,model,1
/home/sandro/workspace/sandro/MLCQCodeSmellSamples/scripts/../dataset/commons-configuration_34357e075d63c3634310878636f9498847badcab/src/test/java/org/apache/commons/configuration2/tree/TestInMemoryNodeModelReferences.java,org.apache.commons.configuration2.tree.TestInMemoryNodeModelReferences,testMergeRootWithAttributes/0,resolver,1
/home/sandro/workspace/sandro/MLCQCodeSmellSamples/scripts/../dataset/commons-configuration_34357e075d63c3634310878636f9498847badcab/src/test/java/org/apache/commons/configuration2/tree/TestInMemoryNodeModelReferences.java,org.apache.commons.configuration2.tree.TestInMemoryNodeModelReferences,testMergeRootWithAttributes/0,model,2
/home/sandro/workspace/sandro/MLCQCodeSmellSamples/scripts/../dataset/commons-configuration_34357e075d63c3634310878636f9498847badcab/src/test/java/org/apache/commons/configuration2/tree/TestInMemoryNodeModelReferences.java,org.apache.commons.configuration2.tree.TestInMemoryNodeModelReferences,testQueryRemovedReferencesAfterRemove/0,resolver,1
/home/sandro/workspace/sandro/MLCQCodeSmellSamples/scripts/../dataset/commons-configuration_34357e075d63c3634310878636f9498847badcab/src/test/java/org/apache/commons/configuration2/tree/TestInMemoryNodeModelReferences.java,org.apache.commons.configuration2.tree.TestInMemoryNodeModelReferences,testQueryRemovedReferencesAfterRemove/0,model,2
/home/sandro/workspace/sandro/MLCQCodeSmellSamples/scripts/../dataset/commons-configuration_34357e075d63c3634310878636f9498847badcab/src/test/java/org/apache/commons/configuration2/tree/TestInMemoryNodeModelReferences.java,org.apache.commons.configuration2.tree.TestInMemoryNodeModelReferences,setUp/0,resolver,5
/home/sandro/workspace/sandro/MLCQCodeSmellSamples/scripts/../dataset/commons-configuration_34357e075d63c3634310878636f9498847badcab/src/test/java/org/apache/commons/configuration2/tree/TestInMemoryNodeModelReferences.java,org.apache.commons.configuration2.tree.TestInMemoryNodeModelReferences,setUp/0,model,2
/home/sandro/workspace/sandro/MLCQCodeSmellSamples/scripts/../dataset/commons-configuration_34357e075d63c3634310878636f9498847badcab/src/test/java/org/apache/commons/configuration2/tree/TestInMemoryNodeModelReferences.java,org.apache.commons.configuration2.tree.TestInMemoryNodeModelReferences,testRemovedReferencesModify/0,resolver,1
/home/sandro/workspace/sandro/MLCQCodeSmellSamples/scripts/../dataset/commons-configuration_34357e075d63c3634310878636f9498847badcab/src/test/java/org/apache/commons/configuration2/tree/TestInMemoryNodeModelReferences.java,org.apache.commons.configuration2.tree.TestInMemoryNodeModelReferences,testRemovedReferencesModify/0,model,2
/home/sandro/workspace/sandro/MLCQCodeSmellSamples/scripts/../dataset/commons-configuration_34357e075d63c3634310878636f9498847badcab/src/test/java/org/apache/commons/configuration2/tree/TestInMemoryNodeModelReferences.java,org.apache.commons.configuration2.tree.TestInMemoryNodeModelReferences,testMergeRootWithValue/0,resolver,1
/home/sandro/workspace/sandro/MLCQCodeSmellSamples/scripts/../dataset/commons-configuration_34357e075d63c3634310878636f9498847badcab/src/test/java/org/apache/commons/configuration2/tree/TestInMemoryNodeModelReferences.java,org.apache.commons.configuration2.tree.TestInMemoryNodeModelReferences,testMergeRootWithValue/0,model,2
/home/sandro/workspace/sandro/MLCQCodeSmellSamples/scripts/../dataset/commons-configuration_34357e075d63c3634310878636f9498847badcab/src/test/java/org/apache/commons/configuration2/tree/TestInMemoryNodeModelReferences.java,org.apache.commons.configuration2.tree.TestInMemoryNodeModelReferences,testQueryReferencesAfterUpdate/0,resolver,1
/home/sandro/workspace/sandro/MLCQCodeSmellSamples/scripts/../dataset/commons-configuration_34357e075d63c3634310878636f9498847badcab/src/test/java/org/apache/commons/configuration2/tree/TestInMemoryNodeModelReferences.java,org.apache.commons.configuration2.tree.TestInMemoryNodeModelReferences,testQueryReferencesAfterUpdate/0,model,4
/home/sandro/workspace/sandro/MLCQCodeSmellSamples/scripts/../dataset/commons-configuration_34357e075d63c3634310878636f9498847badcab/src/test/java/org/apache/commons/configuration2/tree/TestInMemoryNodeModelReferences.java,org.apache.commons.configuration2.tree.TestInMemoryNodeModelReferences,testReplaceRootNull/0,resolver,1
/home/sandro/workspace/sandro/MLCQCodeSmellSamples/scripts/../dataset/commons-configuration_34357e075d63c3634310878636f9498847badcab/src/test/java/org/apache/commons/configuration2/tree/TestInMemoryNodeModelReferences.java,org.apache.commons.configuration2.tree.TestInMemoryNodeModelReferences,testReplaceRootNull/0,model,1
/home/sandro/workspace/sandro/MLCQCodeSmellSamples/scripts/../dataset/commons-configuration_34357e075d63c3634310878636f9498847badcab/src/test/java/org/apache/commons/configuration2/tree/TestInMemoryNodeModelReferences.java,org.apache.commons.configuration2.tree.TestInMemoryNodeModelReferences,testMergeRootReference/0,resolver,1
/home/sandro/workspace/sandro/MLCQCodeSmellSamples/scripts/../dataset/commons-configuration_34357e075d63c3634310878636f9498847badcab/src/test/java/org/apache/commons/configuration2/tree/TestInMemoryNodeModelReferences.java,org.apache.commons.configuration2.tree.TestInMemoryNodeModelReferences,testMergeRootReference/0,model,3
/home/sandro/workspace/sandro/MLCQCodeSmellSamples/scripts/../dataset/commons-configuration_34357e075d63c3634310878636f9498847badcab/src/test/java/org/apache/commons/configuration2/tree/TestInMemoryNodeModelReferences.java,org.apache.commons.configuration2.tree.TestInMemoryNodeModelReferences,testReplaceRoot/0,resolver,3
/home/sandro/workspace/sandro/MLCQCodeSmellSamples/scripts/../dataset/commons-configuration_34357e075d63c3634310878636f9498847badcab/src/test/java/org/apache/commons/configuration2/tree/TestInMemoryNodeModelReferences.java,org.apache.commons.configuration2.tree.TestInMemoryNodeModelReferences,testReplaceRoot/0,model,7
/home/sandro/workspace/sandro/MLCQCodeSmellSamples/scripts/../dataset/commons-configuration_34357e075d63c3634310878636f9498847badcab/src/test/java/org/apache/commons/configuration2/tree/TestInMemoryNodeModelReferences.java,org.apache.commons.configuration2.tree.TestInMemoryNodeModelReferences,collectNodes/1[org.apache.commons.configuration2.tree.ImmutableNode],model,1
/home/sandro/workspace/sandro/MLCQCodeSmellSamples/scripts/../dataset/commons-configuration_34357e075d63c3634310878636f9498847badcab/src/test/java/org/apache/commons/configuration2/tree/TestInMemoryNodeModelReferences.java,org.apache.commons.configuration2.tree.TestInMemoryNodeModelReferences,testMergeRootOverrideName/0,resolver,1
/home/sandro/workspace/sandro/MLCQCodeSmellSamples/scripts/../dataset/commons-configuration_34357e075d63c3634310878636f9498847badcab/src/test/java/org/apache/commons/configuration2/tree/TestInMemoryNodeModelReferences.java,org.apache.commons.configuration2.tree.TestInMemoryNodeModelReferences,testMergeRootOverrideName/0,model,2
/home/sandro/workspace/sandro/MLCQCodeSmellSamples/scripts/../dataset/commons-configuration_34357e075d63c3634310878636f9498847badcab/src/main/java/org/apache/commons/configuration2/event/EventListenerRegistrationData.java,org.apache.commons.configuration2.event.EventListenerRegistrationData,"EventListenerRegistrationData/2[org.apache.commons.configuration2.event.EventType<T>,org.apache.commons.configuration2.event.EventListener<? super T>]",listener,1
/home/sandro/workspace/sandro/MLCQCodeSmellSamples/scripts/../dataset/commons-configuration_34357e075d63c3634310878636f9498847badcab/src/main/java/org/apache/commons/configuration2/event/EventListenerRegistrationData.java,org.apache.commons.configuration2.event.EventListenerRegistrationData,"EventListenerRegistrationData/2[org.apache.commons.configuration2.event.EventType<T>,org.apache.commons.configuration2.event.EventListener<? super T>]",eventType,1
/home/sandro/workspace/sandro/MLCQCodeSmellSamples/scripts/../dataset/commons-configuration_34357e075d63c3634310878636f9498847badcab/src/main/java/org/apache/commons/configuration2/event/EventListenerRegistrationData.java,org.apache.commons.configuration2.event.EventListenerRegistrationData,getEventType/0,eventType,1
/home/sandro/workspace/sandro/MLCQCodeSmellSamples/scripts/../dataset/commons-configuration_34357e075d63c3634310878636f9498847badcab/src/main/java/org/apache/commons/configuration2/event/EventListenerRegistrationData.java,org.apache.commons.configuration2.event.EventListenerRegistrationData,getListener/0,listener,1
/home/sandro/workspace/sandro/MLCQCodeSmellSamples/scripts/../dataset/commons-configuration_34357e075d63c3634310878636f9498847badcab/src/main/java/org/apache/commons/configuration2/event/EventListenerRegistrationData.java,org.apache.commons.configuration2.event.EventListenerRegistrationData,hashCode/0,HASH_FACTOR,1
/home/sandro/workspace/sandro/MLCQCodeSmellSamples/scripts/../dataset/commons-configuration_34357e075d63c3634310878636f9498847badcab/src/main/java/org/apache/commons/configuration2/event/EventListenerRegistrationData.java,org.apache.commons.configuration2.event.EventListenerRegistrationData,hashCode/0,listener,1
/home/sandro/workspace/sandro/MLCQCodeSmellSamples/scripts/../dataset/commons-configuration_34357e075d63c3634310878636f9498847badcab/src/main/java/org/apache/commons/configuration2/event/EventListenerRegistrationData.java,org.apache.commons.configuration2.event.EventListenerRegistrationData,hashCode/0,eventType,1
/home/sandro/workspace/sandro/MLCQCodeSmellSamples/scripts/../dataset/commons-configuration_34357e075d63c3634310878636f9498847badcab/src/main/java/org/apache/commons/configuration2/tree/xpath/ConfigurationNodePointer.java,org.apache.commons.configuration2.tree.xpath.ConfigurationNodePointer,"ConfigurationNodePointer/3[org.apache.commons.configuration2.tree.xpath.ConfigurationNodePointer<T>,T,org.apache.commons.configuration2.tree.NodeHandler<T>]",node,4
/home/sandro/workspace/sandro/MLCQCodeSmellSamples/scripts/../dataset/commons-configuration_34357e075d63c3634310878636f9498847badcab/src/main/java/org/apache/commons/configuration2/tree/xpath/ConfigurationNodePointer.java,org.apache.commons.configuration2.tree.xpath.ConfigurationNodePointer,"ConfigurationNodePointer/3[org.apache.commons.configuration2.tree.xpath.ConfigurationNodePointer<T>,T,org.apache.commons.configuration2.tree.NodeHandler<T>]",handler,4
/home/sandro/workspace/sandro/MLCQCodeSmellSamples/scripts/../dataset/commons-configuration_34357e075d63c3634310878636f9498847badcab/src/main/java/org/apache/commons/configuration2/tree/xpath/ConfigurationNodePointer.java,org.apache.commons.configuration2.tree.xpath.ConfigurationNodePointer,getName/0,node,1
/home/sandro/workspace/sandro/MLCQCodeSmellSamples/scripts/../dataset/commons-configuration_34357e075d63c3634310878636f9498847badcab/src/main/java/org/apache/commons/configuration2/tree/xpath/ConfigurationNodePointer.java,org.apache.commons.configuration2.tree.xpath.ConfigurationNodePointer,isLeaf/0,node,1
/home/sandro/workspace/sandro/MLCQCodeSmellSamples/scripts/../dataset/commons-configuration_34357e075d63c3634310878636f9498847badcab/src/main/java/org/apache/commons/configuration2/tree/xpath/ConfigurationNodePointer.java,org.apache.commons.configuration2.tree.xpath.ConfigurationNodePointer,getBaseValue/0,node,1
/home/sandro/workspace/sandro/MLCQCodeSmellSamples/scripts/../dataset/commons-configuration_34357e075d63c3634310878636f9498847badcab/src/main/java/org/apache/commons/configuration2/tree/xpath/ConfigurationNodePointer.java,org.apache.commons.configuration2.tree.xpath.ConfigurationNodePointer,"compareChildNodePointers/2[org.apache.commons.configuration2.tree.xpath.NodePointer,org.apache.commons.configuration2.tree.xpath.NodePointer]",node,1
/home/sandro/workspace/sandro/MLCQCodeSmellSamples/scripts/../dataset/commons-configuration_34357e075d63c3634310878636f9498847badcab/src/main/java/org/apache/commons/configuration2/tree/xpath/ConfigurationNodePointer.java,org.apache.commons.configuration2.tree.xpath.ConfigurationNodePointer,getImmediateNode/0,node,1
/home/sandro/workspace/sandro/MLCQCodeSmellSamples/scripts/../dataset/commons-configuration_34357e075d63c3634310878636f9498847badcab/src/main/java/org/apache/commons/configuration2/tree/xpath/ConfigurationNodePointer.java,org.apache.commons.configuration2.tree.xpath.ConfigurationNodePointer,getNodeHandler/0,handler,1
/home/sandro/workspace/sandro/MLCQCodeSmellSamples/scripts/../dataset/commons-configuration_34357e075d63c3634310878636f9498847badcab/src/main/java/org/apache/commons/configuration2/tree/xpath/ConfigurationNodePointer.java,org.apache.commons.configuration2.tree.xpath.ConfigurationNodePointer,"ConfigurationNodePointer/3[T,java.util.Locale,org.apache.commons.configuration2.tree.NodeHandler<T>]",node,4
/home/sandro/workspace/sandro/MLCQCodeSmellSamples/scripts/../dataset/commons-configuration_34357e075d63c3634310878636f9498847badcab/src/main/java/org/apache/commons/configuration2/tree/xpath/ConfigurationNodePointer.java,org.apache.commons.configuration2.tree.xpath.ConfigurationNodePointer,"ConfigurationNodePointer/3[T,java.util.Locale,org.apache.commons.configuration2.tree.NodeHandler<T>]",handler,4
/home/sandro/workspace/sandro/MLCQCodeSmellSamples/scripts/../dataset/commons-configuration_34357e075d63c3634310878636f9498847badcab/src/main/java/org/apache/commons/configuration2/tree/xpath/ConfigurationNodePointer.java,org.apache.commons.configuration2.tree.xpath.ConfigurationNodePointer,getConfigurationNode/0,node,1
/home/sandro/workspace/sandro/MLCQCodeSmellSamples/scripts/../dataset/commons-configuration_34357e075d63c3634310878636f9498847badcab/src/main/java/org/apache/commons/configuration2/tree/xpath/ConfigurationNodePointer.java,org.apache.commons.configuration2.tree.xpath.ConfigurationNodePointer,getValue/0,node,1
/home/sandro/workspace/sandro/MLCQCodeSmellSamples/scripts/../dataset/commons-configuration_34357e075d63c3634310878636f9498847badcab/src/main/java/org/apache/commons/configuration2/XMLListReference.java,org.apache.commons.configuration2.XMLListReference,XMLListReference/1[org.w3c.dom.Element],element,1
/home/sandro/workspace/sandro/MLCQCodeSmellSamples/scripts/../dataset/commons-configuration_34357e075d63c3634310878636f9498847badcab/src/main/java/org/apache/commons/configuration2/XMLListReference.java,org.apache.commons.configuration2.XMLListReference,getElement/0,element,1
/home/sandro/workspace/sandro/MLCQCodeSmellSamples/scripts/../dataset/commons-configuration_34357e075d63c3634310878636f9498847badcab/src/main/java/org/apache/commons/configuration2/web/AppletConfiguration.java,org.apache.commons.configuration2.web.AppletConfiguration,getPropertyInternal/1[java.lang.String],applet,1
/home/sandro/workspace/sandro/MLCQCodeSmellSamples/scripts/../dataset/commons-configuration_34357e075d63c3634310878636f9498847badcab/src/main/java/org/apache/commons/configuration2/web/AppletConfiguration.java,org.apache.commons.configuration2.web.AppletConfiguration,AppletConfiguration/1[java.applet.Applet],applet,4
/home/sandro/workspace/sandro/MLCQCodeSmellSamples/scripts/../dataset/commons-configuration_34357e075d63c3634310878636f9498847badcab/src/main/java/org/apache/commons/configuration2/web/AppletConfiguration.java,org.apache.commons.configuration2.web.AppletConfiguration,getKeysInternal/0,applet,1
/home/sandro/workspace/sandro/MLCQCodeSmellSamples/scripts/../dataset/commons-configuration_34357e075d63c3634310878636f9498847badcab/src/test/java/org/apache/commons/configuration2/io/TestBasePathLocationStrategy.java,org.apache.commons.configuration2.io.TestBasePathLocationStrategy,testNullFileName/0,fileSystem,1
/home/sandro/workspace/sandro/MLCQCodeSmellSamples/scripts/../dataset/commons-configuration_34357e075d63c3634310878636f9498847badcab/src/test/java/org/apache/commons/configuration2/io/TestBasePathLocationStrategy.java,org.apache.commons.configuration2.io.TestBasePathLocationStrategy,testNullFileName/0,TEST_FILE,1
/home/sandro/workspace/sandro/MLCQCodeSmellSamples/scripts/../dataset/commons-configuration_34357e075d63c3634310878636f9498847badcab/src/test/java/org/apache/commons/configuration2/io/TestBasePathLocationStrategy.java,org.apache.commons.configuration2.io.TestBasePathLocationStrategy,testNullFileName/0,strategy,1
/home/sandro/workspace/sandro/MLCQCodeSmellSamples/scripts/../dataset/commons-configuration_34357e075d63c3634310878636f9498847badcab/src/test/java/org/apache/commons/configuration2/io/TestBasePathLocationStrategy.java,org.apache.commons.configuration2.io.TestBasePathLocationStrategy,testNullBasePath/0,fileSystem,1
/home/sandro/workspace/sandro/MLCQCodeSmellSamples/scripts/../dataset/commons-configuration_34357e075d63c3634310878636f9498847badcab/src/test/java/org/apache/commons/configuration2/io/TestBasePathLocationStrategy.java,org.apache.commons.configuration2.io.TestBasePathLocationStrategy,testNullBasePath/0,TEST_FILE,1
/home/sandro/workspace/sandro/MLCQCodeSmellSamples/scripts/../dataset/commons-configuration_34357e075d63c3634310878636f9498847badcab/src/test/java/org/apache/commons/configuration2/io/TestBasePathLocationStrategy.java,org.apache.commons.configuration2.io.TestBasePathLocationStrategy,testNullBasePath/0,strategy,1
/home/sandro/workspace/sandro/MLCQCodeSmellSamples/scripts/../dataset/commons-configuration_34357e075d63c3634310878636f9498847badcab/src/test/java/org/apache/commons/configuration2/io/TestBasePathLocationStrategy.java,org.apache.commons.configuration2.io.TestBasePathLocationStrategy,setUp/0,fileSystem,2
/home/sandro/workspace/sandro/MLCQCodeSmellSamples/scripts/../dataset/commons-configuration_34357e075d63c3634310878636f9498847badcab/src/test/java/org/apache/commons/configuration2/io/TestBasePathLocationStrategy.java,org.apache.commons.configuration2.io.TestBasePathLocationStrategy,setUp/0,strategy,1
/home/sandro/workspace/sandro/MLCQCodeSmellSamples/scripts/../dataset/commons-configuration_34357e075d63c3634310878636f9498847badcab/src/test/java/org/apache/commons/configuration2/io/TestBasePathLocationStrategy.java,org.apache.commons.configuration2.io.TestBasePathLocationStrategy,testLocateSuccess/0,fileSystem,1
/home/sandro/workspace/sandro/MLCQCodeSmellSamples/scripts/../dataset/commons-configuration_34357e075d63c3634310878636f9498847badcab/src/test/java/org/apache/commons/configuration2/io/TestBasePathLocationStrategy.java,org.apache.commons.configuration2.io.TestBasePathLocationStrategy,testLocateSuccess/0,TEST_FILE,1
/home/sandro/workspace/sandro/MLCQCodeSmellSamples/scripts/../dataset/commons-configuration_34357e075d63c3634310878636f9498847badcab/src/test/java/org/apache/commons/configuration2/io/TestBasePathLocationStrategy.java,org.apache.commons.configuration2.io.TestBasePathLocationStrategy,testLocateSuccess/0,strategy,1
/home/sandro/workspace/sandro/MLCQCodeSmellSamples/scripts/../dataset/commons-configuration_34357e075d63c3634310878636f9498847badcab/src/test/java/org/apache/commons/configuration2/io/TestBasePathLocationStrategy.java,org.apache.commons.configuration2.io.TestBasePathLocationStrategy,checkURL/1[java.net.URL],TEST_FILE,1
/home/sandro/workspace/sandro/MLCQCodeSmellSamples/scripts/../dataset/commons-configuration_34357e075d63c3634310878636f9498847badcab/src/test/java/org/apache/commons/configuration2/io/TestBasePathLocationStrategy.java,org.apache.commons.configuration2.io.TestBasePathLocationStrategy,testLocateSuccessRelativePrefix/0,fileSystem,1
/home/sandro/workspace/sandro/MLCQCodeSmellSamples/scripts/../dataset/commons-configuration_34357e075d63c3634310878636f9498847badcab/src/test/java/org/apache/commons/configuration2/io/TestBasePathLocationStrategy.java,org.apache.commons.configuration2.io.TestBasePathLocationStrategy,testLocateSuccessRelativePrefix/0,TEST_FILE,1
/home/sandro/workspace/sandro/MLCQCodeSmellSamples/scripts/../dataset/commons-configuration_34357e075d63c3634310878636f9498847badcab/src/test/java/org/apache/commons/configuration2/io/TestBasePathLocationStrategy.java,org.apache.commons.configuration2.io.TestBasePathLocationStrategy,testLocateSuccessRelativePrefix/0,strategy,1
/home/sandro/workspace/sandro/MLCQCodeSmellSamples/scripts/../dataset/commons-configuration_34357e075d63c3634310878636f9498847badcab/src/main/java/org/apache/commons/configuration2/builder/DatabaseBuilderParametersImpl.java,org.apache.commons.configuration2.builder.DatabaseBuilderParametersImpl,setConfigurationName/1[java.lang.String],PROP_CONFIG_NAME,1
/home/sandro/workspace/sandro/MLCQCodeSmellSamples/scripts/../dataset/commons-configuration_34357e075d63c3634310878636f9498847badcab/src/main/java/org/apache/commons/configuration2/builder/DatabaseBuilderParametersImpl.java,org.apache.commons.configuration2.builder.DatabaseBuilderParametersImpl,setKeyColumn/1[java.lang.String],PROP_KEY_COLUMN,1
/home/sandro/workspace/sandro/MLCQCodeSmellSamples/scripts/../dataset/commons-configuration_34357e075d63c3634310878636f9498847badcab/src/main/java/org/apache/commons/configuration2/builder/DatabaseBuilderParametersImpl.java,org.apache.commons.configuration2.builder.DatabaseBuilderParametersImpl,setDataSource/1[javax.sql.DataSource],PROP_DATA_SOURCE,1
/home/sandro/workspace/sandro/MLCQCodeSmellSamples/scripts/../dataset/commons-configuration_34357e075d63c3634310878636f9498847badcab/src/main/java/org/apache/commons/configuration2/builder/DatabaseBuilderParametersImpl.java,org.apache.commons.configuration2.builder.DatabaseBuilderParametersImpl,setConfigurationNameColumn/1[java.lang.String],PROP_CONFIG_NAME_COLUMN,1
/home/sandro/workspace/sandro/MLCQCodeSmellSamples/scripts/../dataset/commons-configuration_34357e075d63c3634310878636f9498847badcab/src/main/java/org/apache/commons/configuration2/builder/DatabaseBuilderParametersImpl.java,org.apache.commons.configuration2.builder.DatabaseBuilderParametersImpl,setAutoCommit/1[boolean],PROP_AUTO_COMMIT,1
/home/sandro/workspace/sandro/MLCQCodeSmellSamples/scripts/../dataset/commons-configuration_34357e075d63c3634310878636f9498847badcab/src/main/java/org/apache/commons/configuration2/builder/DatabaseBuilderParametersImpl.java,org.apache.commons.configuration2.builder.DatabaseBuilderParametersImpl,setTable/1[java.lang.String],PROP_TABLE,1
/home/sandro/workspace/sandro/MLCQCodeSmellSamples/scripts/../dataset/commons-configuration_34357e075d63c3634310878636f9498847badcab/src/main/java/org/apache/commons/configuration2/builder/DatabaseBuilderParametersImpl.java,org.apache.commons.configuration2.builder.DatabaseBuilderParametersImpl,setValueColumn/1[java.lang.String],PROP_VALUE_COLUMN,1
/home/sandro/workspace/sandro/MLCQCodeSmellSamples/scripts/../dataset/commons-configuration_34357e075d63c3634310878636f9498847badcab/src/test/java/org/apache/commons/configuration2/sync/TestReadWriteSynchronizer.java,org.apache.commons.configuration2.sync.TestReadWriteSynchronizer$Account,getAmount/0,amount,1
/home/sandro/workspace/sandro/MLCQCodeSmellSamples/scripts/../dataset/commons-configuration_34357e075d63c3634310878636f9498847badcab/src/test/java/org/apache/commons/configuration2/sync/TestReadWriteSynchronizer.java,org.apache.commons.configuration2.sync.TestReadWriteSynchronizer$Account,change/1[long],amount,1
/home/sandro/workspace/sandro/MLCQCodeSmellSamples/scripts/../dataset/commons-configuration_34357e075d63c3634310878636f9498847badcab/src/test/java/org/apache/commons/configuration2/TestJNDIEnvironmentValues.java,org.apache.commons.configuration2.TestJNDIEnvironmentValues,testGetKeysWithExistingPrefix/0,conf,1
/home/sandro/workspace/sandro/MLCQCodeSmellSamples/scripts/../dataset/commons-configuration_34357e075d63c3634310878636f9498847badcab/src/test/java/org/apache/commons/configuration2/TestJNDIEnvironmentValues.java,org.apache.commons.configuration2.TestJNDIEnvironmentValues,testGetMissingKey/0,conf,1
/home/sandro/workspace/sandro/MLCQCodeSmellSamples/scripts/../dataset/commons-configuration_34357e075d63c3634310878636f9498847badcab/src/test/java/org/apache/commons/configuration2/TestJNDIEnvironmentValues.java,org.apache.commons.configuration2.TestJNDIEnvironmentValues,testSimpleGet/0,conf,1
/home/sandro/workspace/sandro/MLCQCodeSmellSamples/scripts/../dataset/commons-configuration_34357e075d63c3634310878636f9498847badcab/src/test/java/org/apache/commons/configuration2/TestJNDIEnvironmentValues.java,org.apache.commons.configuration2.TestJNDIEnvironmentValues,testClearProperty/0,conf,3
/home/sandro/workspace/sandro/MLCQCodeSmellSamples/scripts/../dataset/commons-configuration_34357e075d63c3634310878636f9498847badcab/src/test/java/org/apache/commons/configuration2/TestJNDIEnvironmentValues.java,org.apache.commons.configuration2.TestJNDIEnvironmentValues,testGetMissingKeyWithDefault/0,conf,1
/home/sandro/workspace/sandro/MLCQCodeSmellSamples/scripts/../dataset/commons-configuration_34357e075d63c3634310878636f9498847badcab/src/test/java/org/apache/commons/configuration2/TestJNDIEnvironmentValues.java,org.apache.commons.configuration2.TestJNDIEnvironmentValues,testIsEmpty/0,conf,1
/home/sandro/workspace/sandro/MLCQCodeSmellSamples/scripts/../dataset/commons-configuration_34357e075d63c3634310878636f9498847badcab/src/test/java/org/apache/commons/configuration2/TestJNDIEnvironmentValues.java,org.apache.commons.configuration2.TestJNDIEnvironmentValues,testGetKeysWithUnknownPrefix/0,conf,1
/home/sandro/workspace/sandro/MLCQCodeSmellSamples/scripts/../dataset/commons-configuration_34357e075d63c3634310878636f9498847badcab/src/test/java/org/apache/commons/configuration2/TestJNDIEnvironmentValues.java,org.apache.commons.configuration2.TestJNDIEnvironmentValues,testThrowExceptionOnMissing/0,conf,1
/home/sandro/workspace/sandro/MLCQCodeSmellSamples/scripts/../dataset/commons-configuration_34357e075d63c3634310878636f9498847badcab/src/test/java/org/apache/commons/configuration2/TestJNDIEnvironmentValues.java,org.apache.commons.configuration2.TestJNDIEnvironmentValues,setUp/0,conf,2
/home/sandro/workspace/sandro/MLCQCodeSmellSamples/scripts/../dataset/commons-configuration_34357e075d63c3634310878636f9498847badcab/src/test/java/org/apache/commons/configuration2/TestJNDIEnvironmentValues.java,org.apache.commons.configuration2.TestJNDIEnvironmentValues,testGetKeysWithKeyAsPrefix/0,conf,1
/home/sandro/workspace/sandro/MLCQCodeSmellSamples/scripts/../dataset/commons-configuration_34357e075d63c3634310878636f9498847badcab/src/test/java/org/apache/commons/configuration2/TestJNDIEnvironmentValues.java,org.apache.commons.configuration2.TestJNDIEnvironmentValues,testMoreGets/0,conf,3
/home/sandro/workspace/sandro/MLCQCodeSmellSamples/scripts/../dataset/commons-configuration_34357e075d63c3634310878636f9498847badcab/src/test/java/org/apache/commons/configuration2/TestJNDIEnvironmentValues.java,org.apache.commons.configuration2.TestJNDIEnvironmentValues,testContainsKey/0,conf,2
/home/sandro/workspace/sandro/MLCQCodeSmellSamples/scripts/../dataset/commons-configuration_34357e075d63c3634310878636f9498847badcab/src/test/java/org/apache/commons/configuration2/TestJNDIEnvironmentValues.java,org.apache.commons.configuration2.TestJNDIEnvironmentValues,testGetKeys/0,conf,1
/home/sandro/workspace/sandro/MLCQCodeSmellSamples/scripts/../dataset/commons-configuration_34357e075d63c3634310878636f9498847badcab/src/main/java/org/apache/commons/configuration2/DynamicCombinedConfiguration.java,org.apache.commons.configuration2.DynamicCombinedConfiguration$CurrentConfigHolder,CurrentConfigHolder/1[java.lang.String],key,1
/home/sandro/workspace/sandro/MLCQCodeSmellSamples/scripts/../dataset/commons-configuration_34357e075d63c3634310878636f9498847badcab/src/main/java/org/apache/commons/configuration2/DynamicCombinedConfiguration.java,org.apache.commons.configuration2.DynamicCombinedConfiguration$CurrentConfigHolder,decrementLockCountAndCheckRelease/0,lockCount,1
/home/sandro/workspace/sandro/MLCQCodeSmellSamples/scripts/../dataset/commons-configuration_34357e075d63c3634310878636f9498847badcab/src/main/java/org/apache/commons/configuration2/DynamicCombinedConfiguration.java,org.apache.commons.configuration2.DynamicCombinedConfiguration$CurrentConfigHolder,getKey/0,key,1
/home/sandro/workspace/sandro/MLCQCodeSmellSamples/scripts/../dataset/commons-configuration_34357e075d63c3634310878636f9498847badcab/src/main/java/org/apache/commons/configuration2/DynamicCombinedConfiguration.java,org.apache.commons.configuration2.DynamicCombinedConfiguration$CurrentConfigHolder,getCurrentConfiguration/0,currentConfiguration,1
/home/sandro/workspace/sandro/MLCQCodeSmellSamples/scripts/../dataset/commons-configuration_34357e075d63c3634310878636f9498847badcab/src/main/java/org/apache/commons/configuration2/DynamicCombinedConfiguration.java,org.apache.commons.configuration2.DynamicCombinedConfiguration$CurrentConfigHolder,incrementLockCount/0,lockCount,1
/home/sandro/workspace/sandro/MLCQCodeSmellSamples/scripts/../dataset/commons-configuration_34357e075d63c3634310878636f9498847badcab/src/main/java/org/apache/commons/configuration2/DynamicCombinedConfiguration.java,org.apache.commons.configuration2.DynamicCombinedConfiguration$CurrentConfigHolder,setCurrentConfiguration/1[org.apache.commons.configuration2.CombinedConfiguration],currentConfiguration,4
/home/sandro/workspace/sandro/MLCQCodeSmellSamples/scripts/../dataset/commons-configuration_34357e075d63c3634310878636f9498847badcab/src/test/java/org/apache/commons/configuration2/ConfigurationAssert.java,org.apache.commons.configuration2.ConfigurationAssert,getOutFile/1[java.lang.String],OUT_DIR,1
/home/sandro/workspace/sandro/MLCQCodeSmellSamples/scripts/../dataset/commons-configuration_34357e075d63c3634310878636f9498847badcab/src/test/java/org/apache/commons/configuration2/ConfigurationAssert.java,org.apache.commons.configuration2.ConfigurationAssert,getTestFile/1[java.lang.String],TEST_DIR,1
/home/sandro/workspace/sandro/MLCQCodeSmellSamples/scripts/../dataset/commons-configuration_34357e075d63c3634310878636f9498847badcab/src/test/java/org/apache/commons/configuration2/TestXMLConfiguration.java,org.apache.commons.configuration2.TestXMLConfiguration$ReloadThread,ReloadThread/1[org.apache.commons.configuration2.builder.FileBasedConfigurationBuilder<?>],builder,1
/home/sandro/workspace/sandro/MLCQCodeSmellSamples/scripts/../dataset/commons-configuration_34357e075d63c3634310878636f9498847badcab/src/test/java/org/apache/commons/configuration2/TestXMLConfiguration.java,org.apache.commons.configuration2.TestXMLConfiguration$ReloadThread,run/0,builder,1
/home/sandro/workspace/sandro/MLCQCodeSmellSamples/scripts/../dataset/commons-configuration_34357e075d63c3634310878636f9498847badcab/src/test/java/org/apache/commons/configuration2/TestSubnodeConfiguration.java,org.apache.commons.configuration2.TestSubnodeConfiguration,testGetKeys/0,config,1
/home/sandro/workspace/sandro/MLCQCodeSmellSamples/scripts/../dataset/commons-configuration_34357e075d63c3634310878636f9498847badcab/src/test/java/org/apache/commons/configuration2/TestSubnodeConfiguration.java,org.apache.commons.configuration2.TestSubnodeConfiguration,testConfiguarationAtNoUpdates/0,parent,1
/home/sandro/workspace/sandro/MLCQCodeSmellSamples/scripts/../dataset/commons-configuration_34357e075d63c3634310878636f9498847badcab/src/test/java/org/apache/commons/configuration2/TestSubnodeConfiguration.java,org.apache.commons.configuration2.TestSubnodeConfiguration,testConfiguarationAtNoUpdates/0,config,1
/home/sandro/workspace/sandro/MLCQCodeSmellSamples/scripts/../dataset/commons-configuration_34357e075d63c3634310878636f9498847badcab/src/test/java/org/apache/commons/configuration2/TestSubnodeConfiguration.java,org.apache.commons.configuration2.TestSubnodeConfiguration,testInterpolation/0,parent,4
/home/sandro/workspace/sandro/MLCQCodeSmellSamples/scripts/../dataset/commons-configuration_34357e075d63c3634310878636f9498847badcab/src/test/java/org/apache/commons/configuration2/TestSubnodeConfiguration.java,org.apache.commons.configuration2.TestSubnodeConfiguration,testInterpolation/0,config,1
/home/sandro/workspace/sandro/MLCQCodeSmellSamples/scripts/../dataset/commons-configuration_34357e075d63c3634310878636f9498847badcab/src/test/java/org/apache/commons/configuration2/TestSubnodeConfiguration.java,org.apache.commons.configuration2.TestSubnodeConfiguration,testInitSubNodeConfigWithNullParent/0,SELECTOR,1
/home/sandro/workspace/sandro/MLCQCodeSmellSamples/scripts/../dataset/commons-configuration_34357e075d63c3634310878636f9498847badcab/src/test/java/org/apache/commons/configuration2/TestSubnodeConfiguration.java,org.apache.commons.configuration2.TestSubnodeConfiguration,testInitSubNodeConfigWithNullParent/0,config,1
/home/sandro/workspace/sandro/MLCQCodeSmellSamples/scripts/../dataset/commons-configuration_34357e075d63c3634310878636f9498847badcab/src/test/java/org/apache/commons/configuration2/TestSubnodeConfiguration.java,org.apache.commons.configuration2.TestSubnodeConfiguration,testClose/0,parent,1
/home/sandro/workspace/sandro/MLCQCodeSmellSamples/scripts/../dataset/commons-configuration_34357e075d63c3634310878636f9498847badcab/src/test/java/org/apache/commons/configuration2/TestSubnodeConfiguration.java,org.apache.commons.configuration2.TestSubnodeConfiguration,testClose/0,SELECTOR,1
/home/sandro/workspace/sandro/MLCQCodeSmellSamples/scripts/../dataset/commons-configuration_34357e075d63c3634310878636f9498847badcab/src/test/java/org/apache/commons/configuration2/TestSubnodeConfiguration.java,org.apache.commons.configuration2.TestSubnodeConfiguration,testParentChangeDetach/0,parent,1
/home/sandro/workspace/sandro/MLCQCodeSmellSamples/scripts/../dataset/commons-configuration_34357e075d63c3634310878636f9498847badcab/src/test/java/org/apache/commons/configuration2/TestSubnodeConfiguration.java,org.apache.commons.configuration2.TestSubnodeConfiguration,testParentChangeDetatchException/0,parent,2
/home/sandro/workspace/sandro/MLCQCodeSmellSamples/scripts/../dataset/commons-configuration_34357e075d63c3634310878636f9498847badcab/src/test/java/org/apache/commons/configuration2/TestSubnodeConfiguration.java,org.apache.commons.configuration2.TestSubnodeConfiguration,setUp/0,parent,1
/home/sandro/workspace/sandro/MLCQCodeSmellSamples/scripts/../dataset/commons-configuration_34357e075d63c3634310878636f9498847badcab/src/test/java/org/apache/commons/configuration2/TestSubnodeConfiguration.java,org.apache.commons.configuration2.TestSubnodeConfiguration,testSetExpressionEngine/0,parent,2
/home/sandro/workspace/sandro/MLCQCodeSmellSamples/scripts/../dataset/commons-configuration_34357e075d63c3634310878636f9498847badcab/src/test/java/org/apache/commons/configuration2/TestSubnodeConfiguration.java,org.apache.commons.configuration2.TestSubnodeConfiguration,testSetExpressionEngine/0,config,3
/home/sandro/workspace/sandro/MLCQCodeSmellSamples/scripts/../dataset/commons-configuration_34357e075d63c3634310878636f9498847badcab/src/test/java/org/apache/commons/configuration2/TestSubnodeConfiguration.java,org.apache.commons.configuration2.TestSubnodeConfiguration,testSetThrowExceptionOnMissingAffectsParent/0,parent,2
/home/sandro/workspace/sandro/MLCQCodeSmellSamples/scripts/../dataset/commons-configuration_34357e075d63c3634310878636f9498847badcab/src/test/java/org/apache/commons/configuration2/TestSubnodeConfiguration.java,org.apache.commons.configuration2.TestSubnodeConfiguration,testSetThrowExceptionOnMissingAffectsParent/0,config,1
/home/sandro/workspace/sandro/MLCQCodeSmellSamples/scripts/../dataset/commons-configuration_34357e075d63c3634310878636f9498847badcab/src/test/java/org/apache/commons/configuration2/TestSubnodeConfiguration.java,org.apache.commons.configuration2.TestSubnodeConfiguration,checkInterpolationFromConfigurationAt/1[boolean],parent,6
/home/sandro/workspace/sandro/MLCQCodeSmellSamples/scripts/../dataset/commons-configuration_34357e075d63c3634310878636f9498847badcab/src/test/java/org/apache/commons/configuration2/TestSubnodeConfiguration.java,org.apache.commons.configuration2.TestSubnodeConfiguration,testConfigurationAtWithUpdateSupport/0,config,2
/home/sandro/workspace/sandro/MLCQCodeSmellSamples/scripts/../dataset/commons-configuration_34357e075d63c3634310878636f9498847badcab/src/test/java/org/apache/commons/configuration2/TestSubnodeConfiguration.java,org.apache.commons.configuration2.TestSubnodeConfiguration,testLocalInterpolationFromConfigurationAt/0,parent,4
/home/sandro/workspace/sandro/MLCQCodeSmellSamples/scripts/../dataset/commons-configuration_34357e075d63c3634310878636f9498847badcab/src/test/java/org/apache/commons/configuration2/TestSubnodeConfiguration.java,org.apache.commons.configuration2.TestSubnodeConfiguration,setUpSubnodeConfig/0,SUB_KEY,1
/home/sandro/workspace/sandro/MLCQCodeSmellSamples/scripts/../dataset/commons-configuration_34357e075d63c3634310878636f9498847badcab/src/test/java/org/apache/commons/configuration2/TestSubnodeConfiguration.java,org.apache.commons.configuration2.TestSubnodeConfiguration,setUpSubnodeConfig/1[java.lang.String],parent,1
/home/sandro/workspace/sandro/MLCQCodeSmellSamples/scripts/../dataset/commons-configuration_34357e075d63c3634310878636f9498847badcab/src/test/java/org/apache/commons/configuration2/TestSubnodeConfiguration.java,org.apache.commons.configuration2.TestSubnodeConfiguration,setUpSubnodeConfig/1[java.lang.String],config,1
/home/sandro/workspace/sandro/MLCQCodeSmellSamples/scripts/../dataset/commons-configuration_34357e075d63c3634310878636f9498847badcab/src/test/java/org/apache/commons/configuration2/TestSubnodeConfiguration.java,org.apache.commons.configuration2.TestSubnodeConfiguration,testSetThrowExceptionOnMissing/0,parent,1
/home/sandro/workspace/sandro/MLCQCodeSmellSamples/scripts/../dataset/commons-configuration_34357e075d63c3634310878636f9498847badcab/src/test/java/org/apache/commons/configuration2/TestSubnodeConfiguration.java,org.apache.commons.configuration2.TestSubnodeConfiguration,testSetThrowExceptionOnMissing/0,config,2
/home/sandro/workspace/sandro/MLCQCodeSmellSamples/scripts/../dataset/commons-configuration_34357e075d63c3634310878636f9498847badcab/src/test/java/org/apache/commons/configuration2/TestSubnodeConfiguration.java,org.apache.commons.configuration2.TestSubnodeConfiguration,testLocalLookupsInInterpolatorAreInherited/0,parent,4
/home/sandro/workspace/sandro/MLCQCodeSmellSamples/scripts/../dataset/commons-configuration_34357e075d63c3634310878636f9498847badcab/src/test/java/org/apache/commons/configuration2/TestSubnodeConfiguration.java,org.apache.commons.configuration2.TestSubnodeConfiguration,testLocalLookupsInInterpolatorAreInherited/0,config,1
/home/sandro/workspace/sandro/MLCQCodeSmellSamples/scripts/../dataset/commons-configuration_34357e075d63c3634310878636f9498847badcab/src/test/java/org/apache/commons/configuration2/TestSubnodeConfiguration.java,org.apache.commons.configuration2.TestSubnodeConfiguration,testInitSubNodeConfig/0,parent,2
/home/sandro/workspace/sandro/MLCQCodeSmellSamples/scripts/../dataset/commons-configuration_34357e075d63c3634310878636f9498847badcab/src/test/java/org/apache/commons/configuration2/TestSubnodeConfiguration.java,org.apache.commons.configuration2.TestSubnodeConfiguration,testInitSubNodeConfig/0,config,2
/home/sandro/workspace/sandro/MLCQCodeSmellSamples/scripts/../dataset/commons-configuration_34357e075d63c3634310878636f9498847badcab/src/test/java/org/apache/commons/configuration2/TestSubnodeConfiguration.java,org.apache.commons.configuration2.TestSubnodeConfiguration,testClone/0,parent,1
/home/sandro/workspace/sandro/MLCQCodeSmellSamples/scripts/../dataset/commons-configuration_34357e075d63c3634310878636f9498847badcab/src/test/java/org/apache/commons/configuration2/TestSubnodeConfiguration.java,org.apache.commons.configuration2.TestSubnodeConfiguration,testClone/0,SELECTOR,3
/home/sandro/workspace/sandro/MLCQCodeSmellSamples/scripts/../dataset/commons-configuration_34357e075d63c3634310878636f9498847badcab/src/test/java/org/apache/commons/configuration2/TestSubnodeConfiguration.java,org.apache.commons.configuration2.TestSubnodeConfiguration,testClone/0,config,2
/home/sandro/workspace/sandro/MLCQCodeSmellSamples/scripts/../dataset/commons-configuration_34357e075d63c3634310878636f9498847badcab/src/test/java/org/apache/commons/configuration2/TestSubnodeConfiguration.java,org.apache.commons.configuration2.TestSubnodeConfiguration,testInitSubNodeConfigWithNullNode/0,parent,1
/home/sandro/workspace/sandro/MLCQCodeSmellSamples/scripts/../dataset/commons-configuration_34357e075d63c3634310878636f9498847badcab/src/test/java/org/apache/commons/configuration2/TestSubnodeConfiguration.java,org.apache.commons.configuration2.TestSubnodeConfiguration,testInitSubNodeConfigWithNullNode/0,config,1
/home/sandro/workspace/sandro/MLCQCodeSmellSamples/scripts/../dataset/commons-configuration_34357e075d63c3634310878636f9498847badcab/src/test/java/org/apache/commons/configuration2/TestSubnodeConfiguration.java,org.apache.commons.configuration2.TestSubnodeConfiguration,checkSubConfigContent/0,config,2
/home/sandro/workspace/sandro/MLCQCodeSmellSamples/scripts/../dataset/commons-configuration_34357e075d63c3634310878636f9498847badcab/src/test/java/org/apache/commons/configuration2/TestSubnodeConfiguration.java,org.apache.commons.configuration2.TestSubnodeConfiguration,testInterpolator/0,parent,2
/home/sandro/workspace/sandro/MLCQCodeSmellSamples/scripts/../dataset/commons-configuration_34357e075d63c3634310878636f9498847badcab/src/test/java/org/apache/commons/configuration2/TestSubnodeConfiguration.java,org.apache.commons.configuration2.TestSubnodeConfiguration,testInterpolator/0,config,1
/home/sandro/workspace/sandro/MLCQCodeSmellSamples/scripts/../dataset/commons-configuration_34357e075d63c3634310878636f9498847badcab/src/test/java/org/apache/commons/configuration2/TestSubnodeConfiguration.java,org.apache.commons.configuration2.TestSubnodeConfiguration,testSetListDelimiterHandler/0,parent,4
/home/sandro/workspace/sandro/MLCQCodeSmellSamples/scripts/../dataset/commons-configuration_34357e075d63c3634310878636f9498847badcab/src/test/java/org/apache/commons/configuration2/TestSubnodeConfiguration.java,org.apache.commons.configuration2.TestSubnodeConfiguration,testSetListDelimiterHandler/0,config,3
/home/sandro/workspace/sandro/MLCQCodeSmellSamples/scripts/../dataset/commons-configuration_34357e075d63c3634310878636f9498847badcab/src/test/java/org/apache/commons/configuration2/TestSubnodeConfiguration.java,org.apache.commons.configuration2.TestSubnodeConfiguration,setUpTrackedModel/1[org.apache.commons.configuration2.NodeSelector],parent,3
/home/sandro/workspace/sandro/MLCQCodeSmellSamples/scripts/../dataset/commons-configuration_34357e075d63c3634310878636f9498847badcab/src/test/java/org/apache/commons/configuration2/TestSubnodeConfiguration.java,org.apache.commons.configuration2.TestSubnodeConfiguration,testAddProperty/0,parent,2
/home/sandro/workspace/sandro/MLCQCodeSmellSamples/scripts/../dataset/commons-configuration_34357e075d63c3634310878636f9498847badcab/src/test/java/org/apache/commons/configuration2/TestSubnodeConfiguration.java,org.apache.commons.configuration2.TestSubnodeConfiguration,testAddProperty/0,config,2
/home/sandro/workspace/sandro/MLCQCodeSmellSamples/scripts/../dataset/commons-configuration_34357e075d63c3634310878636f9498847badcab/src/test/java/org/apache/commons/configuration2/TestSubnodeConfiguration.java,org.apache.commons.configuration2.TestSubnodeConfiguration,testSetProperty/0,parent,3
/home/sandro/workspace/sandro/MLCQCodeSmellSamples/scripts/../dataset/commons-configuration_34357e075d63c3634310878636f9498847badcab/src/test/java/org/apache/commons/configuration2/TestSubnodeConfiguration.java,org.apache.commons.configuration2.TestSubnodeConfiguration,testSetProperty/0,config,3
/home/sandro/workspace/sandro/MLCQCodeSmellSamples/scripts/../dataset/commons-configuration_34357e075d63c3634310878636f9498847badcab/src/test/java/org/apache/commons/configuration2/TestSubnodeConfiguration.java,org.apache.commons.configuration2.TestSubnodeConfiguration,testGetNodeModel/0,config,1
/home/sandro/workspace/sandro/MLCQCodeSmellSamples/scripts/../dataset/commons-configuration_34357e075d63c3634310878636f9498847badcab/src/main/java/org/apache/commons/configuration2/tree/ImmutableNode.java,org.apache.commons.configuration2.tree.ImmutableNode,removeChild/1[org.apache.commons.configuration2.tree.ImmutableNode],children,2
/home/sandro/workspace/sandro/MLCQCodeSmellSamples/scripts/../dataset/commons-configuration_34357e075d63c3634310878636f9498847badcab/src/main/java/org/apache/commons/configuration2/tree/ImmutableNode.java,org.apache.commons.configuration2.tree.ImmutableNode,removeChild/1[org.apache.commons.configuration2.tree.ImmutableNode],attributes,1
/home/sandro/workspace/sandro/MLCQCodeSmellSamples/scripts/../dataset/commons-configuration_34357e075d63c3634310878636f9498847badcab/src/main/java/org/apache/commons/configuration2/tree/ImmutableNode.java,org.apache.commons.configuration2.tree.ImmutableNode,getChildren/0,children,1
/home/sandro/workspace/sandro/MLCQCodeSmellSamples/scripts/../dataset/commons-configuration_34357e075d63c3634310878636f9498847badcab/src/main/java/org/apache/commons/configuration2/tree/ImmutableNode.java,org.apache.commons.configuration2.tree.ImmutableNode,createWithBasicProperties/1[org.apache.commons.configuration2.tree.ImmutableNode.Builder],nodeName,1
/home/sandro/workspace/sandro/MLCQCodeSmellSamples/scripts/../dataset/commons-configuration_34357e075d63c3634310878636f9498847badcab/src/main/java/org/apache/commons/configuration2/tree/ImmutableNode.java,org.apache.commons.configuration2.tree.ImmutableNode,createWithBasicProperties/1[org.apache.commons.configuration2.tree.ImmutableNode.Builder],value,2
/home/sandro/workspace/sandro/MLCQCodeSmellSamples/scripts/../dataset/commons-configuration_34357e075d63c3634310878636f9498847badcab/src/main/java/org/apache/commons/configuration2/tree/ImmutableNode.java,org.apache.commons.configuration2.tree.ImmutableNode,setValue/1[java.lang.Object],nodeName,1
/home/sandro/workspace/sandro/MLCQCodeSmellSamples/scripts/../dataset/commons-configuration_34357e075d63c3634310878636f9498847badcab/src/main/java/org/apache/commons/configuration2/tree/ImmutableNode.java,org.apache.commons.configuration2.tree.ImmutableNode,setValue/1[java.lang.Object],children,1
/home/sandro/workspace/sandro/MLCQCodeSmellSamples/scripts/../dataset/commons-configuration_34357e075d63c3634310878636f9498847badcab/src/main/java/org/apache/commons/configuration2/tree/ImmutableNode.java,org.apache.commons.configuration2.tree.ImmutableNode,setValue/1[java.lang.Object],attributes,1
/home/sandro/workspace/sandro/MLCQCodeSmellSamples/scripts/../dataset/commons-configuration_34357e075d63c3634310878636f9498847badcab/src/main/java/org/apache/commons/configuration2/tree/ImmutableNode.java,org.apache.commons.configuration2.tree.ImmutableNode,setValue/1[java.lang.Object],value,1
/home/sandro/workspace/sandro/MLCQCodeSmellSamples/scripts/../dataset/commons-configuration_34357e075d63c3634310878636f9498847badcab/src/main/java/org/apache/commons/configuration2/tree/ImmutableNode.java,org.apache.commons.configuration2.tree.ImmutableNode,replaceChildren/1[java.util.Collection<org.apache.commons.configuration2.tree.ImmutableNode>],attributes,1
/home/sandro/workspace/sandro/MLCQCodeSmellSamples/scripts/../dataset/commons-configuration_34357e075d63c3634310878636f9498847badcab/src/main/java/org/apache/commons/configuration2/tree/ImmutableNode.java,org.apache.commons.configuration2.tree.ImmutableNode,"createWithNewAttributes/1[java.util.Map<java.lang.String,java.lang.Object>]",children,1
/home/sandro/workspace/sandro/MLCQCodeSmellSamples/scripts/../dataset/commons-configuration_34357e075d63c3634310878636f9498847badcab/src/main/java/org/apache/commons/configuration2/tree/ImmutableNode.java,org.apache.commons.configuration2.tree.ImmutableNode,getValue/0,value,1
/home/sandro/workspace/sandro/MLCQCodeSmellSamples/scripts/../dataset/commons-configuration_34357e075d63c3634310878636f9498847badcab/src/main/java/org/apache/commons/configuration2/tree/ImmutableNode.java,org.apache.commons.configuration2.tree.ImmutableNode,addChild/1[org.apache.commons.configuration2.tree.ImmutableNode],children,2
/home/sandro/workspace/sandro/MLCQCodeSmellSamples/scripts/../dataset/commons-configuration_34357e075d63c3634310878636f9498847badcab/src/main/java/org/apache/commons/configuration2/tree/ImmutableNode.java,org.apache.commons.configuration2.tree.ImmutableNode,addChild/1[org.apache.commons.configuration2.tree.ImmutableNode],attributes,1
/home/sandro/workspace/sandro/MLCQCodeSmellSamples/scripts/../dataset/commons-configuration_34357e075d63c3634310878636f9498847badcab/src/main/java/org/apache/commons/configuration2/tree/ImmutableNode.java,org.apache.commons.configuration2.tree.ImmutableNode,toString/0,nodeName,1
/home/sandro/workspace/sandro/MLCQCodeSmellSamples/scripts/../dataset/commons-configuration_34357e075d63c3634310878636f9498847badcab/src/main/java/org/apache/commons/configuration2/tree/ImmutableNode.java,org.apache.commons.configuration2.tree.ImmutableNode,getNodeName/0,nodeName,1
/home/sandro/workspace/sandro/MLCQCodeSmellSamples/scripts/../dataset/commons-configuration_34357e075d63c3634310878636f9498847badcab/src/main/java/org/apache/commons/configuration2/tree/ImmutableNode.java,org.apache.commons.configuration2.tree.ImmutableNode,removeAttribute/1[java.lang.String],attributes,1
/home/sandro/workspace/sandro/MLCQCodeSmellSamples/scripts/../dataset/commons-configuration_34357e075d63c3634310878636f9498847badcab/src/main/java/org/apache/commons/configuration2/tree/ImmutableNode.java,org.apache.commons.configuration2.tree.ImmutableNode,ImmutableNode/1[org.apache.commons.configuration2.tree.ImmutableNode.Builder],nodeName,1
/home/sandro/workspace/sandro/MLCQCodeSmellSamples/scripts/../dataset/commons-configuration_34357e075d63c3634310878636f9498847badcab/src/main/java/org/apache/commons/configuration2/tree/ImmutableNode.java,org.apache.commons.configuration2.tree.ImmutableNode,ImmutableNode/1[org.apache.commons.configuration2.tree.ImmutableNode.Builder],children,1
/home/sandro/workspace/sandro/MLCQCodeSmellSamples/scripts/../dataset/commons-configuration_34357e075d63c3634310878636f9498847badcab/src/main/java/org/apache/commons/configuration2/tree/ImmutableNode.java,org.apache.commons.configuration2.tree.ImmutableNode,ImmutableNode/1[org.apache.commons.configuration2.tree.ImmutableNode.Builder],attributes,1
/home/sandro/workspace/sandro/MLCQCodeSmellSamples/scripts/../dataset/commons-configuration_34357e075d63c3634310878636f9498847badcab/src/main/java/org/apache/commons/configuration2/tree/ImmutableNode.java,org.apache.commons.configuration2.tree.ImmutableNode,ImmutableNode/1[org.apache.commons.configuration2.tree.ImmutableNode.Builder],value,1
/home/sandro/workspace/sandro/MLCQCodeSmellSamples/scripts/../dataset/commons-configuration_34357e075d63c3634310878636f9498847badcab/src/main/java/org/apache/commons/configuration2/tree/ImmutableNode.java,org.apache.commons.configuration2.tree.ImmutableNode,"setAttributes/1[java.util.Map<java.lang.String,?>]",attributes,1
/home/sandro/workspace/sandro/MLCQCodeSmellSamples/scripts/../dataset/commons-configuration_34357e075d63c3634310878636f9498847badcab/src/main/java/org/apache/commons/configuration2/tree/ImmutableNode.java,org.apache.commons.configuration2.tree.ImmutableNode,getAttributes/0,attributes,1
/home/sandro/workspace/sandro/MLCQCodeSmellSamples/scripts/../dataset/commons-configuration_34357e075d63c3634310878636f9498847badcab/src/main/java/org/apache/commons/configuration2/tree/ImmutableNode.java,org.apache.commons.configuration2.tree.ImmutableNode,"replaceChild/2[org.apache.commons.configuration2.tree.ImmutableNode,org.apache.commons.configuration2.tree.ImmutableNode]",children,2
/home/sandro/workspace/sandro/MLCQCodeSmellSamples/scripts/../dataset/commons-configuration_34357e075d63c3634310878636f9498847badcab/src/main/java/org/apache/commons/configuration2/tree/ImmutableNode.java,org.apache.commons.configuration2.tree.ImmutableNode,"replaceChild/2[org.apache.commons.configuration2.tree.ImmutableNode,org.apache.commons.configuration2.tree.ImmutableNode]",attributes,1
/home/sandro/workspace/sandro/MLCQCodeSmellSamples/scripts/../dataset/commons-configuration_34357e075d63c3634310878636f9498847badcab/src/main/java/org/apache/commons/configuration2/tree/ImmutableNode.java,org.apache.commons.configuration2.tree.ImmutableNode,setName/1[java.lang.String],children,1
/home/sandro/workspace/sandro/MLCQCodeSmellSamples/scripts/../dataset/commons-configuration_34357e075d63c3634310878636f9498847badcab/src/main/java/org/apache/commons/configuration2/tree/ImmutableNode.java,org.apache.commons.configuration2.tree.ImmutableNode,setName/1[java.lang.String],attributes,1
/home/sandro/workspace/sandro/MLCQCodeSmellSamples/scripts/../dataset/commons-configuration_34357e075d63c3634310878636f9498847badcab/src/main/java/org/apache/commons/configuration2/tree/ImmutableNode.java,org.apache.commons.configuration2.tree.ImmutableNode,setName/1[java.lang.String],value,2
/home/sandro/workspace/sandro/MLCQCodeSmellSamples/scripts/../dataset/commons-configuration_34357e075d63c3634310878636f9498847badcab/src/main/java/org/apache/commons/configuration2/tree/ImmutableNode.java,org.apache.commons.configuration2.tree.ImmutableNode,"setAttribute/2[java.lang.String,java.lang.Object]",attributes,1
/home/sandro/workspace/sandro/MLCQCodeSmellSamples/scripts/../dataset/commons-configuration_34357e075d63c3634310878636f9498847badcab/src/main/java/org/apache/commons/configuration2/tree/ImmutableNode.java,org.apache.commons.configuration2.tree.ImmutableNode,"setAttribute/2[java.lang.String,java.lang.Object]",value,3
/home/sandro/workspace/sandro/MLCQCodeSmellSamples/scripts/../dataset/commons-configuration_34357e075d63c3634310878636f9498847badcab/src/main/java/org/apache/commons/configuration2/tree/ImmutableNode.java,org.apache.commons.configuration2.tree.ImmutableNode,getChildren/1[java.lang.String],children,1
/home/sandro/workspace/sandro/MLCQCodeSmellSamples/scripts/../dataset/commons-configuration_34357e075d63c3634310878636f9498847badcab/src/test/java/org/apache/commons/configuration2/io/TestFileHandler.java,org.apache.commons.configuration2.io.TestFileHandler$FileHandlerListenerTestImpl,checkMethods/1[java.lang.String],methods,1
/home/sandro/workspace/sandro/MLCQCodeSmellSamples/scripts/../dataset/commons-configuration_34357e075d63c3634310878636f9498847badcab/src/test/java/org/apache/commons/configuration2/io/TestFileHandler.java,org.apache.commons.configuration2.io.TestFileHandler$FileHandlerListenerTestImpl,"methodCalled/2[org.apache.commons.configuration2.io.FileHandler,java.lang.String]",methods,1
/home/sandro/workspace/sandro/MLCQCodeSmellSamples/scripts/../dataset/commons-configuration_34357e075d63c3634310878636f9498847badcab/src/test/java/org/apache/commons/configuration2/io/TestFileHandler.java,org.apache.commons.configuration2.io.TestFileHandler$FileHandlerListenerTestImpl,"methodCalled/2[org.apache.commons.configuration2.io.FileHandler,java.lang.String]",expHandler,1
/home/sandro/workspace/sandro/MLCQCodeSmellSamples/scripts/../dataset/commons-configuration_34357e075d63c3634310878636f9498847badcab/src/test/java/org/apache/commons/configuration2/io/TestFileHandler.java,org.apache.commons.configuration2.io.TestFileHandler$FileHandlerListenerTestImpl,FileHandlerListenerTestImpl/1[org.apache.commons.configuration2.io.FileHandler],methods,1
/home/sandro/workspace/sandro/MLCQCodeSmellSamples/scripts/../dataset/commons-configuration_34357e075d63c3634310878636f9498847badcab/src/test/java/org/apache/commons/configuration2/io/TestFileHandler.java,org.apache.commons.configuration2.io.TestFileHandler$FileHandlerListenerTestImpl,FileHandlerListenerTestImpl/1[org.apache.commons.configuration2.io.FileHandler],expHandler,1
/home/sandro/workspace/sandro/MLCQCodeSmellSamples/scripts/../dataset/commons-configuration_34357e075d63c3634310878636f9498847badcab/src/main/java/org/apache/commons/configuration2/ConfigurationMap.java,org.apache.commons.configuration2.ConfigurationMap,getConfiguration/0,configuration,1
/home/sandro/workspace/sandro/MLCQCodeSmellSamples/scripts/../dataset/commons-configuration_34357e075d63c3634310878636f9498847badcab/src/main/java/org/apache/commons/configuration2/ConfigurationMap.java,org.apache.commons.configuration2.ConfigurationMap,entrySet/0,configuration,1
/home/sandro/workspace/sandro/MLCQCodeSmellSamples/scripts/../dataset/commons-configuration_34357e075d63c3634310878636f9498847badcab/src/main/java/org/apache/commons/configuration2/ConfigurationMap.java,org.apache.commons.configuration2.ConfigurationMap,ConfigurationMap/1[org.apache.commons.configuration2.Configuration],configuration,4
/home/sandro/workspace/sandro/MLCQCodeSmellSamples/scripts/../dataset/commons-configuration_34357e075d63c3634310878636f9498847badcab/src/main/java/org/apache/commons/configuration2/ConfigurationMap.java,org.apache.commons.configuration2.ConfigurationMap,"put/2[java.lang.Object,java.lang.Object]",configuration,2
/home/sandro/workspace/sandro/MLCQCodeSmellSamples/scripts/../dataset/commons-configuration_34357e075d63c3634310878636f9498847badcab/src/main/java/org/apache/commons/configuration2/ConfigurationMap.java,org.apache.commons.configuration2.ConfigurationMap,get/1[java.lang.Object],configuration,1
/home/sandro/workspace/sandro/MLCQCodeSmellSamples/scripts/../dataset/commons-configuration_34357e075d63c3634310878636f9498847badcab/src/main/java/org/apache/commons/configuration2/CompositeConfiguration.java,org.apache.commons.configuration2.CompositeConfiguration,replaceInMemoryConfiguration/1[org.apache.commons.configuration2.Configuration],inMemoryConfigIsChild,1
/home/sandro/workspace/sandro/MLCQCodeSmellSamples/scripts/../dataset/commons-configuration_34357e075d63c3634310878636f9498847badcab/src/main/java/org/apache/commons/configuration2/CompositeConfiguration.java,org.apache.commons.configuration2.CompositeConfiguration,replaceInMemoryConfiguration/1[org.apache.commons.configuration2.Configuration],inMemoryConfiguration,2
/home/sandro/workspace/sandro/MLCQCodeSmellSamples/scripts/../dataset/commons-configuration_34357e075d63c3634310878636f9498847badcab/src/main/java/org/apache/commons/configuration2/CompositeConfiguration.java,org.apache.commons.configuration2.CompositeConfiguration,replaceInMemoryConfiguration/1[org.apache.commons.configuration2.Configuration],configList,1
/home/sandro/workspace/sandro/MLCQCodeSmellSamples/scripts/../dataset/commons-configuration_34357e075d63c3634310878636f9498847badcab/src/main/java/org/apache/commons/configuration2/CompositeConfiguration.java,org.apache.commons.configuration2.CompositeConfiguration,clearPropertyDirect/1[java.lang.String],configList,1
/home/sandro/workspace/sandro/MLCQCodeSmellSamples/scripts/../dataset/commons-configuration_34357e075d63c3634310878636f9498847badcab/src/main/java/org/apache/commons/configuration2/CompositeConfiguration.java,org.apache.commons.configuration2.CompositeConfiguration,clone/0,configList,1
/home/sandro/workspace/sandro/MLCQCodeSmellSamples/scripts/../dataset/commons-configuration_34357e075d63c3634310878636f9498847badcab/src/main/java/org/apache/commons/configuration2/CompositeConfiguration.java,org.apache.commons.configuration2.CompositeConfiguration,clearInternal/0,inMemoryConfiguration,4
/home/sandro/workspace/sandro/MLCQCodeSmellSamples/scripts/../dataset/commons-configuration_34357e075d63c3634310878636f9498847badcab/src/main/java/org/apache/commons/configuration2/CompositeConfiguration.java,org.apache.commons.configuration2.CompositeConfiguration,clearInternal/0,inMemoryConfigIsChild,1
/home/sandro/workspace/sandro/MLCQCodeSmellSamples/scripts/../dataset/commons-configuration_34357e075d63c3634310878636f9498847badcab/src/main/java/org/apache/commons/configuration2/CompositeConfiguration.java,org.apache.commons.configuration2.CompositeConfiguration,clearInternal/0,configList,2
/home/sandro/workspace/sandro/MLCQCodeSmellSamples/scripts/../dataset/commons-configuration_34357e075d63c3634310878636f9498847badcab/src/main/java/org/apache/commons/configuration2/CompositeConfiguration.java,org.apache.commons.configuration2.CompositeConfiguration,"CompositeConfiguration/2[org.apache.commons.configuration2.Configuration,java.util.Collection<? extends org.apache.commons.configuration2.Configuration>]",inMemoryConfiguration,3
/home/sandro/workspace/sandro/MLCQCodeSmellSamples/scripts/../dataset/commons-configuration_34357e075d63c3634310878636f9498847badcab/src/main/java/org/apache/commons/configuration2/CompositeConfiguration.java,org.apache.commons.configuration2.CompositeConfiguration,isEmptyInternal/0,configList,1
/home/sandro/workspace/sandro/MLCQCodeSmellSamples/scripts/../dataset/commons-configuration_34357e075d63c3634310878636f9498847badcab/src/main/java/org/apache/commons/configuration2/CompositeConfiguration.java,org.apache.commons.configuration2.CompositeConfiguration,"addConfigurationFirst/2[org.apache.commons.configuration2.Configuration,boolean]",inMemoryConfigIsChild,1
/home/sandro/workspace/sandro/MLCQCodeSmellSamples/scripts/../dataset/commons-configuration_34357e075d63c3634310878636f9498847badcab/src/main/java/org/apache/commons/configuration2/CompositeConfiguration.java,org.apache.commons.configuration2.CompositeConfiguration,"addConfigurationFirst/2[org.apache.commons.configuration2.Configuration,boolean]",configList,2
/home/sandro/workspace/sandro/MLCQCodeSmellSamples/scripts/../dataset/commons-configuration_34357e075d63c3634310878636f9498847badcab/src/main/java/org/apache/commons/configuration2/CompositeConfiguration.java,org.apache.commons.configuration2.CompositeConfiguration,getSource/1[java.lang.String],configList,1
/home/sandro/workspace/sandro/MLCQCodeSmellSamples/scripts/../dataset/commons-configuration_34357e075d63c3634310878636f9498847badcab/src/main/java/org/apache/commons/configuration2/CompositeConfiguration.java,org.apache.commons.configuration2.CompositeConfiguration,setListDelimiterHandler/1[org.apache.commons.configuration2.convert.ListDelimiterHandler],inMemoryConfiguration,2
/home/sandro/workspace/sandro/MLCQCodeSmellSamples/scripts/../dataset/commons-configuration_34357e075d63c3634310878636f9498847badcab/src/main/java/org/apache/commons/configuration2/CompositeConfiguration.java,org.apache.commons.configuration2.CompositeConfiguration,removeConfiguration/1[org.apache.commons.configuration2.Configuration],inMemoryConfiguration,1
/home/sandro/workspace/sandro/MLCQCodeSmellSamples/scripts/../dataset/commons-configuration_34357e075d63c3634310878636f9498847badcab/src/main/java/org/apache/commons/configuration2/CompositeConfiguration.java,org.apache.commons.configuration2.CompositeConfiguration,removeConfiguration/1[org.apache.commons.configuration2.Configuration],configList,1
/home/sandro/workspace/sandro/MLCQCodeSmellSamples/scripts/../dataset/commons-configuration_34357e075d63c3634310878636f9498847badcab/src/main/java/org/apache/commons/configuration2/CompositeConfiguration.java,org.apache.commons.configuration2.CompositeConfiguration,getInMemoryConfiguration/0,inMemoryConfiguration,1
/home/sandro/workspace/sandro/MLCQCodeSmellSamples/scripts/../dataset/commons-configuration_34357e075d63c3634310878636f9498847badcab/src/main/java/org/apache/commons/configuration2/CompositeConfiguration.java,org.apache.commons.configuration2.CompositeConfiguration,getConfiguration/1[int],configList,1
/home/sandro/workspace/sandro/MLCQCodeSmellSamples/scripts/../dataset/commons-configuration_34357e075d63c3634310878636f9498847badcab/src/main/java/org/apache/commons/configuration2/CompositeConfiguration.java,org.apache.commons.configuration2.CompositeConfiguration,containsKeyInternal/1[java.lang.String],configList,1
/home/sandro/workspace/sandro/MLCQCodeSmellSamples/scripts/../dataset/commons-configuration_34357e075d63c3634310878636f9498847badcab/src/main/java/org/apache/commons/configuration2/CompositeConfiguration.java,org.apache.commons.configuration2.CompositeConfiguration,"addConfiguration/2[org.apache.commons.configuration2.Configuration,boolean]",inMemoryConfigIsChild,2
/home/sandro/workspace/sandro/MLCQCodeSmellSamples/scripts/../dataset/commons-configuration_34357e075d63c3634310878636f9498847badcab/src/main/java/org/apache/commons/configuration2/CompositeConfiguration.java,org.apache.commons.configuration2.CompositeConfiguration,"addConfiguration/2[org.apache.commons.configuration2.Configuration,boolean]",inMemoryConfiguration,1
/home/sandro/workspace/sandro/MLCQCodeSmellSamples/scripts/../dataset/commons-configuration_34357e075d63c3634310878636f9498847badcab/src/main/java/org/apache/commons/configuration2/CompositeConfiguration.java,org.apache.commons.configuration2.CompositeConfiguration,"addConfiguration/2[org.apache.commons.configuration2.Configuration,boolean]",configList,4
/home/sandro/workspace/sandro/MLCQCodeSmellSamples/scripts/../dataset/commons-configuration_34357e075d63c3634310878636f9498847badcab/src/main/java/org/apache/commons/configuration2/CompositeConfiguration.java,org.apache.commons.configuration2.CompositeConfiguration,getKeysInternal/1[java.lang.String],configList,1
/home/sandro/workspace/sandro/MLCQCodeSmellSamples/scripts/../dataset/commons-configuration_34357e075d63c3634310878636f9498847badcab/src/main/java/org/apache/commons/configuration2/CompositeConfiguration.java,org.apache.commons.configuration2.CompositeConfiguration,CompositeConfiguration/1[org.apache.commons.configuration2.Configuration],inMemoryConfiguration,5
/home/sandro/workspace/sandro/MLCQCodeSmellSamples/scripts/../dataset/commons-configuration_34357e075d63c3634310878636f9498847badcab/src/main/java/org/apache/commons/configuration2/CompositeConfiguration.java,org.apache.commons.configuration2.CompositeConfiguration,CompositeConfiguration/1[org.apache.commons.configuration2.Configuration],configList,2
/home/sandro/workspace/sandro/MLCQCodeSmellSamples/scripts/../dataset/commons-configuration_34357e075d63c3634310878636f9498847badcab/src/main/java/org/apache/commons/configuration2/CompositeConfiguration.java,org.apache.commons.configuration2.CompositeConfiguration,"addPropertyDirect/2[java.lang.String,java.lang.Object]",inMemoryConfiguration,1
/home/sandro/workspace/sandro/MLCQCodeSmellSamples/scripts/../dataset/commons-configuration_34357e075d63c3634310878636f9498847badcab/src/main/java/org/apache/commons/configuration2/CompositeConfiguration.java,org.apache.commons.configuration2.CompositeConfiguration,getPropertyInternal/1[java.lang.String],configList,1
/home/sandro/workspace/sandro/MLCQCodeSmellSamples/scripts/../dataset/commons-configuration_34357e075d63c3634310878636f9498847badcab/src/main/java/org/apache/commons/configuration2/CompositeConfiguration.java,org.apache.commons.configuration2.CompositeConfiguration,getKeysInternal/0,configList,1
/home/sandro/workspace/sandro/MLCQCodeSmellSamples/scripts/../dataset/commons-configuration_34357e075d63c3634310878636f9498847badcab/src/main/java/org/apache/commons/configuration2/CompositeConfiguration.java,org.apache.commons.configuration2.CompositeConfiguration,"getList/2[java.lang.String,java.util.List<?>]",inMemoryConfiguration,2
/home/sandro/workspace/sandro/MLCQCodeSmellSamples/scripts/../dataset/commons-configuration_34357e075d63c3634310878636f9498847badcab/src/main/java/org/apache/commons/configuration2/CompositeConfiguration.java,org.apache.commons.configuration2.CompositeConfiguration,"getList/2[java.lang.String,java.util.List<?>]",configList,1
/home/sandro/workspace/sandro/MLCQCodeSmellSamples/scripts/../dataset/commons-configuration_34357e075d63c3634310878636f9498847badcab/src/main/java/org/apache/commons/configuration2/CompositeConfiguration.java,org.apache.commons.configuration2.CompositeConfiguration,getNumberOfConfigurations/0,configList,1
/home/sandro/workspace/sandro/MLCQCodeSmellSamples/scripts/../dataset/commons-configuration_34357e075d63c3634310878636f9498847badcab/src/test/java/org/apache/commons/configuration2/TestAbstractHierarchicalConfiguration.java,org.apache.commons.configuration2.TestAbstractHierarchicalConfiguration,testGetProperty/0,config,1
/home/sandro/workspace/sandro/MLCQCodeSmellSamples/scripts/../dataset/commons-configuration_34357e075d63c3634310878636f9498847badcab/src/test/java/org/apache/commons/configuration2/TestAbstractHierarchicalConfiguration.java,org.apache.commons.configuration2.TestAbstractHierarchicalConfiguration,testSetExpressionEngine/0,config,4
/home/sandro/workspace/sandro/MLCQCodeSmellSamples/scripts/../dataset/commons-configuration_34357e075d63c3634310878636f9498847badcab/src/test/java/org/apache/commons/configuration2/TestAbstractHierarchicalConfiguration.java,org.apache.commons.configuration2.TestAbstractHierarchicalConfiguration,testSize/0,config,1
/home/sandro/workspace/sandro/MLCQCodeSmellSamples/scripts/../dataset/commons-configuration_34357e075d63c3634310878636f9498847badcab/src/test/java/org/apache/commons/configuration2/TestAbstractHierarchicalConfiguration.java,org.apache.commons.configuration2.TestAbstractHierarchicalConfiguration,testGetKeysWithKeyAsPrefixMultiple/0,config,4
/home/sandro/workspace/sandro/MLCQCodeSmellSamples/scripts/../dataset/commons-configuration_34357e075d63c3634310878636f9498847badcab/src/test/java/org/apache/commons/configuration2/TestAbstractHierarchicalConfiguration.java,org.apache.commons.configuration2.TestAbstractHierarchicalConfiguration,testInterpolationEscaped/0,config,1
/home/sandro/workspace/sandro/MLCQCodeSmellSamples/scripts/../dataset/commons-configuration_34357e075d63c3634310878636f9498847badcab/src/test/java/org/apache/commons/configuration2/TestAbstractHierarchicalConfiguration.java,org.apache.commons.configuration2.TestAbstractHierarchicalConfiguration,testInterpolationConstants/0,config,1
/home/sandro/workspace/sandro/MLCQCodeSmellSamples/scripts/../dataset/commons-configuration_34357e075d63c3634310878636f9498847badcab/src/test/java/org/apache/commons/configuration2/TestAbstractHierarchicalConfiguration.java,org.apache.commons.configuration2.TestAbstractHierarchicalConfiguration,testInterpolatedConfiguration/0,config,2
/home/sandro/workspace/sandro/MLCQCodeSmellSamples/scripts/../dataset/commons-configuration_34357e075d63c3634310878636f9498847badcab/src/test/java/org/apache/commons/configuration2/TestAbstractHierarchicalConfiguration.java,org.apache.commons.configuration2.TestAbstractHierarchicalConfiguration,testClearProperty/0,config,13
/home/sandro/workspace/sandro/MLCQCodeSmellSamples/scripts/../dataset/commons-configuration_34357e075d63c3634310878636f9498847badcab/src/test/java/org/apache/commons/configuration2/TestAbstractHierarchicalConfiguration.java,org.apache.commons.configuration2.TestAbstractHierarchicalConfiguration,testClearTreeHierarchy/0,config,6
/home/sandro/workspace/sandro/MLCQCodeSmellSamples/scripts/../dataset/commons-configuration_34357e075d63c3634310878636f9498847badcab/src/test/java/org/apache/commons/configuration2/TestAbstractHierarchicalConfiguration.java,org.apache.commons.configuration2.TestAbstractHierarchicalConfiguration,testGetKeysAttributePrefix/0,config,2
/home/sandro/workspace/sandro/MLCQCodeSmellSamples/scripts/../dataset/commons-configuration_34357e075d63c3634310878636f9498847badcab/src/test/java/org/apache/commons/configuration2/TestAbstractHierarchicalConfiguration.java,org.apache.commons.configuration2.TestAbstractHierarchicalConfiguration,testGetKeysWithKeyAsPrefix/0,config,3
/home/sandro/workspace/sandro/MLCQCodeSmellSamples/scripts/../dataset/commons-configuration_34357e075d63c3634310878636f9498847badcab/src/test/java/org/apache/commons/configuration2/TestAbstractHierarchicalConfiguration.java,org.apache.commons.configuration2.TestAbstractHierarchicalConfiguration,testInterpolationLoop/0,config,1
/home/sandro/workspace/sandro/MLCQCodeSmellSamples/scripts/../dataset/commons-configuration_34357e075d63c3634310878636f9498847badcab/src/test/java/org/apache/commons/configuration2/TestAbstractHierarchicalConfiguration.java,org.apache.commons.configuration2.TestAbstractHierarchicalConfiguration,testContainsKey/0,config,8
/home/sandro/workspace/sandro/MLCQCodeSmellSamples/scripts/../dataset/commons-configuration_34357e075d63c3634310878636f9498847badcab/src/test/java/org/apache/commons/configuration2/TestAbstractHierarchicalConfiguration.java,org.apache.commons.configuration2.TestAbstractHierarchicalConfiguration,testNodeKeyRootNode/0,config,2
/home/sandro/workspace/sandro/MLCQCodeSmellSamples/scripts/../dataset/commons-configuration_34357e075d63c3634310878636f9498847badcab/src/test/java/org/apache/commons/configuration2/TestAbstractHierarchicalConfiguration.java,org.apache.commons.configuration2.TestAbstractHierarchicalConfiguration,testInterpolationSubsetMultipleLayers/0,config,4
/home/sandro/workspace/sandro/MLCQCodeSmellSamples/scripts/../dataset/commons-configuration_34357e075d63c3634310878636f9498847badcab/src/test/java/org/apache/commons/configuration2/TestAbstractHierarchicalConfiguration.java,org.apache.commons.configuration2.TestAbstractHierarchicalConfiguration,"checkKeys/2[java.lang.String,java.lang.String[]]",config,1
/home/sandro/workspace/sandro/MLCQCodeSmellSamples/scripts/../dataset/commons-configuration_34357e075d63c3634310878636f9498847badcab/src/test/java/org/apache/commons/configuration2/TestAbstractHierarchicalConfiguration.java,org.apache.commons.configuration2.TestAbstractHierarchicalConfiguration,testInterpolationBasic/0,config,1
/home/sandro/workspace/sandro/MLCQCodeSmellSamples/scripts/../dataset/commons-configuration_34357e075d63c3634310878636f9498847badcab/src/test/java/org/apache/commons/configuration2/TestAbstractHierarchicalConfiguration.java,org.apache.commons.configuration2.TestAbstractHierarchicalConfiguration,testGetPropertyKeyWithBrackets/0,config,2
/home/sandro/workspace/sandro/MLCQCodeSmellSamples/scripts/../dataset/commons-configuration_34357e075d63c3634310878636f9498847badcab/src/test/java/org/apache/commons/configuration2/TestAbstractHierarchicalConfiguration.java,org.apache.commons.configuration2.TestAbstractHierarchicalConfiguration,checkAlternativeSyntax/0,config,7
/home/sandro/workspace/sandro/MLCQCodeSmellSamples/scripts/../dataset/commons-configuration_34357e075d63c3634310878636f9498847badcab/src/test/java/org/apache/commons/configuration2/TestAbstractHierarchicalConfiguration.java,org.apache.commons.configuration2.TestAbstractHierarchicalConfiguration,testAddNodes/0,config,5
/home/sandro/workspace/sandro/MLCQCodeSmellSamples/scripts/../dataset/commons-configuration_34357e075d63c3634310878636f9498847badcab/src/test/java/org/apache/commons/configuration2/TestAbstractHierarchicalConfiguration.java,org.apache.commons.configuration2.TestAbstractHierarchicalConfiguration,testClearTree/0,config,8
/home/sandro/workspace/sandro/MLCQCodeSmellSamples/scripts/../dataset/commons-configuration_34357e075d63c3634310878636f9498847badcab/src/test/java/org/apache/commons/configuration2/TestAbstractHierarchicalConfiguration.java,org.apache.commons.configuration2.TestAbstractHierarchicalConfiguration,testAddNodesForNonExistingKey/0,config,3
/home/sandro/workspace/sandro/MLCQCodeSmellSamples/scripts/../dataset/commons-configuration_34357e075d63c3634310878636f9498847badcab/src/test/java/org/apache/commons/configuration2/TestAbstractHierarchicalConfiguration.java,org.apache.commons.configuration2.TestAbstractHierarchicalConfiguration,testInterpolationSubset/0,config,1
/home/sandro/workspace/sandro/MLCQCodeSmellSamples/scripts/../dataset/commons-configuration_34357e075d63c3634310878636f9498847badcab/src/test/java/org/apache/commons/configuration2/TestAbstractHierarchicalConfiguration.java,org.apache.commons.configuration2.TestAbstractHierarchicalConfiguration,testNodeKeyCacheHit/0,config,2
/home/sandro/workspace/sandro/MLCQCodeSmellSamples/scripts/../dataset/commons-configuration_34357e075d63c3634310878636f9498847badcab/src/test/java/org/apache/commons/configuration2/TestAbstractHierarchicalConfiguration.java,org.apache.commons.configuration2.TestAbstractHierarchicalConfiguration,testInterpolation/0,config,6
/home/sandro/workspace/sandro/MLCQCodeSmellSamples/scripts/../dataset/commons-configuration_34357e075d63c3634310878636f9498847badcab/src/test/java/org/apache/commons/configuration2/TestAbstractHierarchicalConfiguration.java,org.apache.commons.configuration2.TestAbstractHierarchicalConfiguration,testCloneWithEventListeners/0,config,2
/home/sandro/workspace/sandro/MLCQCodeSmellSamples/scripts/../dataset/commons-configuration_34357e075d63c3634310878636f9498847badcab/src/test/java/org/apache/commons/configuration2/TestAbstractHierarchicalConfiguration.java,org.apache.commons.configuration2.TestAbstractHierarchicalConfiguration,testGetNodeModel/0,config,2
/home/sandro/workspace/sandro/MLCQCodeSmellSamples/scripts/../dataset/commons-configuration_34357e075d63c3634310878636f9498847badcab/src/test/java/org/apache/commons/configuration2/TestAbstractHierarchicalConfiguration.java,org.apache.commons.configuration2.TestAbstractHierarchicalConfiguration,testIsEmptyNodesWithNoValues/0,config,2
/home/sandro/workspace/sandro/MLCQCodeSmellSamples/scripts/../dataset/commons-configuration_34357e075d63c3634310878636f9498847badcab/src/test/java/org/apache/commons/configuration2/TestAbstractHierarchicalConfiguration.java,org.apache.commons.configuration2.TestAbstractHierarchicalConfiguration,testAddNodesWithAttributeKey/0,config,1
/home/sandro/workspace/sandro/MLCQCodeSmellSamples/scripts/../dataset/commons-configuration_34357e075d63c3634310878636f9498847badcab/src/test/java/org/apache/commons/configuration2/TestAbstractHierarchicalConfiguration.java,org.apache.commons.configuration2.TestAbstractHierarchicalConfiguration,testResolveNodeKey/0,config,2
/home/sandro/workspace/sandro/MLCQCodeSmellSamples/scripts/../dataset/commons-configuration_34357e075d63c3634310878636f9498847badcab/src/test/java/org/apache/commons/configuration2/TestAbstractHierarchicalConfiguration.java,org.apache.commons.configuration2.TestAbstractHierarchicalConfiguration,testAddPropertyWithListHandling/0,config,5
/home/sandro/workspace/sandro/MLCQCodeSmellSamples/scripts/../dataset/commons-configuration_34357e075d63c3634310878636f9498847badcab/src/test/java/org/apache/commons/configuration2/TestAbstractHierarchicalConfiguration.java,org.apache.commons.configuration2.TestAbstractHierarchicalConfiguration,testInterpolator/0,config,1
/home/sandro/workspace/sandro/MLCQCodeSmellSamples/scripts/../dataset/commons-configuration_34357e075d63c3634310878636f9498847badcab/src/test/java/org/apache/commons/configuration2/TestAbstractHierarchicalConfiguration.java,org.apache.commons.configuration2.TestAbstractHierarchicalConfiguration,testNodeKeyCacheUsage/0,config,2
/home/sandro/workspace/sandro/MLCQCodeSmellSamples/scripts/../dataset/commons-configuration_34357e075d63c3634310878636f9498847badcab/src/test/java/org/apache/commons/configuration2/TestAbstractHierarchicalConfiguration.java,org.apache.commons.configuration2.TestAbstractHierarchicalConfiguration,testGetKeysOrder/0,config,4
/home/sandro/workspace/sandro/MLCQCodeSmellSamples/scripts/../dataset/commons-configuration_34357e075d63c3634310878636f9498847badcab/src/test/java/org/apache/commons/configuration2/TestAbstractHierarchicalConfiguration.java,org.apache.commons.configuration2.TestAbstractHierarchicalConfiguration,testClone/0,config,1
/home/sandro/workspace/sandro/MLCQCodeSmellSamples/scripts/../dataset/commons-configuration_34357e075d63c3634310878636f9498847badcab/src/test/java/org/apache/commons/configuration2/TestAbstractHierarchicalConfiguration.java,org.apache.commons.configuration2.TestAbstractHierarchicalConfiguration,setUp/0,config,1
/home/sandro/workspace/sandro/MLCQCodeSmellSamples/scripts/../dataset/commons-configuration_34357e075d63c3634310878636f9498847badcab/src/test/java/org/apache/commons/configuration2/TestAbstractHierarchicalConfiguration.java,org.apache.commons.configuration2.TestAbstractHierarchicalConfiguration,testClear/0,config,4
/home/sandro/workspace/sandro/MLCQCodeSmellSamples/scripts/../dataset/commons-configuration_34357e075d63c3634310878636f9498847badcab/src/test/java/org/apache/commons/configuration2/TestAbstractHierarchicalConfiguration.java,org.apache.commons.configuration2.TestAbstractHierarchicalConfiguration,testIsEmptyFalse/0,config,1
/home/sandro/workspace/sandro/MLCQCodeSmellSamples/scripts/../dataset/commons-configuration_34357e075d63c3634310878636f9498847badcab/src/test/java/org/apache/commons/configuration2/TestAbstractHierarchicalConfiguration.java,org.apache.commons.configuration2.TestAbstractHierarchicalConfiguration,testAddProperty/0,config,15
/home/sandro/workspace/sandro/MLCQCodeSmellSamples/scripts/../dataset/commons-configuration_34357e075d63c3634310878636f9498847badcab/src/test/java/org/apache/commons/configuration2/TestAbstractHierarchicalConfiguration.java,org.apache.commons.configuration2.TestAbstractHierarchicalConfiguration,testClearTreeComplex/0,config,10
/home/sandro/workspace/sandro/MLCQCodeSmellSamples/scripts/../dataset/commons-configuration_34357e075d63c3634310878636f9498847badcab/src/test/java/org/apache/commons/configuration2/TestAbstractHierarchicalConfiguration.java,org.apache.commons.configuration2.TestAbstractHierarchicalConfiguration,testGetMaxIndex/0,config,9
/home/sandro/workspace/sandro/MLCQCodeSmellSamples/scripts/../dataset/commons-configuration_34357e075d63c3634310878636f9498847badcab/src/test/java/org/apache/commons/configuration2/TestAbstractHierarchicalConfiguration.java,org.apache.commons.configuration2.TestAbstractHierarchicalConfiguration,testCloneInterpolation/0,config,4
/home/sandro/workspace/sandro/MLCQCodeSmellSamples/scripts/../dataset/commons-configuration_34357e075d63c3634310878636f9498847badcab/src/test/java/org/apache/commons/configuration2/TestAbstractHierarchicalConfiguration.java,org.apache.commons.configuration2.TestAbstractHierarchicalConfiguration,testNodeKeyEmptyCache/0,config,4
/home/sandro/workspace/sandro/MLCQCodeSmellSamples/scripts/../dataset/commons-configuration_34357e075d63c3634310878636f9498847badcab/src/test/java/org/apache/commons/configuration2/TestAbstractHierarchicalConfiguration.java,org.apache.commons.configuration2.TestAbstractHierarchicalConfiguration,testGetKeysString/0,config,9
/home/sandro/workspace/sandro/MLCQCodeSmellSamples/scripts/../dataset/commons-configuration_34357e075d63c3634310878636f9498847badcab/src/test/java/org/apache/commons/configuration2/TestAbstractHierarchicalConfiguration.java,org.apache.commons.configuration2.TestAbstractHierarchicalConfiguration,testAddPropertyInvalidKey/0,config,1
/home/sandro/workspace/sandro/MLCQCodeSmellSamples/scripts/../dataset/commons-configuration_34357e075d63c3634310878636f9498847badcab/src/test/java/org/apache/commons/configuration2/TestAbstractHierarchicalConfiguration.java,org.apache.commons.configuration2.TestAbstractHierarchicalConfiguration,testGetKeysAttribute/0,config,2
/home/sandro/workspace/sandro/MLCQCodeSmellSamples/scripts/../dataset/commons-configuration_34357e075d63c3634310878636f9498847badcab/src/test/java/org/apache/commons/configuration2/TestAbstractHierarchicalConfiguration.java,org.apache.commons.configuration2.TestAbstractHierarchicalConfiguration,testInterpolationSystemProperties/0,config,1
/home/sandro/workspace/sandro/MLCQCodeSmellSamples/scripts/../dataset/commons-configuration_34357e075d63c3634310878636f9498847badcab/src/test/java/org/apache/commons/configuration2/TestAbstractHierarchicalConfiguration.java,org.apache.commons.configuration2.TestAbstractHierarchicalConfiguration,testNodeKeyCachePopulated/0,config,2
/home/sandro/workspace/sandro/MLCQCodeSmellSamples/scripts/../dataset/commons-configuration_34357e075d63c3634310878636f9498847badcab/src/test/java/org/apache/commons/configuration2/TestAbstractHierarchicalConfiguration.java,org.apache.commons.configuration2.TestAbstractHierarchicalConfiguration,getRootNode/0,config,1
/home/sandro/workspace/sandro/MLCQCodeSmellSamples/scripts/../dataset/commons-configuration_34357e075d63c3634310878636f9498847badcab/src/test/java/org/apache/commons/configuration2/TestAbstractHierarchicalConfiguration.java,org.apache.commons.configuration2.TestAbstractHierarchicalConfiguration,testSetProperty/0,config,21
/home/sandro/workspace/sandro/MLCQCodeSmellSamples/scripts/../dataset/commons-configuration_34357e075d63c3634310878636f9498847badcab/src/test/java/org/apache/commons/configuration2/TestAbstractHierarchicalConfiguration.java,org.apache.commons.configuration2.TestAbstractHierarchicalConfiguration,testInterpolationLocalhost/0,config,1
/home/sandro/workspace/sandro/MLCQCodeSmellSamples/scripts/../dataset/commons-configuration_34357e075d63c3634310878636f9498847badcab/src/test/java/org/apache/commons/configuration2/TestAbstractHierarchicalConfiguration.java,org.apache.commons.configuration2.TestAbstractHierarchicalConfiguration,testIsEmptyRootOnly/0,config,2
/home/sandro/workspace/sandro/MLCQCodeSmellSamples/scripts/../dataset/commons-configuration_34357e075d63c3634310878636f9498847badcab/src/test/java/org/apache/commons/configuration2/TestAbstractHierarchicalConfiguration.java,org.apache.commons.configuration2.TestAbstractHierarchicalConfiguration,testGetKeys/0,config,1
/home/sandro/workspace/sandro/MLCQCodeSmellSamples/scripts/../dataset/commons-configuration_34357e075d63c3634310878636f9498847badcab/src/test/java/org/apache/commons/configuration2/TestAbstractHierarchicalConfiguration.java,org.apache.commons.configuration2.TestAbstractHierarchicalConfiguration,testInterpolationMultipleLevels/0,config,1
/home/sandro/workspace/sandro/MLCQCodeSmellSamples/scripts/../dataset/commons-configuration_34357e075d63c3634310878636f9498847badcab/src/test/java/org/apache/commons/configuration2/TestAbstractHierarchicalConfiguration.java,org.apache.commons.configuration2.TestAbstractHierarchicalConfiguration,testInterpolationUnknownProperty/0,config,1
/home/sandro/workspace/sandro/MLCQCodeSmellSamples/scripts/../dataset/commons-configuration_34357e075d63c3634310878636f9498847badcab/src/test/java/org/apache/commons/configuration2/TestAbstractHierarchicalConfiguration.java,org.apache.commons.configuration2.TestAbstractHierarchicalConfiguration,testResolveNodeKeyAttribute/0,config,3
/home/sandro/workspace/sandro/MLCQCodeSmellSamples/scripts/../dataset/commons-configuration_34357e075d63c3634310878636f9498847badcab/src/main/java/org/apache/commons/configuration2/tree/NodeSelector.java,org.apache.commons.configuration2.tree.NodeSelector,subSelector/1[java.lang.String],nodeKeys,2
/home/sandro/workspace/sandro/MLCQCodeSmellSamples/scripts/../dataset/commons-configuration_34357e075d63c3634310878636f9498847badcab/src/main/java/org/apache/commons/configuration2/tree/NodeSelector.java,org.apache.commons.configuration2.tree.NodeSelector,NodeSelector/1[java.util.List<java.lang.String>],nodeKeys,1
/home/sandro/workspace/sandro/MLCQCodeSmellSamples/scripts/../dataset/commons-configuration_34357e075d63c3634310878636f9498847badcab/src/main/java/org/apache/commons/configuration2/tree/NodeSelector.java,org.apache.commons.configuration2.tree.NodeSelector,hashCode/0,nodeKeys,1
/home/sandro/workspace/sandro/MLCQCodeSmellSamples/scripts/../dataset/commons-configuration_34357e075d63c3634310878636f9498847badcab/src/main/java/org/apache/commons/configuration2/tree/NodeSelector.java,org.apache.commons.configuration2.tree.NodeSelector,"select/3[org.apache.commons.configuration2.tree.ImmutableNode,org.apache.commons.configuration2.tree.NodeKeyResolver<org.apache.commons.configuration2.tree.ImmutableNode>,org.apache.commons.configuration2.tree.NodeHandler<org.apache.commons.configuration2.tree.ImmutableNode>]",nodeKeys,1
/home/sandro/workspace/sandro/MLCQCodeSmellSamples/scripts/../dataset/commons-configuration_34357e075d63c3634310878636f9498847badcab/src/main/java/org/apache/commons/configuration2/tree/NodeSelector.java,org.apache.commons.configuration2.tree.NodeSelector,toString/0,nodeKeys,1
/home/sandro/workspace/sandro/MLCQCodeSmellSamples/scripts/../dataset/commons-configuration_34357e075d63c3634310878636f9498847badcab/src/main/java/org/apache/commons/configuration2/tree/NodeSelector.java,org.apache.commons.configuration2.tree.NodeSelector,equals/1[java.lang.Object],nodeKeys,1
/home/sandro/workspace/sandro/MLCQCodeSmellSamples/scripts/../dataset/commons-configuration_34357e075d63c3634310878636f9498847badcab/src/test/java/org/apache/commons/configuration2/plist/AbstractTestPListEvents.java,org.apache.commons.configuration2.plist.AbstractTestPListEvents,testAddByteArrayPropertyEvent/0,TEST_DATA,3
/home/sandro/workspace/sandro/MLCQCodeSmellSamples/scripts/../dataset/commons-configuration_34357e075d63c3634310878636f9498847badcab/src/test/java/org/apache/commons/configuration2/plist/AbstractTestPListEvents.java,org.apache.commons.configuration2.plist.AbstractTestPListEvents,testAddByteArrayPropertyEvent/0,TEST_PROPBYTE,3
/home/sandro/workspace/sandro/MLCQCodeSmellSamples/scripts/../dataset/commons-configuration_34357e075d63c3634310878636f9498847badcab/src/test/java/org/apache/commons/configuration2/plist/AbstractTestPListEvents.java,org.apache.commons.configuration2.plist.AbstractTestPListEvents,testSetByteArrayPropertyEvent/0,TEST_DATA,3
/home/sandro/workspace/sandro/MLCQCodeSmellSamples/scripts/../dataset/commons-configuration_34357e075d63c3634310878636f9498847badcab/src/test/java/org/apache/commons/configuration2/plist/AbstractTestPListEvents.java,org.apache.commons.configuration2.plist.AbstractTestPListEvents,testSetByteArrayPropertyEvent/0,TEST_PROPBYTE,3
/home/sandro/workspace/sandro/MLCQCodeSmellSamples/scripts/../dataset/commons-configuration_34357e075d63c3634310878636f9498847badcab/src/test/java/org/apache/commons/configuration2/sync/TestReadWriteSynchronizer.java,org.apache.commons.configuration2.sync.TestReadWriteSynchronizer,testSynchronizerInAction/0,TOTAL_MONEY,3
/home/sandro/workspace/sandro/MLCQCodeSmellSamples/scripts/../dataset/commons-configuration_34357e075d63c3634310878636f9498847badcab/src/main/java/org/apache/commons/configuration2/ConfigurationMap.java,org.apache.commons.configuration2.ConfigurationMap$ConfigurationSet$Entry,setValue/1[java.lang.Object],key,1
/home/sandro/workspace/sandro/MLCQCodeSmellSamples/scripts/../dataset/commons-configuration_34357e075d63c3634310878636f9498847badcab/src/main/java/org/apache/commons/configuration2/ConfigurationMap.java,org.apache.commons.configuration2.ConfigurationMap$ConfigurationSet$Entry,Entry/1[java.lang.Object],key,3
/home/sandro/workspace/sandro/MLCQCodeSmellSamples/scripts/../dataset/commons-configuration_34357e075d63c3634310878636f9498847badcab/src/main/java/org/apache/commons/configuration2/ConfigurationMap.java,org.apache.commons.configuration2.ConfigurationMap$ConfigurationSet$Entry,getKey/0,key,1
/home/sandro/workspace/sandro/MLCQCodeSmellSamples/scripts/../dataset/commons-configuration_34357e075d63c3634310878636f9498847badcab/src/main/java/org/apache/commons/configuration2/ConfigurationMap.java,org.apache.commons.configuration2.ConfigurationMap$ConfigurationSet$Entry,getValue/0,key,1
/home/sandro/workspace/sandro/MLCQCodeSmellSamples/scripts/../dataset/commons-configuration_34357e075d63c3634310878636f9498847badcab/src/main/java/org/apache/commons/configuration2/beanutils/XMLBeanDeclaration.java,org.apache.commons.configuration2.beanutils.XMLBeanDeclaration,getConstructorArgs/0,ELEM_CTOR_ARG,1
/home/sandro/workspace/sandro/MLCQCodeSmellSamples/scripts/../dataset/commons-configuration_34357e075d63c3634310878636f9498847badcab/src/main/java/org/apache/commons/configuration2/beanutils/XMLBeanDeclaration.java,org.apache.commons.configuration2.beanutils.XMLBeanDeclaration,"XMLBeanDeclaration/4[org.apache.commons.configuration2.HierarchicalConfiguration<T>,java.lang.String,boolean,java.lang.String]",node,1
/home/sandro/workspace/sandro/MLCQCodeSmellSamples/scripts/../dataset/commons-configuration_34357e075d63c3634310878636f9498847badcab/src/main/java/org/apache/commons/configuration2/beanutils/XMLBeanDeclaration.java,org.apache.commons.configuration2.beanutils.XMLBeanDeclaration,"XMLBeanDeclaration/4[org.apache.commons.configuration2.HierarchicalConfiguration<T>,java.lang.String,boolean,java.lang.String]",configuration,1
/home/sandro/workspace/sandro/MLCQCodeSmellSamples/scripts/../dataset/commons-configuration_34357e075d63c3634310878636f9498847badcab/src/main/java/org/apache/commons/configuration2/beanutils/XMLBeanDeclaration.java,org.apache.commons.configuration2.beanutils.XMLBeanDeclaration,"XMLBeanDeclaration/4[org.apache.commons.configuration2.HierarchicalConfiguration<T>,java.lang.String,boolean,java.lang.String]",defaultBeanClassName,1
/home/sandro/workspace/sandro/MLCQCodeSmellSamples/scripts/../dataset/commons-configuration_34357e075d63c3634310878636f9498847badcab/src/main/java/org/apache/commons/configuration2/beanutils/XMLBeanDeclaration.java,org.apache.commons.configuration2.beanutils.XMLBeanDeclaration,"XMLBeanDeclaration/2[org.apache.commons.configuration2.HierarchicalConfiguration<?>,org.apache.commons.configuration2.beanutils.XMLBeanDeclaration.NodeData<?>]",node,4
/home/sandro/workspace/sandro/MLCQCodeSmellSamples/scripts/../dataset/commons-configuration_34357e075d63c3634310878636f9498847badcab/src/main/java/org/apache/commons/configuration2/beanutils/XMLBeanDeclaration.java,org.apache.commons.configuration2.beanutils.XMLBeanDeclaration,"XMLBeanDeclaration/2[org.apache.commons.configuration2.HierarchicalConfiguration<?>,org.apache.commons.configuration2.beanutils.XMLBeanDeclaration.NodeData<?>]",configuration,1
/home/sandro/workspace/sandro/MLCQCodeSmellSamples/scripts/../dataset/commons-configuration_34357e075d63c3634310878636f9498847badcab/src/main/java/org/apache/commons/configuration2/beanutils/XMLBeanDeclaration.java,org.apache.commons.configuration2.beanutils.XMLBeanDeclaration,"XMLBeanDeclaration/2[org.apache.commons.configuration2.HierarchicalConfiguration<?>,org.apache.commons.configuration2.beanutils.XMLBeanDeclaration.NodeData<?>]",defaultBeanClassName,1
/home/sandro/workspace/sandro/MLCQCodeSmellSamples/scripts/../dataset/commons-configuration_34357e075d63c3634310878636f9498847badcab/src/main/java/org/apache/commons/configuration2/beanutils/XMLBeanDeclaration.java,org.apache.commons.configuration2.beanutils.XMLBeanDeclaration,getBeanFactoryName/0,ATTR_BEAN_FACTORY,1
/home/sandro/workspace/sandro/MLCQCodeSmellSamples/scripts/../dataset/commons-configuration_34357e075d63c3634310878636f9498847badcab/src/main/java/org/apache/commons/configuration2/beanutils/XMLBeanDeclaration.java,org.apache.commons.configuration2.beanutils.XMLBeanDeclaration,createBeanDeclaration/1[org.apache.commons.configuration2.beanutils.XMLBeanDeclaration.NodeData<?>],node,6
/home/sandro/workspace/sandro/MLCQCodeSmellSamples/scripts/../dataset/commons-configuration_34357e075d63c3634310878636f9498847badcab/src/main/java/org/apache/commons/configuration2/beanutils/XMLBeanDeclaration.java,org.apache.commons.configuration2.beanutils.XMLBeanDeclaration,isReservedName/1[java.lang.String],RESERVED_PREFIX,1
/home/sandro/workspace/sandro/MLCQCodeSmellSamples/scripts/../dataset/commons-configuration_34357e075d63c3634310878636f9498847badcab/src/main/java/org/apache/commons/configuration2/beanutils/XMLBeanDeclaration.java,org.apache.commons.configuration2.beanutils.XMLBeanDeclaration,createConstructorArg/1[org.apache.commons.configuration2.beanutils.XMLBeanDeclaration.NodeData<?>],ATTR_CTOR_TYPE,1
/home/sandro/workspace/sandro/MLCQCodeSmellSamples/scripts/../dataset/commons-configuration_34357e075d63c3634310878636f9498847badcab/src/main/java/org/apache/commons/configuration2/beanutils/XMLBeanDeclaration.java,org.apache.commons.configuration2.beanutils.XMLBeanDeclaration,createConstructorArg/1[org.apache.commons.configuration2.beanutils.XMLBeanDeclaration.NodeData<?>],ATTR_CTOR_VALUE,1
/home/sandro/workspace/sandro/MLCQCodeSmellSamples/scripts/../dataset/commons-configuration_34357e075d63c3634310878636f9498847badcab/src/main/java/org/apache/commons/configuration2/beanutils/XMLBeanDeclaration.java,org.apache.commons.configuration2.beanutils.XMLBeanDeclaration,getNode/0,node,1
/home/sandro/workspace/sandro/MLCQCodeSmellSamples/scripts/../dataset/commons-configuration_34357e075d63c3634310878636f9498847badcab/src/main/java/org/apache/commons/configuration2/beanutils/XMLBeanDeclaration.java,org.apache.commons.configuration2.beanutils.XMLBeanDeclaration,getBeanFactoryParameter/0,ATTR_FACTORY_PARAM,1
/home/sandro/workspace/sandro/MLCQCodeSmellSamples/scripts/../dataset/commons-configuration_34357e075d63c3634310878636f9498847badcab/src/main/java/org/apache/commons/configuration2/beanutils/XMLBeanDeclaration.java,org.apache.commons.configuration2.beanutils.XMLBeanDeclaration,getConfiguration/0,configuration,1
/home/sandro/workspace/sandro/MLCQCodeSmellSamples/scripts/../dataset/commons-configuration_34357e075d63c3634310878636f9498847badcab/src/main/java/org/apache/commons/configuration2/beanutils/XMLBeanDeclaration.java,org.apache.commons.configuration2.beanutils.XMLBeanDeclaration,getBeanClassName/0,ATTR_BEAN_CLASS,1
/home/sandro/workspace/sandro/MLCQCodeSmellSamples/scripts/../dataset/commons-configuration_34357e075d63c3634310878636f9498847badcab/src/main/java/org/apache/commons/configuration2/beanutils/XMLBeanDeclaration.java,org.apache.commons.configuration2.beanutils.XMLBeanDeclaration,isBeanDeclarationArgument/1[org.apache.commons.configuration2.beanutils.XMLBeanDeclaration.NodeData<?>],ATTR_BEAN_CLASS_NAME,1
/home/sandro/workspace/sandro/MLCQCodeSmellSamples/scripts/../dataset/commons-configuration_34357e075d63c3634310878636f9498847badcab/src/main/java/org/apache/commons/configuration2/beanutils/XMLBeanDeclaration.java,org.apache.commons.configuration2.beanutils.XMLBeanDeclaration,getDefaultBeanClassName/0,defaultBeanClassName,1
/home/sandro/workspace/sandro/MLCQCodeSmellSamples/scripts/../dataset/commons-configuration_34357e075d63c3634310878636f9498847badcab/src/main/java/org/apache/commons/configuration2/tree/DefaultConfigurationKey.java,org.apache.commons.configuration2.tree.DefaultConfigurationKey,getExpressionEngine/0,expressionEngine,1
/home/sandro/workspace/sandro/MLCQCodeSmellSamples/scripts/../dataset/commons-configuration_34357e075d63c3634310878636f9498847badcab/src/main/java/org/apache/commons/configuration2/tree/DefaultConfigurationKey.java,org.apache.commons.configuration2.tree.DefaultConfigurationKey,length/0,keyBuffer,1
/home/sandro/workspace/sandro/MLCQCodeSmellSamples/scripts/../dataset/commons-configuration_34357e075d63c3634310878636f9498847badcab/src/main/java/org/apache/commons/configuration2/tree/DefaultConfigurationKey.java,org.apache.commons.configuration2.tree.DefaultConfigurationKey,setLength/1[int],keyBuffer,1
/home/sandro/workspace/sandro/MLCQCodeSmellSamples/scripts/../dataset/commons-configuration_34357e075d63c3634310878636f9498847badcab/src/main/java/org/apache/commons/configuration2/tree/DefaultConfigurationKey.java,org.apache.commons.configuration2.tree.DefaultConfigurationKey,"append/2[java.lang.String,boolean]",keyBuffer,3
/home/sandro/workspace/sandro/MLCQCodeSmellSamples/scripts/../dataset/commons-configuration_34357e075d63c3634310878636f9498847badcab/src/main/java/org/apache/commons/configuration2/tree/DefaultConfigurationKey.java,org.apache.commons.configuration2.tree.DefaultConfigurationKey,equals/1[java.lang.Object],keyBuffer,1
/home/sandro/workspace/sandro/MLCQCodeSmellSamples/scripts/../dataset/commons-configuration_34357e075d63c3634310878636f9498847badcab/src/main/java/org/apache/commons/configuration2/tree/DefaultConfigurationKey.java,org.apache.commons.configuration2.tree.DefaultConfigurationKey,hashCode/0,keyBuffer,1
/home/sandro/workspace/sandro/MLCQCodeSmellSamples/scripts/../dataset/commons-configuration_34357e075d63c3634310878636f9498847badcab/src/main/java/org/apache/commons/configuration2/tree/DefaultConfigurationKey.java,org.apache.commons.configuration2.tree.DefaultConfigurationKey,appendIndex/1[int],keyBuffer,3
/home/sandro/workspace/sandro/MLCQCodeSmellSamples/scripts/../dataset/commons-configuration_34357e075d63c3634310878636f9498847badcab/src/main/java/org/apache/commons/configuration2/tree/DefaultConfigurationKey.java,org.apache.commons.configuration2.tree.DefaultConfigurationKey,"DefaultConfigurationKey/2[org.apache.commons.configuration2.tree.DefaultExpressionEngine,java.lang.String]",INITIAL_SIZE,1
/home/sandro/workspace/sandro/MLCQCodeSmellSamples/scripts/../dataset/commons-configuration_34357e075d63c3634310878636f9498847badcab/src/main/java/org/apache/commons/configuration2/tree/DefaultConfigurationKey.java,org.apache.commons.configuration2.tree.DefaultConfigurationKey,"DefaultConfigurationKey/2[org.apache.commons.configuration2.tree.DefaultExpressionEngine,java.lang.String]",expressionEngine,1
/home/sandro/workspace/sandro/MLCQCodeSmellSamples/scripts/../dataset/commons-configuration_34357e075d63c3634310878636f9498847badcab/src/main/java/org/apache/commons/configuration2/tree/DefaultConfigurationKey.java,org.apache.commons.configuration2.tree.DefaultConfigurationKey,"DefaultConfigurationKey/2[org.apache.commons.configuration2.tree.DefaultExpressionEngine,java.lang.String]",keyBuffer,2
/home/sandro/workspace/sandro/MLCQCodeSmellSamples/scripts/../dataset/commons-configuration_34357e075d63c3634310878636f9498847badcab/src/main/java/org/apache/commons/configuration2/tree/DefaultConfigurationKey.java,org.apache.commons.configuration2.tree.DefaultConfigurationKey,appendAttribute/1[java.lang.String],keyBuffer,1
/home/sandro/workspace/sandro/MLCQCodeSmellSamples/scripts/../dataset/commons-configuration_34357e075d63c3634310878636f9498847badcab/src/main/java/org/apache/commons/configuration2/tree/DefaultConfigurationKey.java,org.apache.commons.configuration2.tree.DefaultConfigurationKey,toString/0,keyBuffer,1
/home/sandro/workspace/sandro/MLCQCodeSmellSamples/scripts/../dataset/commons-configuration_34357e075d63c3634310878636f9498847badcab/src/test/java/org/apache/commons/configuration2/TestMapConfiguration.java,org.apache.commons.configuration2.TestMapConfiguration,testGetPropertyTrim/0,SPACE_VALUE,1
/home/sandro/workspace/sandro/MLCQCodeSmellSamples/scripts/../dataset/commons-configuration_34357e075d63c3634310878636f9498847badcab/src/test/java/org/apache/commons/configuration2/TestMapConfiguration.java,org.apache.commons.configuration2.TestMapConfiguration,testGetPropertyTrim/0,TRIM_VALUE,1
/home/sandro/workspace/sandro/MLCQCodeSmellSamples/scripts/../dataset/commons-configuration_34357e075d63c3634310878636f9498847badcab/src/test/java/org/apache/commons/configuration2/TestMapConfiguration.java,org.apache.commons.configuration2.TestMapConfiguration,testGetPropertyTrim/0,KEY,2
/home/sandro/workspace/sandro/MLCQCodeSmellSamples/scripts/../dataset/commons-configuration_34357e075d63c3634310878636f9498847badcab/src/test/java/org/apache/commons/configuration2/TestMapConfiguration.java,org.apache.commons.configuration2.TestMapConfiguration,getConfiguration/0,KEY,1
/home/sandro/workspace/sandro/MLCQCodeSmellSamples/scripts/../dataset/commons-configuration_34357e075d63c3634310878636f9498847badcab/src/test/java/org/apache/commons/configuration2/TestMapConfiguration.java,org.apache.commons.configuration2.TestMapConfiguration,testGetPropertyTrimDisabled/0,SPACE_VALUE,2
/home/sandro/workspace/sandro/MLCQCodeSmellSamples/scripts/../dataset/commons-configuration_34357e075d63c3634310878636f9498847badcab/src/test/java/org/apache/commons/configuration2/TestMapConfiguration.java,org.apache.commons.configuration2.TestMapConfiguration,testGetPropertyTrimDisabled/0,KEY,2
/home/sandro/workspace/sandro/MLCQCodeSmellSamples/scripts/../dataset/commons-configuration_34357e075d63c3634310878636f9498847badcab/src/test/java/org/apache/commons/configuration2/TestMapConfiguration.java,org.apache.commons.configuration2.TestMapConfiguration,testAddProperty/0,TRIM_VALUE,1
/home/sandro/workspace/sandro/MLCQCodeSmellSamples/scripts/../dataset/commons-configuration_34357e075d63c3634310878636f9498847badcab/src/test/java/org/apache/commons/configuration2/TestMapConfiguration.java,org.apache.commons.configuration2.TestMapConfiguration,testAddProperty/0,KEY,3
/home/sandro/workspace/sandro/MLCQCodeSmellSamples/scripts/../dataset/commons-configuration_34357e075d63c3634310878636f9498847badcab/src/test/java/org/apache/commons/configuration2/TestMapConfiguration.java,org.apache.commons.configuration2.TestMapConfiguration,testGetPropertyTrimNoSplit/0,SPACE_VALUE,2
/home/sandro/workspace/sandro/MLCQCodeSmellSamples/scripts/../dataset/commons-configuration_34357e075d63c3634310878636f9498847badcab/src/test/java/org/apache/commons/configuration2/TestMapConfiguration.java,org.apache.commons.configuration2.TestMapConfiguration,testGetPropertyTrimNoSplit/0,KEY,2
/home/sandro/workspace/sandro/MLCQCodeSmellSamples/scripts/../dataset/commons-configuration_34357e075d63c3634310878636f9498847badcab/src/test/java/org/apache/commons/configuration2/reloading/TestCombinedReloadingController.java,org.apache.commons.configuration2.reloading.TestCombinedReloadingController,initSubControllers/0,subControllers,2
/home/sandro/workspace/sandro/MLCQCodeSmellSamples/scripts/../dataset/commons-configuration_34357e075d63c3634310878636f9498847badcab/src/test/java/org/apache/commons/configuration2/reloading/TestCombinedReloadingController.java,org.apache.commons.configuration2.reloading.TestCombinedReloadingController,setUpController/0,subControllers,1
/home/sandro/workspace/sandro/MLCQCodeSmellSamples/scripts/../dataset/commons-configuration_34357e075d63c3634310878636f9498847badcab/src/test/java/org/apache/commons/configuration2/reloading/TestCombinedReloadingController.java,org.apache.commons.configuration2.reloading.TestCombinedReloadingController,testGetSubControllers/0,subControllers,1
/home/sandro/workspace/sandro/MLCQCodeSmellSamples/scripts/../dataset/commons-configuration_34357e075d63c3634310878636f9498847badcab/src/test/java/org/apache/commons/configuration2/reloading/TestCombinedReloadingController.java,org.apache.commons.configuration2.reloading.TestCombinedReloadingController,verifySubSontrollers/0,subControllers,1
/home/sandro/workspace/sandro/MLCQCodeSmellSamples/scripts/../dataset/commons-configuration_34357e075d63c3634310878636f9498847badcab/src/test/java/org/apache/commons/configuration2/reloading/TestCombinedReloadingController.java,org.apache.commons.configuration2.reloading.TestCombinedReloadingController,testResetReloadingState/0,subControllers,4
/home/sandro/workspace/sandro/MLCQCodeSmellSamples/scripts/../dataset/commons-configuration_34357e075d63c3634310878636f9498847badcab/src/test/java/org/apache/commons/configuration2/reloading/TestCombinedReloadingController.java,org.apache.commons.configuration2.reloading.TestCombinedReloadingController,testCheckForReloadingFalse/0,subControllers,1
/home/sandro/workspace/sandro/MLCQCodeSmellSamples/scripts/../dataset/commons-configuration_34357e075d63c3634310878636f9498847badcab/src/test/java/org/apache/commons/configuration2/reloading/TestCombinedReloadingController.java,org.apache.commons.configuration2.reloading.TestCombinedReloadingController,testResetInitialReloadingState/0,subControllers,1
/home/sandro/workspace/sandro/MLCQCodeSmellSamples/scripts/../dataset/commons-configuration_34357e075d63c3634310878636f9498847badcab/src/test/java/org/apache/commons/configuration2/reloading/TestCombinedReloadingController.java,org.apache.commons.configuration2.reloading.TestCombinedReloadingController,replaySubControllers/0,subControllers,1
/home/sandro/workspace/sandro/MLCQCodeSmellSamples/scripts/../dataset/commons-configuration_34357e075d63c3634310878636f9498847badcab/src/test/java/org/apache/commons/configuration2/reloading/TestCombinedReloadingController.java,org.apache.commons.configuration2.reloading.TestCombinedReloadingController,testInitNullEntries/0,subControllers,1
/home/sandro/workspace/sandro/MLCQCodeSmellSamples/scripts/../dataset/commons-configuration_34357e075d63c3634310878636f9498847badcab/src/test/java/org/apache/commons/configuration2/reloading/TestCombinedReloadingController.java,org.apache.commons.configuration2.reloading.TestCombinedReloadingController,testCheckForReloadingTrue/0,subControllers,3
/home/sandro/workspace/sandro/MLCQCodeSmellSamples/scripts/../dataset/commons-configuration_34357e075d63c3634310878636f9498847badcab/src/test/java/org/apache/commons/configuration2/reloading/TestVFSFileHandlerReloadingDetector.java,org.apache.commons.configuration2.reloading.TestVFSFileHandlerReloadingDetector,testLastModificationDateExisting/0,folder,1
/home/sandro/workspace/sandro/MLCQCodeSmellSamples/scripts/../dataset/commons-configuration_34357e075d63c3634310878636f9498847badcab/src/test/java/org/apache/commons/configuration2/reloading/TestVFSFileHandlerReloadingDetector.java,org.apache.commons.configuration2.reloading.TestVFSFileHandlerReloadingDetector,"writeTestFile/2[java.io.File,java.lang.String]",FMT_XML,1
/home/sandro/workspace/sandro/MLCQCodeSmellSamples/scripts/../dataset/commons-configuration_34357e075d63c3634310878636f9498847badcab/src/main/java/org/apache/commons/configuration2/DataConfiguration.java,org.apache.commons.configuration2.DataConfiguration,getDateArray/1[java.lang.String],DEFAULT_DATE_FORMAT,1
/home/sandro/workspace/sandro/MLCQCodeSmellSamples/scripts/../dataset/commons-configuration_34357e075d63c3634310878636f9498847badcab/src/main/java/org/apache/commons/configuration2/DataConfiguration.java,org.apache.commons.configuration2.DataConfiguration,getDateArray/1[java.lang.String],DATE_FORMAT_KEY,1
/home/sandro/workspace/sandro/MLCQCodeSmellSamples/scripts/../dataset/commons-configuration_34357e075d63c3634310878636f9498847badcab/src/main/java/org/apache/commons/configuration2/DataConfiguration.java,org.apache.commons.configuration2.DataConfiguration,"addPropertyDirect/2[java.lang.String,java.lang.Object]",configuration,3
/home/sandro/workspace/sandro/MLCQCodeSmellSamples/scripts/../dataset/commons-configuration_34357e075d63c3634310878636f9498847badcab/src/main/java/org/apache/commons/configuration2/DataConfiguration.java,org.apache.commons.configuration2.DataConfiguration,"getCalendarArray/3[java.lang.String,java.util.Calendar[],java.lang.String]",TEMP_DATE_FORMAT,2
/home/sandro/workspace/sandro/MLCQCodeSmellSamples/scripts/../dataset/commons-configuration_34357e075d63c3634310878636f9498847badcab/src/main/java/org/apache/commons/configuration2/DataConfiguration.java,org.apache.commons.configuration2.DataConfiguration,clearPropertyDirect/1[java.lang.String],configuration,1
/home/sandro/workspace/sandro/MLCQCodeSmellSamples/scripts/../dataset/commons-configuration_34357e075d63c3634310878636f9498847badcab/src/main/java/org/apache/commons/configuration2/DataConfiguration.java,org.apache.commons.configuration2.DataConfiguration,getCalendar/1[java.lang.String],DEFAULT_DATE_FORMAT,1
/home/sandro/workspace/sandro/MLCQCodeSmellSamples/scripts/../dataset/commons-configuration_34357e075d63c3634310878636f9498847badcab/src/main/java/org/apache/commons/configuration2/DataConfiguration.java,org.apache.commons.configuration2.DataConfiguration,getCalendar/1[java.lang.String],DATE_FORMAT_KEY,1
/home/sandro/workspace/sandro/MLCQCodeSmellSamples/scripts/../dataset/commons-configuration_34357e075d63c3634310878636f9498847badcab/src/main/java/org/apache/commons/configuration2/DataConfiguration.java,org.apache.commons.configuration2.DataConfiguration,isEmptyInternal/0,configuration,1
/home/sandro/workspace/sandro/MLCQCodeSmellSamples/scripts/../dataset/commons-configuration_34357e075d63c3634310878636f9498847badcab/src/main/java/org/apache/commons/configuration2/DataConfiguration.java,org.apache.commons.configuration2.DataConfiguration,getConversionHandler/0,dataConversionHandler,1
/home/sandro/workspace/sandro/MLCQCodeSmellSamples/scripts/../dataset/commons-configuration_34357e075d63c3634310878636f9498847badcab/src/main/java/org/apache/commons/configuration2/DataConfiguration.java,org.apache.commons.configuration2.DataConfiguration,getCalendarList/1[java.lang.String],DEFAULT_DATE_FORMAT,1
/home/sandro/workspace/sandro/MLCQCodeSmellSamples/scripts/../dataset/commons-configuration_34357e075d63c3634310878636f9498847badcab/src/main/java/org/apache/commons/configuration2/DataConfiguration.java,org.apache.commons.configuration2.DataConfiguration,getCalendarList/1[java.lang.String],DATE_FORMAT_KEY,1
/home/sandro/workspace/sandro/MLCQCodeSmellSamples/scripts/../dataset/commons-configuration_34357e075d63c3634310878636f9498847badcab/src/main/java/org/apache/commons/configuration2/DataConfiguration.java,org.apache.commons.configuration2.DataConfiguration,"getDateArray/2[java.lang.String,java.util.Date[]]",DEFAULT_DATE_FORMAT,1
/home/sandro/workspace/sandro/MLCQCodeSmellSamples/scripts/../dataset/commons-configuration_34357e075d63c3634310878636f9498847badcab/src/main/java/org/apache/commons/configuration2/DataConfiguration.java,org.apache.commons.configuration2.DataConfiguration,"getDateArray/2[java.lang.String,java.util.Date[]]",DATE_FORMAT_KEY,1
/home/sandro/workspace/sandro/MLCQCodeSmellSamples/scripts/../dataset/commons-configuration_34357e075d63c3634310878636f9498847badcab/src/main/java/org/apache/commons/configuration2/DataConfiguration.java,org.apache.commons.configuration2.DataConfiguration,"getCalendarArray/2[java.lang.String,java.util.Calendar[]]",DEFAULT_DATE_FORMAT,1
/home/sandro/workspace/sandro/MLCQCodeSmellSamples/scripts/../dataset/commons-configuration_34357e075d63c3634310878636f9498847badcab/src/main/java/org/apache/commons/configuration2/DataConfiguration.java,org.apache.commons.configuration2.DataConfiguration,"getCalendarArray/2[java.lang.String,java.util.Calendar[]]",DATE_FORMAT_KEY,1
/home/sandro/workspace/sandro/MLCQCodeSmellSamples/scripts/../dataset/commons-configuration_34357e075d63c3634310878636f9498847badcab/src/main/java/org/apache/commons/configuration2/DataConfiguration.java,org.apache.commons.configuration2.DataConfiguration,"getDateArray/3[java.lang.String,java.util.Date[],java.lang.String]",TEMP_DATE_FORMAT,2
/home/sandro/workspace/sandro/MLCQCodeSmellSamples/scripts/../dataset/commons-configuration_34357e075d63c3634310878636f9498847badcab/src/main/java/org/apache/commons/configuration2/DataConfiguration.java,org.apache.commons.configuration2.DataConfiguration,getCalendarArray/1[java.lang.String],DEFAULT_DATE_FORMAT,1
/home/sandro/workspace/sandro/MLCQCodeSmellSamples/scripts/../dataset/commons-configuration_34357e075d63c3634310878636f9498847badcab/src/main/java/org/apache/commons/configuration2/DataConfiguration.java,org.apache.commons.configuration2.DataConfiguration,getCalendarArray/1[java.lang.String],DATE_FORMAT_KEY,1
/home/sandro/workspace/sandro/MLCQCodeSmellSamples/scripts/../dataset/commons-configuration_34357e075d63c3634310878636f9498847badcab/src/main/java/org/apache/commons/configuration2/DataConfiguration.java,org.apache.commons.configuration2.DataConfiguration,DataConfiguration/1[org.apache.commons.configuration2.Configuration],dataConversionHandler,1
/home/sandro/workspace/sandro/MLCQCodeSmellSamples/scripts/../dataset/commons-configuration_34357e075d63c3634310878636f9498847badcab/src/main/java/org/apache/commons/configuration2/DataConfiguration.java,org.apache.commons.configuration2.DataConfiguration,DataConfiguration/1[org.apache.commons.configuration2.Configuration],configuration,4
/home/sandro/workspace/sandro/MLCQCodeSmellSamples/scripts/../dataset/commons-configuration_34357e075d63c3634310878636f9498847badcab/src/main/java/org/apache/commons/configuration2/DataConfiguration.java,org.apache.commons.configuration2.DataConfiguration,"getCalendarList/3[java.lang.String,java.util.List<java.util.Calendar>,java.lang.String]",TEMP_DATE_FORMAT,2
/home/sandro/workspace/sandro/MLCQCodeSmellSamples/scripts/../dataset/commons-configuration_34357e075d63c3634310878636f9498847badcab/src/main/java/org/apache/commons/configuration2/DataConfiguration.java,org.apache.commons.configuration2.DataConfiguration,"setPropertyInternal/2[java.lang.String,java.lang.Object]",configuration,1
/home/sandro/workspace/sandro/MLCQCodeSmellSamples/scripts/../dataset/commons-configuration_34357e075d63c3634310878636f9498847badcab/src/main/java/org/apache/commons/configuration2/DataConfiguration.java,org.apache.commons.configuration2.DataConfiguration,getDate/1[java.lang.String],DEFAULT_DATE_FORMAT,1
/home/sandro/workspace/sandro/MLCQCodeSmellSamples/scripts/../dataset/commons-configuration_34357e075d63c3634310878636f9498847badcab/src/main/java/org/apache/commons/configuration2/DataConfiguration.java,org.apache.commons.configuration2.DataConfiguration,getDate/1[java.lang.String],DATE_FORMAT_KEY,1
/home/sandro/workspace/sandro/MLCQCodeSmellSamples/scripts/../dataset/commons-configuration_34357e075d63c3634310878636f9498847badcab/src/main/java/org/apache/commons/configuration2/DataConfiguration.java,org.apache.commons.configuration2.DataConfiguration,"addPropertyInternal/2[java.lang.String,java.lang.Object]",configuration,1
/home/sandro/workspace/sandro/MLCQCodeSmellSamples/scripts/../dataset/commons-configuration_34357e075d63c3634310878636f9498847badcab/src/main/java/org/apache/commons/configuration2/DataConfiguration.java,org.apache.commons.configuration2.DataConfiguration,"getDate/2[java.lang.String,java.util.Date]",DEFAULT_DATE_FORMAT,1
/home/sandro/workspace/sandro/MLCQCodeSmellSamples/scripts/../dataset/commons-configuration_34357e075d63c3634310878636f9498847badcab/src/main/java/org/apache/commons/configuration2/DataConfiguration.java,org.apache.commons.configuration2.DataConfiguration,"getDate/2[java.lang.String,java.util.Date]",DATE_FORMAT_KEY,1
/home/sandro/workspace/sandro/MLCQCodeSmellSamples/scripts/../dataset/commons-configuration_34357e075d63c3634310878636f9498847badcab/src/main/java/org/apache/commons/configuration2/DataConfiguration.java,org.apache.commons.configuration2.DataConfiguration,"getDate/3[java.lang.String,java.util.Date,java.lang.String]",TEMP_DATE_FORMAT,2
/home/sandro/workspace/sandro/MLCQCodeSmellSamples/scripts/../dataset/commons-configuration_34357e075d63c3634310878636f9498847badcab/src/main/java/org/apache/commons/configuration2/DataConfiguration.java,org.apache.commons.configuration2.DataConfiguration,getKeysInternal/0,configuration,1
/home/sandro/workspace/sandro/MLCQCodeSmellSamples/scripts/../dataset/commons-configuration_34357e075d63c3634310878636f9498847badcab/src/main/java/org/apache/commons/configuration2/DataConfiguration.java,org.apache.commons.configuration2.DataConfiguration,"getDateList/3[java.lang.String,java.util.List<java.util.Date>,java.lang.String]",TEMP_DATE_FORMAT,2
/home/sandro/workspace/sandro/MLCQCodeSmellSamples/scripts/../dataset/commons-configuration_34357e075d63c3634310878636f9498847badcab/src/main/java/org/apache/commons/configuration2/DataConfiguration.java,org.apache.commons.configuration2.DataConfiguration,getDefaultDateFormat/0,DEFAULT_DATE_FORMAT,1
/home/sandro/workspace/sandro/MLCQCodeSmellSamples/scripts/../dataset/commons-configuration_34357e075d63c3634310878636f9498847badcab/src/main/java/org/apache/commons/configuration2/DataConfiguration.java,org.apache.commons.configuration2.DataConfiguration,getDefaultDateFormat/0,DATE_FORMAT_KEY,1
/home/sandro/workspace/sandro/MLCQCodeSmellSamples/scripts/../dataset/commons-configuration_34357e075d63c3634310878636f9498847badcab/src/main/java/org/apache/commons/configuration2/DataConfiguration.java,org.apache.commons.configuration2.DataConfiguration,getConfiguration/0,configuration,1
/home/sandro/workspace/sandro/MLCQCodeSmellSamples/scripts/../dataset/commons-configuration_34357e075d63c3634310878636f9498847badcab/src/main/java/org/apache/commons/configuration2/DataConfiguration.java,org.apache.commons.configuration2.DataConfiguration,getPropertyInternal/1[java.lang.String],configuration,1
/home/sandro/workspace/sandro/MLCQCodeSmellSamples/scripts/../dataset/commons-configuration_34357e075d63c3634310878636f9498847badcab/src/main/java/org/apache/commons/configuration2/DataConfiguration.java,org.apache.commons.configuration2.DataConfiguration,"getCalendar/2[java.lang.String,java.util.Calendar]",DEFAULT_DATE_FORMAT,1
/home/sandro/workspace/sandro/MLCQCodeSmellSamples/scripts/../dataset/commons-configuration_34357e075d63c3634310878636f9498847badcab/src/main/java/org/apache/commons/configuration2/DataConfiguration.java,org.apache.commons.configuration2.DataConfiguration,"getCalendar/2[java.lang.String,java.util.Calendar]",DATE_FORMAT_KEY,1
/home/sandro/workspace/sandro/MLCQCodeSmellSamples/scripts/../dataset/commons-configuration_34357e075d63c3634310878636f9498847badcab/src/main/java/org/apache/commons/configuration2/DataConfiguration.java,org.apache.commons.configuration2.DataConfiguration,"getDateList/2[java.lang.String,java.util.List<java.util.Date>]",DEFAULT_DATE_FORMAT,1
/home/sandro/workspace/sandro/MLCQCodeSmellSamples/scripts/../dataset/commons-configuration_34357e075d63c3634310878636f9498847badcab/src/main/java/org/apache/commons/configuration2/DataConfiguration.java,org.apache.commons.configuration2.DataConfiguration,"getDateList/2[java.lang.String,java.util.List<java.util.Date>]",DATE_FORMAT_KEY,1
/home/sandro/workspace/sandro/MLCQCodeSmellSamples/scripts/../dataset/commons-configuration_34357e075d63c3634310878636f9498847badcab/src/main/java/org/apache/commons/configuration2/DataConfiguration.java,org.apache.commons.configuration2.DataConfiguration,"getCalendarList/2[java.lang.String,java.util.List<java.util.Calendar>]",DEFAULT_DATE_FORMAT,1
/home/sandro/workspace/sandro/MLCQCodeSmellSamples/scripts/../dataset/commons-configuration_34357e075d63c3634310878636f9498847badcab/src/main/java/org/apache/commons/configuration2/DataConfiguration.java,org.apache.commons.configuration2.DataConfiguration,"getCalendarList/2[java.lang.String,java.util.List<java.util.Calendar>]",DATE_FORMAT_KEY,1
/home/sandro/workspace/sandro/MLCQCodeSmellSamples/scripts/../dataset/commons-configuration_34357e075d63c3634310878636f9498847badcab/src/main/java/org/apache/commons/configuration2/DataConfiguration.java,org.apache.commons.configuration2.DataConfiguration,containsKeyInternal/1[java.lang.String],configuration,1
/home/sandro/workspace/sandro/MLCQCodeSmellSamples/scripts/../dataset/commons-configuration_34357e075d63c3634310878636f9498847badcab/src/main/java/org/apache/commons/configuration2/DataConfiguration.java,org.apache.commons.configuration2.DataConfiguration,"getCalendar/3[java.lang.String,java.util.Calendar,java.lang.String]",TEMP_DATE_FORMAT,2
/home/sandro/workspace/sandro/MLCQCodeSmellSamples/scripts/../dataset/commons-configuration_34357e075d63c3634310878636f9498847badcab/src/test/java/org/apache/commons/configuration2/beanutils/TestDefaultBeanFactory.java,org.apache.commons.configuration2.beanutils.TestDefaultBeanFactory$Anonymous1,createBean/1[org.apache.commons.configuration2.beanutils.BeanDeclaration],beanHelper,1
/home/sandro/workspace/sandro/MLCQCodeSmellSamples/scripts/../dataset/commons-configuration_34357e075d63c3634310878636f9498847badcab/src/test/java/org/apache/commons/configuration2/beanutils/TestDefaultBeanFactory.java,org.apache.commons.configuration2.beanutils.TestDefaultBeanFactory$Anonymous1,"initBean/2[java.lang.Object,org.apache.commons.configuration2.beanutils.BeanDeclaration]",beanHelper,1
/home/sandro/workspace/sandro/MLCQCodeSmellSamples/scripts/../dataset/commons-configuration_34357e075d63c3634310878636f9498847badcab/src/main/java/org/apache/commons/configuration2/plist/PropertyListConfiguration.java,org.apache.commons.configuration2.plist.PropertyListConfiguration,parseDate/1[java.lang.String],DATE_PARSERS,1
/home/sandro/workspace/sandro/MLCQCodeSmellSamples/scripts/../dataset/commons-configuration_34357e075d63c3634310878636f9498847badcab/src/main/java/org/apache/commons/configuration2/plist/PropertyListConfiguration.java,org.apache.commons.configuration2.plist.PropertyListConfiguration,"printNode/4[java.io.PrintWriter,int,org.apache.commons.configuration2.tree.ImmutableNode,org.apache.commons.configuration2.tree.NodeHandler<org.apache.commons.configuration2.tree.ImmutableNode>]",INDENT_SIZE,1
/home/sandro/workspace/sandro/MLCQCodeSmellSamples/scripts/../dataset/commons-configuration_34357e075d63c3634310878636f9498847badcab/src/main/java/org/apache/commons/configuration2/plist/PropertyListConfiguration.java,org.apache.commons.configuration2.plist.PropertyListConfiguration,"printValue/3[java.io.PrintWriter,int,java.lang.Object]",INDENT_SIZE,1
/home/sandro/workspace/sandro/MLCQCodeSmellSamples/scripts/../dataset/commons-configuration_34357e075d63c3634310878636f9498847badcab/src/main/java/org/apache/commons/configuration2/plist/PropertyListConfiguration.java,org.apache.commons.configuration2.plist.PropertyListConfiguration,formatDate/1[java.util.Calendar],DATE_PARSERS,1
/home/sandro/workspace/sandro/MLCQCodeSmellSamples/scripts/../dataset/commons-configuration_34357e075d63c3634310878636f9498847badcab/src/test/java/org/apache/commons/configuration2/tree/xpath/TestConfigurationIteratorAttributes.java,org.apache.commons.configuration2.tree.xpath.TestConfigurationIteratorAttributes,testIterateUnknownAttribute/0,pointer,1
/home/sandro/workspace/sandro/MLCQCodeSmellSamples/scripts/../dataset/commons-configuration_34357e075d63c3634310878636f9498847badcab/src/test/java/org/apache/commons/configuration2/tree/xpath/TestConfigurationIteratorAttributes.java,org.apache.commons.configuration2.tree.xpath.TestConfigurationIteratorAttributes,testIterateNamespaceUnknown/0,pointer,1
/home/sandro/workspace/sandro/MLCQCodeSmellSamples/scripts/../dataset/commons-configuration_34357e075d63c3634310878636f9498847badcab/src/test/java/org/apache/commons/configuration2/tree/xpath/TestConfigurationIteratorAttributes.java,org.apache.commons.configuration2.tree.xpath.TestConfigurationIteratorAttributes,testIterateAllAttributes/0,pointer,1
/home/sandro/workspace/sandro/MLCQCodeSmellSamples/scripts/../dataset/commons-configuration_34357e075d63c3634310878636f9498847badcab/src/test/java/org/apache/commons/configuration2/tree/xpath/TestConfigurationIteratorAttributes.java,org.apache.commons.configuration2.tree.xpath.TestConfigurationIteratorAttributes,testIterateAllAttributes/0,TEST_ATTR,1
/home/sandro/workspace/sandro/MLCQCodeSmellSamples/scripts/../dataset/commons-configuration_34357e075d63c3634310878636f9498847badcab/src/test/java/org/apache/commons/configuration2/tree/xpath/TestConfigurationIteratorAttributes.java,org.apache.commons.configuration2.tree.xpath.TestConfigurationIteratorAttributes,testIterateAllAttributes/0,NS_ATTR,1
/home/sandro/workspace/sandro/MLCQCodeSmellSamples/scripts/../dataset/commons-configuration_34357e075d63c3634310878636f9498847badcab/src/test/java/org/apache/commons/configuration2/tree/xpath/TestConfigurationIteratorAttributes.java,org.apache.commons.configuration2.tree.xpath.TestConfigurationIteratorAttributes,setUp/0,pointer,1
/home/sandro/workspace/sandro/MLCQCodeSmellSamples/scripts/../dataset/commons-configuration_34357e075d63c3634310878636f9498847badcab/src/test/java/org/apache/commons/configuration2/tree/xpath/TestConfigurationIteratorAttributes.java,org.apache.commons.configuration2.tree.xpath.TestConfigurationIteratorAttributes,setUp/0,TEST_ATTR,1
/home/sandro/workspace/sandro/MLCQCodeSmellSamples/scripts/../dataset/commons-configuration_34357e075d63c3634310878636f9498847badcab/src/test/java/org/apache/commons/configuration2/tree/xpath/TestConfigurationIteratorAttributes.java,org.apache.commons.configuration2.tree.xpath.TestConfigurationIteratorAttributes,setUp/0,NS_ATTR,1
/home/sandro/workspace/sandro/MLCQCodeSmellSamples/scripts/../dataset/commons-configuration_34357e075d63c3634310878636f9498847badcab/src/test/java/org/apache/commons/configuration2/tree/xpath/TestConfigurationIteratorAttributes.java,org.apache.commons.configuration2.tree.xpath.TestConfigurationIteratorAttributes,testIterateNamespaceAttribute/0,NAMESPACE,1
/home/sandro/workspace/sandro/MLCQCodeSmellSamples/scripts/../dataset/commons-configuration_34357e075d63c3634310878636f9498847badcab/src/test/java/org/apache/commons/configuration2/tree/xpath/TestConfigurationIteratorAttributes.java,org.apache.commons.configuration2.tree.xpath.TestConfigurationIteratorAttributes,testIterateNamespaceAttribute/0,pointer,1
/home/sandro/workspace/sandro/MLCQCodeSmellSamples/scripts/../dataset/commons-configuration_34357e075d63c3634310878636f9498847badcab/src/test/java/org/apache/commons/configuration2/tree/xpath/TestConfigurationIteratorAttributes.java,org.apache.commons.configuration2.tree.xpath.TestConfigurationIteratorAttributes,testIterateNamespaceAttribute/0,NS_ATTR,1
/home/sandro/workspace/sandro/MLCQCodeSmellSamples/scripts/../dataset/commons-configuration_34357e075d63c3634310878636f9498847badcab/src/test/java/org/apache/commons/configuration2/tree/xpath/TestConfigurationIteratorAttributes.java,org.apache.commons.configuration2.tree.xpath.TestConfigurationIteratorAttributes,testIterateSpecificAttribute/0,pointer,1
/home/sandro/workspace/sandro/MLCQCodeSmellSamples/scripts/../dataset/commons-configuration_34357e075d63c3634310878636f9498847badcab/src/test/java/org/apache/commons/configuration2/tree/xpath/TestConfigurationIteratorAttributes.java,org.apache.commons.configuration2.tree.xpath.TestConfigurationIteratorAttributes,testIterateSpecificAttribute/0,TEST_ATTR,2
/home/sandro/workspace/sandro/MLCQCodeSmellSamples/scripts/../dataset/commons-configuration_34357e075d63c3634310878636f9498847badcab/src/test/java/org/apache/commons/configuration2/tree/xpath/TestConfigurationIteratorAttributes.java,org.apache.commons.configuration2.tree.xpath.TestConfigurationIteratorAttributes,testIterateNamespaceWildcard/0,NAMESPACE,1
/home/sandro/workspace/sandro/MLCQCodeSmellSamples/scripts/../dataset/commons-configuration_34357e075d63c3634310878636f9498847badcab/src/test/java/org/apache/commons/configuration2/tree/xpath/TestConfigurationIteratorAttributes.java,org.apache.commons.configuration2.tree.xpath.TestConfigurationIteratorAttributes,testIterateNamespaceWildcard/0,pointer,1
/home/sandro/workspace/sandro/MLCQCodeSmellSamples/scripts/../dataset/commons-configuration_34357e075d63c3634310878636f9498847badcab/src/test/java/org/apache/commons/configuration2/tree/xpath/TestConfigurationIteratorAttributes.java,org.apache.commons.configuration2.tree.xpath.TestConfigurationIteratorAttributes,testIterateNamespaceWildcard/0,NS_ATTR,1
/home/sandro/workspace/sandro/MLCQCodeSmellSamples/scripts/../dataset/commons-configuration_34357e075d63c3634310878636f9498847badcab/src/main/java/org/apache/commons/configuration2/sync/ReadWriteSynchronizer.java,org.apache.commons.configuration2.sync.ReadWriteSynchronizer,beginRead/0,lock,2
/home/sandro/workspace/sandro/MLCQCodeSmellSamples/scripts/../dataset/commons-configuration_34357e075d63c3634310878636f9498847badcab/src/main/java/org/apache/commons/configuration2/sync/ReadWriteSynchronizer.java,org.apache.commons.configuration2.sync.ReadWriteSynchronizer,ReadWriteSynchronizer/1[java.util.concurrent.locks.ReadWriteLock],lock,1
/home/sandro/workspace/sandro/MLCQCodeSmellSamples/scripts/../dataset/commons-configuration_34357e075d63c3634310878636f9498847badcab/src/main/java/org/apache/commons/configuration2/sync/ReadWriteSynchronizer.java,org.apache.commons.configuration2.sync.ReadWriteSynchronizer,endRead/0,lock,1
/home/sandro/workspace/sandro/MLCQCodeSmellSamples/scripts/../dataset/commons-configuration_34357e075d63c3634310878636f9498847badcab/src/main/java/org/apache/commons/configuration2/sync/ReadWriteSynchronizer.java,org.apache.commons.configuration2.sync.ReadWriteSynchronizer,beginWrite/0,lock,2
/home/sandro/workspace/sandro/MLCQCodeSmellSamples/scripts/../dataset/commons-configuration_34357e075d63c3634310878636f9498847badcab/src/main/java/org/apache/commons/configuration2/sync/ReadWriteSynchronizer.java,org.apache.commons.configuration2.sync.ReadWriteSynchronizer,endWrite/0,lock,1
/home/sandro/workspace/sandro/MLCQCodeSmellSamples/scripts/../dataset/commons-configuration_34357e075d63c3634310878636f9498847badcab/src/test/java/org/apache/commons/configuration2/reloading/TestReloadingController.java,org.apache.commons.configuration2.reloading.TestReloadingController,testCheckForReloadingTrue/0,detector,3
/home/sandro/workspace/sandro/MLCQCodeSmellSamples/scripts/../dataset/commons-configuration_34357e075d63c3634310878636f9498847badcab/src/test/java/org/apache/commons/configuration2/reloading/TestReloadingController.java,org.apache.commons.configuration2.reloading.TestReloadingController,testCheckForReloadingFalse/0,detector,3
/home/sandro/workspace/sandro/MLCQCodeSmellSamples/scripts/../dataset/commons-configuration_34357e075d63c3634310878636f9498847badcab/src/test/java/org/apache/commons/configuration2/reloading/TestReloadingController.java,org.apache.commons.configuration2.reloading.TestReloadingController,createController/0,detector,1
/home/sandro/workspace/sandro/MLCQCodeSmellSamples/scripts/../dataset/commons-configuration_34357e075d63c3634310878636f9498847badcab/src/test/java/org/apache/commons/configuration2/reloading/TestReloadingController.java,org.apache.commons.configuration2.reloading.TestReloadingController,testResetReloadingNotInReloadingState/0,detector,1
/home/sandro/workspace/sandro/MLCQCodeSmellSamples/scripts/../dataset/commons-configuration_34357e075d63c3634310878636f9498847badcab/src/test/java/org/apache/commons/configuration2/reloading/TestReloadingController.java,org.apache.commons.configuration2.reloading.TestReloadingController,testCheckForReloadingInReloadingState/0,detector,3
/home/sandro/workspace/sandro/MLCQCodeSmellSamples/scripts/../dataset/commons-configuration_34357e075d63c3634310878636f9498847badcab/src/test/java/org/apache/commons/configuration2/reloading/TestReloadingController.java,org.apache.commons.configuration2.reloading.TestReloadingController,testResetReloadingState/0,detector,4
/home/sandro/workspace/sandro/MLCQCodeSmellSamples/scripts/../dataset/commons-configuration_34357e075d63c3634310878636f9498847badcab/src/test/java/org/apache/commons/configuration2/reloading/TestReloadingController.java,org.apache.commons.configuration2.reloading.TestReloadingController,setUp/0,detector,1
/home/sandro/workspace/sandro/MLCQCodeSmellSamples/scripts/../dataset/commons-configuration_34357e075d63c3634310878636f9498847badcab/src/main/java/org/apache/commons/configuration2/ImmutableConfigurationInvocationHandler.java,org.apache.commons.configuration2.ImmutableConfigurationInvocationHandler$ImmutableIterator,hasNext/0,wrappedIterator,1
/home/sandro/workspace/sandro/MLCQCodeSmellSamples/scripts/../dataset/commons-configuration_34357e075d63c3634310878636f9498847badcab/src/main/java/org/apache/commons/configuration2/ImmutableConfigurationInvocationHandler.java,org.apache.commons.configuration2.ImmutableConfigurationInvocationHandler$ImmutableIterator,ImmutableIterator/1[java.util.Iterator<?>],wrappedIterator,1
/home/sandro/workspace/sandro/MLCQCodeSmellSamples/scripts/../dataset/commons-configuration_34357e075d63c3634310878636f9498847badcab/src/main/java/org/apache/commons/configuration2/ImmutableConfigurationInvocationHandler.java,org.apache.commons.configuration2.ImmutableConfigurationInvocationHandler$ImmutableIterator,next/0,wrappedIterator,1
/home/sandro/workspace/sandro/MLCQCodeSmellSamples/scripts/../dataset/commons-configuration_34357e075d63c3634310878636f9498847badcab/src/test/java/org/apache/commons/configuration2/convert/TestDefaultListDelimiterHandler.java,org.apache.commons.configuration2.convert.TestDefaultListDelimiterHandler,testEscapeWithTransformer/0,handler,1
/home/sandro/workspace/sandro/MLCQCodeSmellSamples/scripts/../dataset/commons-configuration_34357e075d63c3634310878636f9498847badcab/src/test/java/org/apache/commons/configuration2/convert/TestDefaultListDelimiterHandler.java,org.apache.commons.configuration2.convert.TestDefaultListDelimiterHandler,"checkSplit/3[java.lang.String,boolean,java.lang.String[]]",handler,1
/home/sandro/workspace/sandro/MLCQCodeSmellSamples/scripts/../dataset/commons-configuration_34357e075d63c3634310878636f9498847badcab/src/test/java/org/apache/commons/configuration2/convert/TestDefaultListDelimiterHandler.java,org.apache.commons.configuration2.convert.TestDefaultListDelimiterHandler,testEscapeStringNoSpecialCharacter/0,handler,1
/home/sandro/workspace/sandro/MLCQCodeSmellSamples/scripts/../dataset/commons-configuration_34357e075d63c3634310878636f9498847badcab/src/test/java/org/apache/commons/configuration2/convert/TestDefaultListDelimiterHandler.java,org.apache.commons.configuration2.convert.TestDefaultListDelimiterHandler,testEscapeStringBackslash/0,handler,1
/home/sandro/workspace/sandro/MLCQCodeSmellSamples/scripts/../dataset/commons-configuration_34357e075d63c3634310878636f9498847badcab/src/test/java/org/apache/commons/configuration2/convert/TestDefaultListDelimiterHandler.java,org.apache.commons.configuration2.convert.TestDefaultListDelimiterHandler,testEscapeStringListDelimiterAndBackslash/0,handler,1
/home/sandro/workspace/sandro/MLCQCodeSmellSamples/scripts/../dataset/commons-configuration_34357e075d63c3634310878636f9498847badcab/src/test/java/org/apache/commons/configuration2/convert/TestDefaultListDelimiterHandler.java,org.apache.commons.configuration2.convert.TestDefaultListDelimiterHandler,testEscapeList/0,handler,1
/home/sandro/workspace/sandro/MLCQCodeSmellSamples/scripts/../dataset/commons-configuration_34357e075d63c3634310878636f9498847badcab/src/test/java/org/apache/commons/configuration2/convert/TestDefaultListDelimiterHandler.java,org.apache.commons.configuration2.convert.TestDefaultListDelimiterHandler,testEscapeStringListDelimiter/0,handler,1
/home/sandro/workspace/sandro/MLCQCodeSmellSamples/scripts/../dataset/commons-configuration_34357e075d63c3634310878636f9498847badcab/src/test/java/org/apache/commons/configuration2/convert/TestDefaultListDelimiterHandler.java,org.apache.commons.configuration2.convert.TestDefaultListDelimiterHandler,setUp/0,handler,1
/home/sandro/workspace/sandro/MLCQCodeSmellSamples/scripts/../dataset/commons-configuration_34357e075d63c3634310878636f9498847badcab/src/main/java/org/apache/commons/configuration2/tree/DefaultExpressionEngine.java,org.apache.commons.configuration2.tree.DefaultExpressionEngine,"findChildNodesByName/3[org.apache.commons.configuration2.tree.NodeHandler<T>,T,java.lang.String]",nameMatcher,1
/home/sandro/workspace/sandro/MLCQCodeSmellSamples/scripts/../dataset/commons-configuration_34357e075d63c3634310878636f9498847badcab/src/main/java/org/apache/commons/configuration2/tree/DefaultExpressionEngine.java,org.apache.commons.configuration2.tree.DefaultExpressionEngine,"DefaultExpressionEngine/2[org.apache.commons.configuration2.tree.DefaultExpressionEngineSymbols,org.apache.commons.configuration2.tree.NodeMatcher<java.lang.String>]",symbols,1
/home/sandro/workspace/sandro/MLCQCodeSmellSamples/scripts/../dataset/commons-configuration_34357e075d63c3634310878636f9498847badcab/src/main/java/org/apache/commons/configuration2/tree/DefaultExpressionEngine.java,org.apache.commons.configuration2.tree.DefaultExpressionEngine,"DefaultExpressionEngine/2[org.apache.commons.configuration2.tree.DefaultExpressionEngineSymbols,org.apache.commons.configuration2.tree.NodeMatcher<java.lang.String>]",nameMatcher,1
/home/sandro/workspace/sandro/MLCQCodeSmellSamples/scripts/../dataset/commons-configuration_34357e075d63c3634310878636f9498847badcab/src/main/java/org/apache/commons/configuration2/tree/DefaultExpressionEngine.java,org.apache.commons.configuration2.tree.DefaultExpressionEngine,getSymbols/0,symbols,1
/home/sandro/workspace/sandro/MLCQCodeSmellSamples/scripts/../dataset/commons-configuration_34357e075d63c3634310878636f9498847badcab/src/main/java/org/apache/commons/configuration2/tree/DefaultExpressionEngine.java,org.apache.commons.configuration2.tree.DefaultExpressionEngine,"findLastPathNode/3[org.apache.commons.configuration2.tree.DefaultConfigurationKey.KeyIterator,T,org.apache.commons.configuration2.tree.NodeHandler<T>]",nameMatcher,2
/home/sandro/workspace/sandro/MLCQCodeSmellSamples/scripts/../dataset/commons-configuration_34357e075d63c3634310878636f9498847badcab/src/test/java/org/apache/commons/configuration2/TestCombinedConfiguration.java,org.apache.commons.configuration2.TestCombinedConfiguration$CombinedListener,onEvent/1[org.apache.commons.configuration2.event.ConfigurationEvent],invalidateEvents,1
/home/sandro/workspace/sandro/MLCQCodeSmellSamples/scripts/../dataset/commons-configuration_34357e075d63c3634310878636f9498847badcab/src/test/java/org/apache/commons/configuration2/TestCombinedConfiguration.java,org.apache.commons.configuration2.TestCombinedConfiguration$CombinedListener,onEvent/1[org.apache.commons.configuration2.event.ConfigurationEvent],otherEvents,1
/home/sandro/workspace/sandro/MLCQCodeSmellSamples/scripts/../dataset/commons-configuration_34357e075d63c3634310878636f9498847badcab/src/test/java/org/apache/commons/configuration2/TestCombinedConfiguration.java,org.apache.commons.configuration2.TestCombinedConfiguration$CombinedListener,"checkEvent/2[int,int]",invalidateEvents,1
/home/sandro/workspace/sandro/MLCQCodeSmellSamples/scripts/../dataset/commons-configuration_34357e075d63c3634310878636f9498847badcab/src/test/java/org/apache/commons/configuration2/TestCombinedConfiguration.java,org.apache.commons.configuration2.TestCombinedConfiguration$CombinedListener,"checkEvent/2[int,int]",otherEvents,1
/home/sandro/workspace/sandro/MLCQCodeSmellSamples/scripts/../dataset/commons-configuration_34357e075d63c3634310878636f9498847badcab/src/main/java/org/apache/commons/configuration2/interpol/ExprLookup.java,org.apache.commons.configuration2.interpol.ExprLookup$Variable,getValue/0,value,1
/home/sandro/workspace/sandro/MLCQCodeSmellSamples/scripts/../dataset/commons-configuration_34357e075d63c3634310878636f9498847badcab/src/main/java/org/apache/commons/configuration2/interpol/ExprLookup.java,org.apache.commons.configuration2.interpol.ExprLookup$Variable,setValue/1[java.lang.Object],value,8
/home/sandro/workspace/sandro/MLCQCodeSmellSamples/scripts/../dataset/commons-configuration_34357e075d63c3634310878636f9498847badcab/src/main/java/org/apache/commons/configuration2/interpol/ExprLookup.java,org.apache.commons.configuration2.interpol.ExprLookup$Variable,setName/1[java.lang.String],key,1
/home/sandro/workspace/sandro/MLCQCodeSmellSamples/scripts/../dataset/commons-configuration_34357e075d63c3634310878636f9498847badcab/src/main/java/org/apache/commons/configuration2/interpol/ExprLookup.java,org.apache.commons.configuration2.interpol.ExprLookup$Variable,getName/0,key,1
/home/sandro/workspace/sandro/MLCQCodeSmellSamples/scripts/../dataset/commons-configuration_34357e075d63c3634310878636f9498847badcab/src/main/java/org/apache/commons/configuration2/interpol/ExprLookup.java,org.apache.commons.configuration2.interpol.ExprLookup$Variable,"Variable/2[java.lang.String,java.lang.Object]",value,2
/home/sandro/workspace/sandro/MLCQCodeSmellSamples/scripts/../dataset/commons-configuration_34357e075d63c3634310878636f9498847badcab/src/main/java/org/apache/commons/configuration2/resolver/CatalogResolver.java,org.apache.commons.configuration2.resolver.CatalogResolver,getLogger/0,log,1
/home/sandro/workspace/sandro/MLCQCodeSmellSamples/scripts/../dataset/commons-configuration_34357e075d63c3634310878636f9498847badcab/src/main/java/org/apache/commons/configuration2/resolver/CatalogResolver.java,org.apache.commons.configuration2.resolver.CatalogResolver,"resolveEntity/2[java.lang.String,java.lang.String]",log,1
/home/sandro/workspace/sandro/MLCQCodeSmellSamples/scripts/../dataset/commons-configuration_34357e075d63c3634310878636f9498847badcab/src/main/java/org/apache/commons/configuration2/resolver/CatalogResolver.java,org.apache.commons.configuration2.resolver.CatalogResolver,"resolveEntity/2[java.lang.String,java.lang.String]",fs,2
/home/sandro/workspace/sandro/MLCQCodeSmellSamples/scripts/../dataset/commons-configuration_34357e075d63c3634310878636f9498847badcab/src/main/java/org/apache/commons/configuration2/resolver/CatalogResolver.java,org.apache.commons.configuration2.resolver.CatalogResolver,"locate/3[org.apache.commons.configuration2.io.FileSystem,java.lang.String,java.lang.String]",fs,3
/home/sandro/workspace/sandro/MLCQCodeSmellSamples/scripts/../dataset/commons-configuration_34357e075d63c3634310878636f9498847badcab/src/main/java/org/apache/commons/configuration2/resolver/CatalogResolver.java,org.apache.commons.configuration2.resolver.CatalogResolver,setLogger/1[org.apache.commons.configuration2.io.ConfigurationLogger],log,3
/home/sandro/workspace/sandro/MLCQCodeSmellSamples/scripts/../dataset/commons-configuration_34357e075d63c3634310878636f9498847badcab/src/main/java/org/apache/commons/configuration2/resolver/CatalogResolver.java,org.apache.commons.configuration2.resolver.CatalogResolver,CatalogResolver/0,manager,3
/home/sandro/workspace/sandro/MLCQCodeSmellSamples/scripts/../dataset/commons-configuration_34357e075d63c3634310878636f9498847badcab/src/main/java/org/apache/commons/configuration2/resolver/CatalogResolver.java,org.apache.commons.configuration2.resolver.CatalogResolver,CatalogResolver/0,fs,1
/home/sandro/workspace/sandro/MLCQCodeSmellSamples/scripts/../dataset/commons-configuration_34357e075d63c3634310878636f9498847badcab/src/main/java/org/apache/commons/configuration2/resolver/CatalogResolver.java,org.apache.commons.configuration2.resolver.CatalogResolver,getResolver/0,resolver,5
/home/sandro/workspace/sandro/MLCQCodeSmellSamples/scripts/../dataset/commons-configuration_34357e075d63c3634310878636f9498847badcab/src/main/java/org/apache/commons/configuration2/resolver/CatalogResolver.java,org.apache.commons.configuration2.resolver.CatalogResolver,getResolver/0,manager,1
/home/sandro/workspace/sandro/MLCQCodeSmellSamples/scripts/../dataset/commons-configuration_34357e075d63c3634310878636f9498847badcab/src/main/java/org/apache/commons/configuration2/resolver/CatalogResolver.java,org.apache.commons.configuration2.resolver.CatalogResolver,setBaseDir/1[java.lang.String],manager,1
/home/sandro/workspace/sandro/MLCQCodeSmellSamples/scripts/../dataset/commons-configuration_34357e075d63c3634310878636f9498847badcab/src/main/java/org/apache/commons/configuration2/resolver/CatalogResolver.java,org.apache.commons.configuration2.resolver.CatalogResolver,setInterpolator/1[org.apache.commons.configuration2.interpol.ConfigurationInterpolator],manager,1
/home/sandro/workspace/sandro/MLCQCodeSmellSamples/scripts/../dataset/commons-configuration_34357e075d63c3634310878636f9498847badcab/src/main/java/org/apache/commons/configuration2/resolver/CatalogResolver.java,org.apache.commons.configuration2.resolver.CatalogResolver,setCatalogFiles/1[java.lang.String],manager,1
/home/sandro/workspace/sandro/MLCQCodeSmellSamples/scripts/../dataset/commons-configuration_34357e075d63c3634310878636f9498847badcab/src/main/java/org/apache/commons/configuration2/resolver/CatalogResolver.java,org.apache.commons.configuration2.resolver.CatalogResolver,setDebug/1[boolean],manager,2
/home/sandro/workspace/sandro/MLCQCodeSmellSamples/scripts/../dataset/commons-configuration_34357e075d63c3634310878636f9498847badcab/src/main/java/org/apache/commons/configuration2/resolver/CatalogResolver.java,org.apache.commons.configuration2.resolver.CatalogResolver,setDebug/1[boolean],DEBUG_NONE,1
/home/sandro/workspace/sandro/MLCQCodeSmellSamples/scripts/../dataset/commons-configuration_34357e075d63c3634310878636f9498847badcab/src/main/java/org/apache/commons/configuration2/resolver/CatalogResolver.java,org.apache.commons.configuration2.resolver.CatalogResolver,setDebug/1[boolean],DEBUG_ALL,1
/home/sandro/workspace/sandro/MLCQCodeSmellSamples/scripts/../dataset/commons-configuration_34357e075d63c3634310878636f9498847badcab/src/main/java/org/apache/commons/configuration2/resolver/CatalogResolver.java,org.apache.commons.configuration2.resolver.CatalogResolver,initLogger/1[org.apache.commons.configuration2.io.ConfigurationLogger],log,5
/home/sandro/workspace/sandro/MLCQCodeSmellSamples/scripts/../dataset/commons-configuration_34357e075d63c3634310878636f9498847badcab/src/main/java/org/apache/commons/configuration2/resolver/CatalogResolver.java,org.apache.commons.configuration2.resolver.CatalogResolver,setFileSystem/1[org.apache.commons.configuration2.io.FileSystem],manager,1
/home/sandro/workspace/sandro/MLCQCodeSmellSamples/scripts/../dataset/commons-configuration_34357e075d63c3634310878636f9498847badcab/src/main/java/org/apache/commons/configuration2/resolver/CatalogResolver.java,org.apache.commons.configuration2.resolver.CatalogResolver,setFileSystem/1[org.apache.commons.configuration2.io.FileSystem],fs,1
/home/sandro/workspace/sandro/MLCQCodeSmellSamples/scripts/../dataset/commons-configuration_34357e075d63c3634310878636f9498847badcab/src/test/java/org/apache/commons/configuration2/plist/TestPropertyListConfiguration.java,org.apache.commons.configuration2.plist.TestPropertyListConfiguration,testSetDataProperty/0,folder,1
/home/sandro/workspace/sandro/MLCQCodeSmellSamples/scripts/../dataset/commons-configuration_34357e075d63c3634310878636f9498847badcab/src/test/java/org/apache/commons/configuration2/plist/TestPropertyListConfiguration.java,org.apache.commons.configuration2.plist.TestPropertyListConfiguration,testSetDataProperty/0,config,2
/home/sandro/workspace/sandro/MLCQCodeSmellSamples/scripts/../dataset/commons-configuration_34357e075d63c3634310878636f9498847badcab/src/test/java/org/apache/commons/configuration2/plist/TestPropertyListConfiguration.java,org.apache.commons.configuration2.plist.TestPropertyListConfiguration,testAddDataProperty/0,folder,1
/home/sandro/workspace/sandro/MLCQCodeSmellSamples/scripts/../dataset/commons-configuration_34357e075d63c3634310878636f9498847badcab/src/test/java/org/apache/commons/configuration2/plist/TestPropertyListConfiguration.java,org.apache.commons.configuration2.plist.TestPropertyListConfiguration,testAddDataProperty/0,config,2
/home/sandro/workspace/sandro/MLCQCodeSmellSamples/scripts/../dataset/commons-configuration_34357e075d63c3634310878636f9498847badcab/src/test/java/org/apache/commons/configuration2/plist/TestPropertyListConfiguration.java,org.apache.commons.configuration2.plist.TestPropertyListConfiguration,testSaveEmptyDictionary/0,folder,1
/home/sandro/workspace/sandro/MLCQCodeSmellSamples/scripts/../dataset/commons-configuration_34357e075d63c3634310878636f9498847badcab/src/test/java/org/apache/commons/configuration2/plist/TestPropertyListConfiguration.java,org.apache.commons.configuration2.plist.TestPropertyListConfiguration,testSaveEmptyDictionary/0,config,1
/home/sandro/workspace/sandro/MLCQCodeSmellSamples/scripts/../dataset/commons-configuration_34357e075d63c3634310878636f9498847badcab/src/test/java/org/apache/commons/configuration2/plist/TestPropertyListConfiguration.java,org.apache.commons.configuration2.plist.TestPropertyListConfiguration,testNestedDictionaries/0,config,1
/home/sandro/workspace/sandro/MLCQCodeSmellSamples/scripts/../dataset/commons-configuration_34357e075d63c3634310878636f9498847badcab/src/test/java/org/apache/commons/configuration2/plist/TestPropertyListConfiguration.java,org.apache.commons.configuration2.plist.TestPropertyListConfiguration,testQuotedString/0,config,3
/home/sandro/workspace/sandro/MLCQCodeSmellSamples/scripts/../dataset/commons-configuration_34357e075d63c3634310878636f9498847badcab/src/test/java/org/apache/commons/configuration2/plist/TestPropertyListConfiguration.java,org.apache.commons.configuration2.plist.TestPropertyListConfiguration,testSave/0,folder,1
/home/sandro/workspace/sandro/MLCQCodeSmellSamples/scripts/../dataset/commons-configuration_34357e075d63c3634310878636f9498847badcab/src/test/java/org/apache/commons/configuration2/plist/TestPropertyListConfiguration.java,org.apache.commons.configuration2.plist.TestPropertyListConfiguration,testSave/0,config,5
/home/sandro/workspace/sandro/MLCQCodeSmellSamples/scripts/../dataset/commons-configuration_34357e075d63c3634310878636f9498847badcab/src/test/java/org/apache/commons/configuration2/plist/TestPropertyListConfiguration.java,org.apache.commons.configuration2.plist.TestPropertyListConfiguration,testDictionaryArray/0,config,2
/home/sandro/workspace/sandro/MLCQCodeSmellSamples/scripts/../dataset/commons-configuration_34357e075d63c3634310878636f9498847badcab/src/test/java/org/apache/commons/configuration2/plist/TestPropertyListConfiguration.java,org.apache.commons.configuration2.plist.TestPropertyListConfiguration,testQuoteString/0,config,5
/home/sandro/workspace/sandro/MLCQCodeSmellSamples/scripts/../dataset/commons-configuration_34357e075d63c3634310878636f9498847badcab/src/test/java/org/apache/commons/configuration2/plist/TestPropertyListConfiguration.java,org.apache.commons.configuration2.plist.TestPropertyListConfiguration,setUp/0,testProperties,1
/home/sandro/workspace/sandro/MLCQCodeSmellSamples/scripts/../dataset/commons-configuration_34357e075d63c3634310878636f9498847badcab/src/test/java/org/apache/commons/configuration2/plist/TestPropertyListConfiguration.java,org.apache.commons.configuration2.plist.TestPropertyListConfiguration,setUp/0,config,2
/home/sandro/workspace/sandro/MLCQCodeSmellSamples/scripts/../dataset/commons-configuration_34357e075d63c3634310878636f9498847badcab/src/test/java/org/apache/commons/configuration2/plist/TestPropertyListConfiguration.java,org.apache.commons.configuration2.plist.TestPropertyListConfiguration,testDate/0,config,1
/home/sandro/workspace/sandro/MLCQCodeSmellSamples/scripts/../dataset/commons-configuration_34357e075d63c3634310878636f9498847badcab/src/test/java/org/apache/commons/configuration2/plist/TestPropertyListConfiguration.java,org.apache.commons.configuration2.plist.TestPropertyListConfiguration,testData/0,config,2
/home/sandro/workspace/sandro/MLCQCodeSmellSamples/scripts/../dataset/commons-configuration_34357e075d63c3634310878636f9498847badcab/src/test/java/org/apache/commons/configuration2/plist/TestPropertyListConfiguration.java,org.apache.commons.configuration2.plist.TestPropertyListConfiguration,testInitCopy/0,config,1
/home/sandro/workspace/sandro/MLCQCodeSmellSamples/scripts/../dataset/commons-configuration_34357e075d63c3634310878636f9498847badcab/src/test/java/org/apache/commons/configuration2/plist/TestPropertyListConfiguration.java,org.apache.commons.configuration2.plist.TestPropertyListConfiguration,testLoad/0,config,1
/home/sandro/workspace/sandro/MLCQCodeSmellSamples/scripts/../dataset/commons-configuration_34357e075d63c3634310878636f9498847badcab/src/test/java/org/apache/commons/configuration2/plist/TestPropertyListConfiguration.java,org.apache.commons.configuration2.plist.TestPropertyListConfiguration,testString/0,config,1
/home/sandro/workspace/sandro/MLCQCodeSmellSamples/scripts/../dataset/commons-configuration_34357e075d63c3634310878636f9498847badcab/src/test/java/org/apache/commons/configuration2/plist/TestPropertyListConfiguration.java,org.apache.commons.configuration2.plist.TestPropertyListConfiguration,testDictionary/0,config,2
/home/sandro/workspace/sandro/MLCQCodeSmellSamples/scripts/../dataset/commons-configuration_34357e075d63c3634310878636f9498847badcab/src/test/java/org/apache/commons/configuration2/plist/TestPropertyListConfiguration.java,org.apache.commons.configuration2.plist.TestPropertyListConfiguration,testNestedArrays/0,config,2
/home/sandro/workspace/sandro/MLCQCodeSmellSamples/scripts/../dataset/commons-configuration_34357e075d63c3634310878636f9498847badcab/src/test/java/org/apache/commons/configuration2/plist/TestPropertyListConfiguration.java,org.apache.commons.configuration2.plist.TestPropertyListConfiguration,"getNamedChildren/2[org.apache.commons.configuration2.HierarchicalConfiguration<org.apache.commons.configuration2.tree.ImmutableNode>,java.lang.String]",config,3
/home/sandro/workspace/sandro/MLCQCodeSmellSamples/scripts/../dataset/commons-configuration_34357e075d63c3634310878636f9498847badcab/src/test/java/org/apache/commons/configuration2/plist/TestPropertyListConfiguration.java,org.apache.commons.configuration2.plist.TestPropertyListConfiguration,testEmptyArray/0,config,2
/home/sandro/workspace/sandro/MLCQCodeSmellSamples/scripts/../dataset/commons-configuration_34357e075d63c3634310878636f9498847badcab/src/test/java/org/apache/commons/configuration2/plist/TestPropertyListConfiguration.java,org.apache.commons.configuration2.plist.TestPropertyListConfiguration,testLoadWithError/0,config,2
/home/sandro/workspace/sandro/MLCQCodeSmellSamples/scripts/../dataset/commons-configuration_34357e075d63c3634310878636f9498847badcab/src/test/java/org/apache/commons/configuration2/plist/TestPropertyListConfiguration.java,org.apache.commons.configuration2.plist.TestPropertyListConfiguration,saveConfig/1[java.io.File],config,1
/home/sandro/workspace/sandro/MLCQCodeSmellSamples/scripts/../dataset/commons-configuration_34357e075d63c3634310878636f9498847badcab/src/test/java/org/apache/commons/configuration2/plist/TestPropertyListConfiguration.java,org.apache.commons.configuration2.plist.TestPropertyListConfiguration,testArray/0,config,2
/home/sandro/workspace/sandro/MLCQCodeSmellSamples/scripts/../dataset/commons-configuration_34357e075d63c3634310878636f9498847badcab/src/main/java/org/apache/commons/configuration2/DatabaseConfiguration.java,org.apache.commons.configuration2.DatabaseConfiguration$JdbcOperation,"createStatement/2[java.lang.String,boolean]",pstmt,2
/home/sandro/workspace/sandro/MLCQCodeSmellSamples/scripts/../dataset/commons-configuration_34357e075d63c3634310878636f9498847badcab/src/main/java/org/apache/commons/configuration2/DatabaseConfiguration.java,org.apache.commons.configuration2.DatabaseConfiguration$JdbcOperation,"openResultSet/3[java.lang.String,boolean,java.lang.Object[]]",resultSet,1
/home/sandro/workspace/sandro/MLCQCodeSmellSamples/scripts/../dataset/commons-configuration_34357e075d63c3634310878636f9498847badcab/src/main/java/org/apache/commons/configuration2/DatabaseConfiguration.java,org.apache.commons.configuration2.DatabaseConfiguration$JdbcOperation,getConnection/0,conn,1
/home/sandro/workspace/sandro/MLCQCodeSmellSamples/scripts/../dataset/commons-configuration_34357e075d63c3634310878636f9498847badcab/src/main/java/org/apache/commons/configuration2/DatabaseConfiguration.java,org.apache.commons.configuration2.DatabaseConfiguration$JdbcOperation,execute/0,errorPropertyValue,1
/home/sandro/workspace/sandro/MLCQCodeSmellSamples/scripts/../dataset/commons-configuration_34357e075d63c3634310878636f9498847badcab/src/main/java/org/apache/commons/configuration2/DatabaseConfiguration.java,org.apache.commons.configuration2.DatabaseConfiguration$JdbcOperation,execute/0,conn,3
/home/sandro/workspace/sandro/MLCQCodeSmellSamples/scripts/../dataset/commons-configuration_34357e075d63c3634310878636f9498847badcab/src/main/java/org/apache/commons/configuration2/DatabaseConfiguration.java,org.apache.commons.configuration2.DatabaseConfiguration$JdbcOperation,execute/0,errorEventType,1
/home/sandro/workspace/sandro/MLCQCodeSmellSamples/scripts/../dataset/commons-configuration_34357e075d63c3634310878636f9498847badcab/src/main/java/org/apache/commons/configuration2/DatabaseConfiguration.java,org.apache.commons.configuration2.DatabaseConfiguration$JdbcOperation,execute/0,pstmt,1
/home/sandro/workspace/sandro/MLCQCodeSmellSamples/scripts/../dataset/commons-configuration_34357e075d63c3634310878636f9498847badcab/src/main/java/org/apache/commons/configuration2/DatabaseConfiguration.java,org.apache.commons.configuration2.DatabaseConfiguration$JdbcOperation,execute/0,errorPropertyName,1
/home/sandro/workspace/sandro/MLCQCodeSmellSamples/scripts/../dataset/commons-configuration_34357e075d63c3634310878636f9498847badcab/src/main/java/org/apache/commons/configuration2/DatabaseConfiguration.java,org.apache.commons.configuration2.DatabaseConfiguration$JdbcOperation,execute/0,operationEventType,1
/home/sandro/workspace/sandro/MLCQCodeSmellSamples/scripts/../dataset/commons-configuration_34357e075d63c3634310878636f9498847badcab/src/main/java/org/apache/commons/configuration2/DatabaseConfiguration.java,org.apache.commons.configuration2.DatabaseConfiguration$JdbcOperation,execute/0,resultSet,1
/home/sandro/workspace/sandro/MLCQCodeSmellSamples/scripts/../dataset/commons-configuration_34357e075d63c3634310878636f9498847badcab/src/main/java/org/apache/commons/configuration2/DatabaseConfiguration.java,org.apache.commons.configuration2.DatabaseConfiguration$JdbcOperation,"JdbcOperation/4[org.apache.commons.configuration2.event.EventType<? extends org.apache.commons.configuration2.event.ConfigurationErrorEvent>,org.apache.commons.configuration2.event.EventType<?>,java.lang.String,java.lang.Object]",errorPropertyValue,1
/home/sandro/workspace/sandro/MLCQCodeSmellSamples/scripts/../dataset/commons-configuration_34357e075d63c3634310878636f9498847badcab/src/main/java/org/apache/commons/configuration2/DatabaseConfiguration.java,org.apache.commons.configuration2.DatabaseConfiguration$JdbcOperation,"JdbcOperation/4[org.apache.commons.configuration2.event.EventType<? extends org.apache.commons.configuration2.event.ConfigurationErrorEvent>,org.apache.commons.configuration2.event.EventType<?>,java.lang.String,java.lang.Object]",errorEventType,1
/home/sandro/workspace/sandro/MLCQCodeSmellSamples/scripts/../dataset/commons-configuration_34357e075d63c3634310878636f9498847badcab/src/main/java/org/apache/commons/configuration2/DatabaseConfiguration.java,org.apache.commons.configuration2.DatabaseConfiguration$JdbcOperation,"JdbcOperation/4[org.apache.commons.configuration2.event.EventType<? extends org.apache.commons.configuration2.event.ConfigurationErrorEvent>,org.apache.commons.configuration2.event.EventType<?>,java.lang.String,java.lang.Object]",errorPropertyName,1
/home/sandro/workspace/sandro/MLCQCodeSmellSamples/scripts/../dataset/commons-configuration_34357e075d63c3634310878636f9498847badcab/src/main/java/org/apache/commons/configuration2/DatabaseConfiguration.java,org.apache.commons.configuration2.DatabaseConfiguration$JdbcOperation,"JdbcOperation/4[org.apache.commons.configuration2.event.EventType<? extends org.apache.commons.configuration2.event.ConfigurationErrorEvent>,org.apache.commons.configuration2.event.EventType<?>,java.lang.String,java.lang.Object]",operationEventType,1
/home/sandro/workspace/sandro/MLCQCodeSmellSamples/scripts/../dataset/commons-configuration_34357e075d63c3634310878636f9498847badcab/src/main/java/org/apache/commons/configuration2/builder/fluent/Parameters.java,org.apache.commons.configuration2.builder.fluent.Parameters$ParametersIfcInvocationHandler,ParametersIfcInvocationHandler/1[java.lang.Object],target,1
/home/sandro/workspace/sandro/MLCQCodeSmellSamples/scripts/../dataset/commons-configuration_34357e075d63c3634310878636f9498847badcab/src/main/java/org/apache/commons/configuration2/builder/fluent/Parameters.java,org.apache.commons.configuration2.builder.fluent.Parameters$ParametersIfcInvocationHandler,"invoke/3[java.lang.Object,java.lang.reflect.Method,java.lang.Object[]]",target,1
/home/sandro/workspace/sandro/MLCQCodeSmellSamples/scripts/../dataset/commons-configuration_34357e075d63c3634310878636f9498847badcab/src/test/java/org/apache/commons/configuration2/TestDatabaseConfiguration.java,org.apache.commons.configuration2.TestDatabaseConfiguration$PotentialErrorDatabaseConfiguration,getDatasource/0,failOnConnect,1
/home/sandro/workspace/sandro/MLCQCodeSmellSamples/scripts/../dataset/commons-configuration_34357e075d63c3634310878636f9498847badcab/src/test/java/org/apache/commons/configuration2/builder/TestBasicConfigurationBuilder.java,org.apache.commons.configuration2.builder.TestBasicConfigurationBuilder$AccessBuilderThread,run/0,result,2
/home/sandro/workspace/sandro/MLCQCodeSmellSamples/scripts/../dataset/commons-configuration_34357e075d63c3634310878636f9498847badcab/src/test/java/org/apache/commons/configuration2/builder/TestBasicConfigurationBuilder.java,org.apache.commons.configuration2.builder.TestBasicConfigurationBuilder$AccessBuilderThread,run/0,startLatch,1
/home/sandro/workspace/sandro/MLCQCodeSmellSamples/scripts/../dataset/commons-configuration_34357e075d63c3634310878636f9498847badcab/src/test/java/org/apache/commons/configuration2/builder/TestBasicConfigurationBuilder.java,org.apache.commons.configuration2.builder.TestBasicConfigurationBuilder$AccessBuilderThread,run/0,builder,1
/home/sandro/workspace/sandro/MLCQCodeSmellSamples/scripts/../dataset/commons-configuration_34357e075d63c3634310878636f9498847badcab/src/test/java/org/apache/commons/configuration2/builder/TestBasicConfigurationBuilder.java,org.apache.commons.configuration2.builder.TestBasicConfigurationBuilder$AccessBuilderThread,run/0,endLatch,1
/home/sandro/workspace/sandro/MLCQCodeSmellSamples/scripts/../dataset/commons-configuration_34357e075d63c3634310878636f9498847badcab/src/test/java/org/apache/commons/configuration2/builder/TestBasicConfigurationBuilder.java,org.apache.commons.configuration2.builder.TestBasicConfigurationBuilder$AccessBuilderThread,"AccessBuilderThread/3[java.util.concurrent.CountDownLatch,java.util.concurrent.CountDownLatch,org.apache.commons.configuration2.builder.ConfigurationBuilder<?>]",startLatch,1
/home/sandro/workspace/sandro/MLCQCodeSmellSamples/scripts/../dataset/commons-configuration_34357e075d63c3634310878636f9498847badcab/src/test/java/org/apache/commons/configuration2/builder/TestBasicConfigurationBuilder.java,org.apache.commons.configuration2.builder.TestBasicConfigurationBuilder$AccessBuilderThread,"AccessBuilderThread/3[java.util.concurrent.CountDownLatch,java.util.concurrent.CountDownLatch,org.apache.commons.configuration2.builder.ConfigurationBuilder<?>]",builder,1
/home/sandro/workspace/sandro/MLCQCodeSmellSamples/scripts/../dataset/commons-configuration_34357e075d63c3634310878636f9498847badcab/src/test/java/org/apache/commons/configuration2/builder/TestBasicConfigurationBuilder.java,org.apache.commons.configuration2.builder.TestBasicConfigurationBuilder$AccessBuilderThread,"AccessBuilderThread/3[java.util.concurrent.CountDownLatch,java.util.concurrent.CountDownLatch,org.apache.commons.configuration2.builder.ConfigurationBuilder<?>]",endLatch,1
/home/sandro/workspace/sandro/MLCQCodeSmellSamples/scripts/../dataset/commons-configuration_34357e075d63c3634310878636f9498847badcab/src/main/java/org/apache/commons/configuration2/plist/PropertyListConfiguration.java,org.apache.commons.configuration2.plist.PropertyListConfiguration$DateFieldParser,"parseComponent/3[java.lang.String,int,java.util.Calendar]",calendarField,1
/home/sandro/workspace/sandro/MLCQCodeSmellSamples/scripts/../dataset/commons-configuration_34357e075d63c3634310878636f9498847badcab/src/main/java/org/apache/commons/configuration2/plist/PropertyListConfiguration.java,org.apache.commons.configuration2.plist.PropertyListConfiguration$DateFieldParser,"parseComponent/3[java.lang.String,int,java.util.Calendar]",offset,1
/home/sandro/workspace/sandro/MLCQCodeSmellSamples/scripts/../dataset/commons-configuration_34357e075d63c3634310878636f9498847badcab/src/main/java/org/apache/commons/configuration2/plist/PropertyListConfiguration.java,org.apache.commons.configuration2.plist.PropertyListConfiguration$DateFieldParser,"parseComponent/3[java.lang.String,int,java.util.Calendar]",length,3
/home/sandro/workspace/sandro/MLCQCodeSmellSamples/scripts/../dataset/commons-configuration_34357e075d63c3634310878636f9498847badcab/src/main/java/org/apache/commons/configuration2/plist/PropertyListConfiguration.java,org.apache.commons.configuration2.plist.PropertyListConfiguration$DateFieldParser,"formatComponent/2[java.lang.StringBuilder,java.util.Calendar]",calendarField,1
/home/sandro/workspace/sandro/MLCQCodeSmellSamples/scripts/../dataset/commons-configuration_34357e075d63c3634310878636f9498847badcab/src/main/java/org/apache/commons/configuration2/plist/PropertyListConfiguration.java,org.apache.commons.configuration2.plist.PropertyListConfiguration$DateFieldParser,"formatComponent/2[java.lang.StringBuilder,java.util.Calendar]",offset,1
/home/sandro/workspace/sandro/MLCQCodeSmellSamples/scripts/../dataset/commons-configuration_34357e075d63c3634310878636f9498847badcab/src/main/java/org/apache/commons/configuration2/plist/PropertyListConfiguration.java,org.apache.commons.configuration2.plist.PropertyListConfiguration$DateFieldParser,"formatComponent/2[java.lang.StringBuilder,java.util.Calendar]",length,1
/home/sandro/workspace/sandro/MLCQCodeSmellSamples/scripts/../dataset/commons-configuration_34357e075d63c3634310878636f9498847badcab/src/main/java/org/apache/commons/configuration2/plist/PropertyListConfiguration.java,org.apache.commons.configuration2.plist.PropertyListConfiguration$DateFieldParser,"DateFieldParser/3[int,int,int]",calendarField,1
/home/sandro/workspace/sandro/MLCQCodeSmellSamples/scripts/../dataset/commons-configuration_34357e075d63c3634310878636f9498847badcab/src/main/java/org/apache/commons/configuration2/plist/PropertyListConfiguration.java,org.apache.commons.configuration2.plist.PropertyListConfiguration$DateFieldParser,"DateFieldParser/3[int,int,int]",offset,1
/home/sandro/workspace/sandro/MLCQCodeSmellSamples/scripts/../dataset/commons-configuration_34357e075d63c3634310878636f9498847badcab/src/main/java/org/apache/commons/configuration2/plist/PropertyListConfiguration.java,org.apache.commons.configuration2.plist.PropertyListConfiguration$DateFieldParser,"DateFieldParser/3[int,int,int]",length,1
/home/sandro/workspace/sandro/MLCQCodeSmellSamples/scripts/../dataset/commons-configuration_34357e075d63c3634310878636f9498847badcab/src/test/java/org/apache/commons/configuration2/SynchronizerTestImpl.java,org.apache.commons.configuration2.SynchronizerTestImpl,append/1[org.apache.commons.configuration2.SynchronizerTestImpl.Methods],methods,1
/home/sandro/workspace/sandro/MLCQCodeSmellSamples/scripts/../dataset/commons-configuration_34357e075d63c3634310878636f9498847badcab/src/test/java/org/apache/commons/configuration2/SynchronizerTestImpl.java,org.apache.commons.configuration2.SynchronizerTestImpl,verify/1[org.apache.commons.configuration2.SynchronizerTestImpl.Methods[]],methods,1
/home/sandro/workspace/sandro/MLCQCodeSmellSamples/scripts/../dataset/commons-configuration_34357e075d63c3634310878636f9498847badcab/src/test/java/org/apache/commons/configuration2/SynchronizerTestImpl.java,org.apache.commons.configuration2.SynchronizerTestImpl,clear/0,methods,1
/home/sandro/workspace/sandro/MLCQCodeSmellSamples/scripts/../dataset/commons-configuration_34357e075d63c3634310878636f9498847badcab/src/test/java/org/apache/commons/configuration2/SynchronizerTestImpl.java,org.apache.commons.configuration2.SynchronizerTestImpl,verifyEnd/1[org.apache.commons.configuration2.SynchronizerTestImpl.Methods[]],methods,2
/home/sandro/workspace/sandro/MLCQCodeSmellSamples/scripts/../dataset/commons-configuration_34357e075d63c3634310878636f9498847badcab/src/test/java/org/apache/commons/configuration2/SynchronizerTestImpl.java,org.apache.commons.configuration2.SynchronizerTestImpl,verifyContains/1[org.apache.commons.configuration2.SynchronizerTestImpl.Methods[]],methods,2
/home/sandro/workspace/sandro/MLCQCodeSmellSamples/scripts/../dataset/commons-configuration_34357e075d63c3634310878636f9498847badcab/src/test/java/org/apache/commons/configuration2/SynchronizerTestImpl.java,org.apache.commons.configuration2.SynchronizerTestImpl,verifyStart/1[org.apache.commons.configuration2.SynchronizerTestImpl.Methods[]],methods,2
/home/sandro/workspace/sandro/MLCQCodeSmellSamples/scripts/../dataset/commons-configuration_34357e075d63c3634310878636f9498847badcab/src/test/java/org/apache/commons/configuration2/TestDataConfiguration.java,org.apache.commons.configuration2.TestDataConfiguration,testGetURIList/0,conf,10
/home/sandro/workspace/sandro/MLCQCodeSmellSamples/scripts/../dataset/commons-configuration_34357e075d63c3634310878636f9498847badcab/src/test/java/org/apache/commons/configuration2/TestDataConfiguration.java,org.apache.commons.configuration2.TestDataConfiguration,testGetURIArray/0,conf,10
/home/sandro/workspace/sandro/MLCQCodeSmellSamples/scripts/../dataset/commons-configuration_34357e075d63c3634310878636f9498847badcab/src/test/java/org/apache/commons/configuration2/TestDataConfiguration.java,org.apache.commons.configuration2.TestDataConfiguration,testGetColorList/0,conf,10
/home/sandro/workspace/sandro/MLCQCodeSmellSamples/scripts/../dataset/commons-configuration_34357e075d63c3634310878636f9498847badcab/src/test/java/org/apache/commons/configuration2/TestDataConfiguration.java,org.apache.commons.configuration2.TestDataConfiguration,testGetIntegerArray/0,conf,11
/home/sandro/workspace/sandro/MLCQCodeSmellSamples/scripts/../dataset/commons-configuration_34357e075d63c3634310878636f9498847badcab/src/test/java/org/apache/commons/configuration2/TestDataConfiguration.java,org.apache.commons.configuration2.TestDataConfiguration,testGetShortArray/0,conf,11
/home/sandro/workspace/sandro/MLCQCodeSmellSamples/scripts/../dataset/commons-configuration_34357e075d63c3634310878636f9498847badcab/src/test/java/org/apache/commons/configuration2/TestDataConfiguration.java,org.apache.commons.configuration2.TestDataConfiguration,testGetLocale/0,conf,16
/home/sandro/workspace/sandro/MLCQCodeSmellSamples/scripts/../dataset/commons-configuration_34357e075d63c3634310878636f9498847badcab/src/test/java/org/apache/commons/configuration2/TestDataConfiguration.java,org.apache.commons.configuration2.TestDataConfiguration,testGetInetAddressInvalidType/0,conf,2
/home/sandro/workspace/sandro/MLCQCodeSmellSamples/scripts/../dataset/commons-configuration_34357e075d63c3634310878636f9498847badcab/src/test/java/org/apache/commons/configuration2/TestDataConfiguration.java,org.apache.commons.configuration2.TestDataConfiguration,testGetDateArrayWithFormat/0,conf,3
/home/sandro/workspace/sandro/MLCQCodeSmellSamples/scripts/../dataset/commons-configuration_34357e075d63c3634310878636f9498847badcab/src/test/java/org/apache/commons/configuration2/TestDataConfiguration.java,org.apache.commons.configuration2.TestDataConfiguration,testGetFloatArray/0,conf,11
/home/sandro/workspace/sandro/MLCQCodeSmellSamples/scripts/../dataset/commons-configuration_34357e075d63c3634310878636f9498847badcab/src/test/java/org/apache/commons/configuration2/TestDataConfiguration.java,org.apache.commons.configuration2.TestDataConfiguration,testGetLongList/0,conf,11
/home/sandro/workspace/sandro/MLCQCodeSmellSamples/scripts/../dataset/commons-configuration_34357e075d63c3634310878636f9498847badcab/src/test/java/org/apache/commons/configuration2/TestDataConfiguration.java,org.apache.commons.configuration2.TestDataConfiguration,testClearPropertyDirect/0,conf,3
/home/sandro/workspace/sandro/MLCQCodeSmellSamples/scripts/../dataset/commons-configuration_34357e075d63c3634310878636f9498847badcab/src/test/java/org/apache/commons/configuration2/TestDataConfiguration.java,org.apache.commons.configuration2.TestDataConfiguration,testGetDateNoFormatPropertyDirectlySpecified/0,conf,2
/home/sandro/workspace/sandro/MLCQCodeSmellSamples/scripts/../dataset/commons-configuration_34357e075d63c3634310878636f9498847badcab/src/test/java/org/apache/commons/configuration2/TestDataConfiguration.java,org.apache.commons.configuration2.TestDataConfiguration,testGetDateNoFormatPropertyDirectlySpecified/0,DATE_PATTERN,1
/home/sandro/workspace/sandro/MLCQCodeSmellSamples/scripts/../dataset/commons-configuration_34357e075d63c3634310878636f9498847badcab/src/test/java/org/apache/commons/configuration2/TestDataConfiguration.java,org.apache.commons.configuration2.TestDataConfiguration,testGetDoubleArray/0,conf,11
/home/sandro/workspace/sandro/MLCQCodeSmellSamples/scripts/../dataset/commons-configuration_34357e075d63c3634310878636f9498847badcab/src/test/java/org/apache/commons/configuration2/TestDataConfiguration.java,org.apache.commons.configuration2.TestDataConfiguration,testGetPrimitiveArrayInvalidType/0,conf,1
/home/sandro/workspace/sandro/MLCQCodeSmellSamples/scripts/../dataset/commons-configuration_34357e075d63c3634310878636f9498847badcab/src/test/java/org/apache/commons/configuration2/TestDataConfiguration.java,org.apache.commons.configuration2.TestDataConfiguration,testGetCalendarArrayWithFormat/0,conf,3
/home/sandro/workspace/sandro/MLCQCodeSmellSamples/scripts/../dataset/commons-configuration_34357e075d63c3634310878636f9498847badcab/src/test/java/org/apache/commons/configuration2/TestDataConfiguration.java,org.apache.commons.configuration2.TestDataConfiguration,testGetLongArray/0,conf,11
/home/sandro/workspace/sandro/MLCQCodeSmellSamples/scripts/../dataset/commons-configuration_34357e075d63c3634310878636f9498847badcab/src/test/java/org/apache/commons/configuration2/TestDataConfiguration.java,org.apache.commons.configuration2.TestDataConfiguration,testGetInternetAddress/0,conf,5
/home/sandro/workspace/sandro/MLCQCodeSmellSamples/scripts/../dataset/commons-configuration_34357e075d63c3634310878636f9498847badcab/src/test/java/org/apache/commons/configuration2/TestDataConfiguration.java,org.apache.commons.configuration2.TestDataConfiguration,testConversionException/0,conf,64
/home/sandro/workspace/sandro/MLCQCodeSmellSamples/scripts/../dataset/commons-configuration_34357e075d63c3634310878636f9498847badcab/src/test/java/org/apache/commons/configuration2/TestDataConfiguration.java,org.apache.commons.configuration2.TestDataConfiguration,testConversionException/0,DATE_PATTERN,4
/home/sandro/workspace/sandro/MLCQCodeSmellSamples/scripts/../dataset/commons-configuration_34357e075d63c3634310878636f9498847badcab/src/test/java/org/apache/commons/configuration2/TestDataConfiguration.java,org.apache.commons.configuration2.TestDataConfiguration,testGetUnknown/0,conf,1
/home/sandro/workspace/sandro/MLCQCodeSmellSamples/scripts/../dataset/commons-configuration_34357e075d63c3634310878636f9498847badcab/src/test/java/org/apache/commons/configuration2/TestDataConfiguration.java,org.apache.commons.configuration2.TestDataConfiguration,testConversionExceptionCause/0,conf,1
/home/sandro/workspace/sandro/MLCQCodeSmellSamples/scripts/../dataset/commons-configuration_34357e075d63c3634310878636f9498847badcab/src/test/java/org/apache/commons/configuration2/TestDataConfiguration.java,org.apache.commons.configuration2.TestDataConfiguration,testGetURI/0,conf,4
/home/sandro/workspace/sandro/MLCQCodeSmellSamples/scripts/../dataset/commons-configuration_34357e075d63c3634310878636f9498847badcab/src/test/java/org/apache/commons/configuration2/TestDataConfiguration.java,org.apache.commons.configuration2.TestDataConfiguration,testGetBooleanList/0,conf,11
/home/sandro/workspace/sandro/MLCQCodeSmellSamples/scripts/../dataset/commons-configuration_34357e075d63c3634310878636f9498847badcab/src/test/java/org/apache/commons/configuration2/TestDataConfiguration.java,org.apache.commons.configuration2.TestDataConfiguration,testGetShortList/0,conf,11
/home/sandro/workspace/sandro/MLCQCodeSmellSamples/scripts/../dataset/commons-configuration_34357e075d63c3634310878636f9498847badcab/src/test/java/org/apache/commons/configuration2/TestDataConfiguration.java,org.apache.commons.configuration2.TestDataConfiguration,testGetURL/0,conf,4
/home/sandro/workspace/sandro/MLCQCodeSmellSamples/scripts/../dataset/commons-configuration_34357e075d63c3634310878636f9498847badcab/src/test/java/org/apache/commons/configuration2/TestDataConfiguration.java,org.apache.commons.configuration2.TestDataConfiguration,testGetURLArray/0,conf,10
/home/sandro/workspace/sandro/MLCQCodeSmellSamples/scripts/../dataset/commons-configuration_34357e075d63c3634310878636f9498847badcab/src/test/java/org/apache/commons/configuration2/TestDataConfiguration.java,org.apache.commons.configuration2.TestDataConfiguration,testGetLocaleList/0,conf,10
/home/sandro/workspace/sandro/MLCQCodeSmellSamples/scripts/../dataset/commons-configuration_34357e075d63c3634310878636f9498847badcab/src/test/java/org/apache/commons/configuration2/TestDataConfiguration.java,org.apache.commons.configuration2.TestDataConfiguration,testGetArrayInvalidDefaultType/0,conf,1
/home/sandro/workspace/sandro/MLCQCodeSmellSamples/scripts/../dataset/commons-configuration_34357e075d63c3634310878636f9498847badcab/src/test/java/org/apache/commons/configuration2/TestDataConfiguration.java,org.apache.commons.configuration2.TestDataConfiguration,testGetColor/0,conf,8
/home/sandro/workspace/sandro/MLCQCodeSmellSamples/scripts/../dataset/commons-configuration_34357e075d63c3634310878636f9498847badcab/src/test/java/org/apache/commons/configuration2/TestDataConfiguration.java,org.apache.commons.configuration2.TestDataConfiguration,testGetDateList/0,conf,13
/home/sandro/workspace/sandro/MLCQCodeSmellSamples/scripts/../dataset/commons-configuration_34357e075d63c3634310878636f9498847badcab/src/test/java/org/apache/commons/configuration2/TestDataConfiguration.java,org.apache.commons.configuration2.TestDataConfiguration,testGetDateList/0,DATE_PATTERN,1
/home/sandro/workspace/sandro/MLCQCodeSmellSamples/scripts/../dataset/commons-configuration_34357e075d63c3634310878636f9498847badcab/src/test/java/org/apache/commons/configuration2/TestDataConfiguration.java,org.apache.commons.configuration2.TestDataConfiguration,testGetInvalidType/0,conf,1
/home/sandro/workspace/sandro/MLCQCodeSmellSamples/scripts/../dataset/commons-configuration_34357e075d63c3634310878636f9498847badcab/src/test/java/org/apache/commons/configuration2/TestDataConfiguration.java,org.apache.commons.configuration2.TestDataConfiguration,testGetBigDecimalList/0,conf,10
/home/sandro/workspace/sandro/MLCQCodeSmellSamples/scripts/../dataset/commons-configuration_34357e075d63c3634310878636f9498847badcab/src/test/java/org/apache/commons/configuration2/TestDataConfiguration.java,org.apache.commons.configuration2.TestDataConfiguration,testGetByteList/0,conf,11
/home/sandro/workspace/sandro/MLCQCodeSmellSamples/scripts/../dataset/commons-configuration_34357e075d63c3634310878636f9498847badcab/src/test/java/org/apache/commons/configuration2/TestDataConfiguration.java,org.apache.commons.configuration2.TestDataConfiguration,testGetDate/0,conf,9
/home/sandro/workspace/sandro/MLCQCodeSmellSamples/scripts/../dataset/commons-configuration_34357e075d63c3634310878636f9498847badcab/src/test/java/org/apache/commons/configuration2/TestDataConfiguration.java,org.apache.commons.configuration2.TestDataConfiguration,testGetDate/0,DATE_PATTERN,3
/home/sandro/workspace/sandro/MLCQCodeSmellSamples/scripts/../dataset/commons-configuration_34357e075d63c3634310878636f9498847badcab/src/test/java/org/apache/commons/configuration2/TestDataConfiguration.java,org.apache.commons.configuration2.TestDataConfiguration,testGetIntegerList/0,conf,11
/home/sandro/workspace/sandro/MLCQCodeSmellSamples/scripts/../dataset/commons-configuration_34357e075d63c3634310878636f9498847badcab/src/test/java/org/apache/commons/configuration2/TestDataConfiguration.java,org.apache.commons.configuration2.TestDataConfiguration,testGetCalendarArray/0,conf,11
/home/sandro/workspace/sandro/MLCQCodeSmellSamples/scripts/../dataset/commons-configuration_34357e075d63c3634310878636f9498847badcab/src/test/java/org/apache/commons/configuration2/TestDataConfiguration.java,org.apache.commons.configuration2.TestDataConfiguration,testGetCalendarArray/0,DATE_PATTERN,1
/home/sandro/workspace/sandro/MLCQCodeSmellSamples/scripts/../dataset/commons-configuration_34357e075d63c3634310878636f9498847badcab/src/test/java/org/apache/commons/configuration2/TestDataConfiguration.java,org.apache.commons.configuration2.TestDataConfiguration,testClearProperty/0,conf,3
/home/sandro/workspace/sandro/MLCQCodeSmellSamples/scripts/../dataset/commons-configuration_34357e075d63c3634310878636f9498847badcab/src/test/java/org/apache/commons/configuration2/TestDataConfiguration.java,org.apache.commons.configuration2.TestDataConfiguration,testGetColorArray/0,conf,10
/home/sandro/workspace/sandro/MLCQCodeSmellSamples/scripts/../dataset/commons-configuration_34357e075d63c3634310878636f9498847badcab/src/test/java/org/apache/commons/configuration2/TestDataConfiguration.java,org.apache.commons.configuration2.TestDataConfiguration,setUp/0,conf,176
/home/sandro/workspace/sandro/MLCQCodeSmellSamples/scripts/../dataset/commons-configuration_34357e075d63c3634310878636f9498847badcab/src/test/java/org/apache/commons/configuration2/TestDataConfiguration.java,org.apache.commons.configuration2.TestDataConfiguration,setUp/0,DATE_PATTERN,1
/home/sandro/workspace/sandro/MLCQCodeSmellSamples/scripts/../dataset/commons-configuration_34357e075d63c3634310878636f9498847badcab/src/test/java/org/apache/commons/configuration2/TestDataConfiguration.java,org.apache.commons.configuration2.TestDataConfiguration,testGetFloatList/0,conf,11
/home/sandro/workspace/sandro/MLCQCodeSmellSamples/scripts/../dataset/commons-configuration_34357e075d63c3634310878636f9498847badcab/src/test/java/org/apache/commons/configuration2/TestDataConfiguration.java,org.apache.commons.configuration2.TestDataConfiguration,testGetPropertyWithoutConversion/0,conf,2
/home/sandro/workspace/sandro/MLCQCodeSmellSamples/scripts/../dataset/commons-configuration_34357e075d63c3634310878636f9498847badcab/src/test/java/org/apache/commons/configuration2/TestDataConfiguration.java,org.apache.commons.configuration2.TestDataConfiguration,testGetDateNoFormatPropertyConversionHandler/0,conf,3
/home/sandro/workspace/sandro/MLCQCodeSmellSamples/scripts/../dataset/commons-configuration_34357e075d63c3634310878636f9498847badcab/src/test/java/org/apache/commons/configuration2/TestDataConfiguration.java,org.apache.commons.configuration2.TestDataConfiguration,testGetDateNoFormatPropertyConversionHandler/0,DATE_PATTERN,1
/home/sandro/workspace/sandro/MLCQCodeSmellSamples/scripts/../dataset/commons-configuration_34357e075d63c3634310878636f9498847badcab/src/test/java/org/apache/commons/configuration2/TestDataConfiguration.java,org.apache.commons.configuration2.TestDataConfiguration,testClearPropertyDirectNoAbstractConf/0,conf,2
/home/sandro/workspace/sandro/MLCQCodeSmellSamples/scripts/../dataset/commons-configuration_34357e075d63c3634310878636f9498847badcab/src/test/java/org/apache/commons/configuration2/TestDataConfiguration.java,org.apache.commons.configuration2.TestDataConfiguration,testGetBooleanArray/0,conf,11
/home/sandro/workspace/sandro/MLCQCodeSmellSamples/scripts/../dataset/commons-configuration_34357e075d63c3634310878636f9498847badcab/src/test/java/org/apache/commons/configuration2/TestDataConfiguration.java,org.apache.commons.configuration2.TestDataConfiguration,testGetDateArray/0,conf,11
/home/sandro/workspace/sandro/MLCQCodeSmellSamples/scripts/../dataset/commons-configuration_34357e075d63c3634310878636f9498847badcab/src/test/java/org/apache/commons/configuration2/TestDataConfiguration.java,org.apache.commons.configuration2.TestDataConfiguration,testGetDateArray/0,DATE_PATTERN,1
/home/sandro/workspace/sandro/MLCQCodeSmellSamples/scripts/../dataset/commons-configuration_34357e075d63c3634310878636f9498847badcab/src/test/java/org/apache/commons/configuration2/TestDataConfiguration.java,org.apache.commons.configuration2.TestDataConfiguration,testGetInetAddress/0,conf,3
/home/sandro/workspace/sandro/MLCQCodeSmellSamples/scripts/../dataset/commons-configuration_34357e075d63c3634310878636f9498847badcab/src/test/java/org/apache/commons/configuration2/TestDataConfiguration.java,org.apache.commons.configuration2.TestDataConfiguration,testGetLocaleArray/0,conf,10
/home/sandro/workspace/sandro/MLCQCodeSmellSamples/scripts/../dataset/commons-configuration_34357e075d63c3634310878636f9498847badcab/src/test/java/org/apache/commons/configuration2/TestDataConfiguration.java,org.apache.commons.configuration2.TestDataConfiguration,testGetCalendar/0,conf,9
/home/sandro/workspace/sandro/MLCQCodeSmellSamples/scripts/../dataset/commons-configuration_34357e075d63c3634310878636f9498847badcab/src/test/java/org/apache/commons/configuration2/TestDataConfiguration.java,org.apache.commons.configuration2.TestDataConfiguration,testGetCalendar/0,DATE_PATTERN,4
/home/sandro/workspace/sandro/MLCQCodeSmellSamples/scripts/../dataset/commons-configuration_34357e075d63c3634310878636f9498847badcab/src/test/java/org/apache/commons/configuration2/TestDataConfiguration.java,org.apache.commons.configuration2.TestDataConfiguration,testGetDoubleList/0,conf,11
/home/sandro/workspace/sandro/MLCQCodeSmellSamples/scripts/../dataset/commons-configuration_34357e075d63c3634310878636f9498847badcab/src/test/java/org/apache/commons/configuration2/TestDataConfiguration.java,org.apache.commons.configuration2.TestDataConfiguration,testGetURLList/0,conf,10
/home/sandro/workspace/sandro/MLCQCodeSmellSamples/scripts/../dataset/commons-configuration_34357e075d63c3634310878636f9498847badcab/src/test/java/org/apache/commons/configuration2/TestDataConfiguration.java,org.apache.commons.configuration2.TestDataConfiguration,testGetUnknownException/0,conf,2
/home/sandro/workspace/sandro/MLCQCodeSmellSamples/scripts/../dataset/commons-configuration_34357e075d63c3634310878636f9498847badcab/src/test/java/org/apache/commons/configuration2/TestDataConfiguration.java,org.apache.commons.configuration2.TestDataConfiguration,expectedDate/0,DATE_PATTERN,1
/home/sandro/workspace/sandro/MLCQCodeSmellSamples/scripts/../dataset/commons-configuration_34357e075d63c3634310878636f9498847badcab/src/test/java/org/apache/commons/configuration2/TestDataConfiguration.java,org.apache.commons.configuration2.TestDataConfiguration,testGetCalendarList/0,conf,13
/home/sandro/workspace/sandro/MLCQCodeSmellSamples/scripts/../dataset/commons-configuration_34357e075d63c3634310878636f9498847badcab/src/test/java/org/apache/commons/configuration2/TestDataConfiguration.java,org.apache.commons.configuration2.TestDataConfiguration,testGetCalendarList/0,DATE_PATTERN,1
/home/sandro/workspace/sandro/MLCQCodeSmellSamples/scripts/../dataset/commons-configuration_34357e075d63c3634310878636f9498847badcab/src/test/java/org/apache/commons/configuration2/TestDataConfiguration.java,org.apache.commons.configuration2.TestDataConfiguration,testGetByteArray/0,conf,11
/home/sandro/workspace/sandro/MLCQCodeSmellSamples/scripts/../dataset/commons-configuration_34357e075d63c3634310878636f9498847badcab/src/test/java/org/apache/commons/configuration2/TestDataConfiguration.java,org.apache.commons.configuration2.TestDataConfiguration,testGetInternetAddressInvalidType/0,conf,2
/home/sandro/workspace/sandro/MLCQCodeSmellSamples/scripts/../dataset/commons-configuration_34357e075d63c3634310878636f9498847badcab/src/test/java/org/apache/commons/configuration2/TestDataConfiguration.java,org.apache.commons.configuration2.TestDataConfiguration,testGetBigIntegerArray/0,conf,10
/home/sandro/workspace/sandro/MLCQCodeSmellSamples/scripts/../dataset/commons-configuration_34357e075d63c3634310878636f9498847badcab/src/test/java/org/apache/commons/configuration2/TestDataConfiguration.java,org.apache.commons.configuration2.TestDataConfiguration,testGetBigIntegerList/0,conf,10
/home/sandro/workspace/sandro/MLCQCodeSmellSamples/scripts/../dataset/commons-configuration_34357e075d63c3634310878636f9498847badcab/src/test/java/org/apache/commons/configuration2/TestDataConfiguration.java,org.apache.commons.configuration2.TestDataConfiguration,testGetBigDecimalArray/0,conf,10
/home/sandro/workspace/sandro/MLCQCodeSmellSamples/scripts/../dataset/commons-configuration_34357e075d63c3634310878636f9498847badcab/src/test/java/org/apache/commons/configuration2/TestConfigurationLookup.java,org.apache.commons.configuration2.TestConfigurationLookup,testLookupNotFoundEx/0,VAR,1
/home/sandro/workspace/sandro/MLCQCodeSmellSamples/scripts/../dataset/commons-configuration_34357e075d63c3634310878636f9498847badcab/src/test/java/org/apache/commons/configuration2/TestConfigurationLookup.java,org.apache.commons.configuration2.TestConfigurationLookup,testLookupNotFound/0,VAR,1
/home/sandro/workspace/sandro/MLCQCodeSmellSamples/scripts/../dataset/commons-configuration_34357e075d63c3634310878636f9498847badcab/src/test/java/org/apache/commons/configuration2/TestConfigurationLookup.java,org.apache.commons.configuration2.TestConfigurationLookup,testLookupComplex/0,VAR,2
/home/sandro/workspace/sandro/MLCQCodeSmellSamples/scripts/../dataset/commons-configuration_34357e075d63c3634310878636f9498847badcab/src/test/java/org/apache/commons/configuration2/TestConfigurationLookup.java,org.apache.commons.configuration2.TestConfigurationLookup,testLookupComplex/0,VALUE,2
/home/sandro/workspace/sandro/MLCQCodeSmellSamples/scripts/../dataset/commons-configuration_34357e075d63c3634310878636f9498847badcab/src/test/java/org/apache/commons/configuration2/TestConfigurationLookup.java,org.apache.commons.configuration2.TestConfigurationLookup,testLookupSuccess/0,VAR,2
/home/sandro/workspace/sandro/MLCQCodeSmellSamples/scripts/../dataset/commons-configuration_34357e075d63c3634310878636f9498847badcab/src/test/java/org/apache/commons/configuration2/TestConfigurationLookup.java,org.apache.commons.configuration2.TestConfigurationLookup,testLookupSuccess/0,VALUE,2
/home/sandro/workspace/sandro/MLCQCodeSmellSamples/scripts/../dataset/commons-configuration_34357e075d63c3634310878636f9498847badcab/src/main/java/org/apache/commons/configuration2/CombinedConfiguration.java,org.apache.commons.configuration2.CombinedConfiguration,"addConfiguration/3[org.apache.commons.configuration2.Configuration,java.lang.String,java.lang.String]",namedConfigurations,2
/home/sandro/workspace/sandro/MLCQCodeSmellSamples/scripts/../dataset/commons-configuration_34357e075d63c3634310878636f9498847badcab/src/main/java/org/apache/commons/configuration2/CombinedConfiguration.java,org.apache.commons.configuration2.CombinedConfiguration,"addConfiguration/3[org.apache.commons.configuration2.Configuration,java.lang.String,java.lang.String]",configurations,1
/home/sandro/workspace/sandro/MLCQCodeSmellSamples/scripts/../dataset/commons-configuration_34357e075d63c3634310878636f9498847badcab/src/main/java/org/apache/commons/configuration2/CombinedConfiguration.java,org.apache.commons.configuration2.CombinedConfiguration,beginWrite/1[boolean],upToDate,1
/home/sandro/workspace/sandro/MLCQCodeSmellSamples/scripts/../dataset/commons-configuration_34357e075d63c3634310878636f9498847badcab/src/main/java/org/apache/commons/configuration2/CombinedConfiguration.java,org.apache.commons.configuration2.CombinedConfiguration,initChildCollections/0,namedConfigurations,1
/home/sandro/workspace/sandro/MLCQCodeSmellSamples/scripts/../dataset/commons-configuration_34357e075d63c3634310878636f9498847badcab/src/main/java/org/apache/commons/configuration2/CombinedConfiguration.java,org.apache.commons.configuration2.CombinedConfiguration,initChildCollections/0,configurations,1
/home/sandro/workspace/sandro/MLCQCodeSmellSamples/scripts/../dataset/commons-configuration_34357e075d63c3634310878636f9498847badcab/src/main/java/org/apache/commons/configuration2/CombinedConfiguration.java,org.apache.commons.configuration2.CombinedConfiguration,removeConfiguration/1[org.apache.commons.configuration2.Configuration],configurations,1
/home/sandro/workspace/sandro/MLCQCodeSmellSamples/scripts/../dataset/commons-configuration_34357e075d63c3634310878636f9498847badcab/src/main/java/org/apache/commons/configuration2/CombinedConfiguration.java,org.apache.commons.configuration2.CombinedConfiguration,unregisterListenerAtChildren/0,configurations,2
/home/sandro/workspace/sandro/MLCQCodeSmellSamples/scripts/../dataset/commons-configuration_34357e075d63c3634310878636f9498847badcab/src/main/java/org/apache/commons/configuration2/CombinedConfiguration.java,org.apache.commons.configuration2.CombinedConfiguration,findSourceConfigurations/1[org.apache.commons.configuration2.tree.ImmutableNode],configurations,1
/home/sandro/workspace/sandro/MLCQCodeSmellSamples/scripts/../dataset/commons-configuration_34357e075d63c3634310878636f9498847badcab/src/main/java/org/apache/commons/configuration2/CombinedConfiguration.java,org.apache.commons.configuration2.CombinedConfiguration,getConfigurations/0,configurations,1
/home/sandro/workspace/sandro/MLCQCodeSmellSamples/scripts/../dataset/commons-configuration_34357e075d63c3634310878636f9498847badcab/src/main/java/org/apache/commons/configuration2/CombinedConfiguration.java,org.apache.commons.configuration2.CombinedConfiguration,setNodeCombiner/1[org.apache.commons.configuration2.tree.NodeCombiner],nodeCombiner,5
/home/sandro/workspace/sandro/MLCQCodeSmellSamples/scripts/../dataset/commons-configuration_34357e075d63c3634310878636f9498847badcab/src/main/java/org/apache/commons/configuration2/CombinedConfiguration.java,org.apache.commons.configuration2.CombinedConfiguration,getConfiguration/1[java.lang.String],namedConfigurations,1
/home/sandro/workspace/sandro/MLCQCodeSmellSamples/scripts/../dataset/commons-configuration_34357e075d63c3634310878636f9498847badcab/src/main/java/org/apache/commons/configuration2/CombinedConfiguration.java,org.apache.commons.configuration2.CombinedConfiguration,CombinedConfiguration/1[org.apache.commons.configuration2.tree.NodeCombiner],DEFAULT_COMBINER,1
/home/sandro/workspace/sandro/MLCQCodeSmellSamples/scripts/../dataset/commons-configuration_34357e075d63c3634310878636f9498847badcab/src/main/java/org/apache/commons/configuration2/CombinedConfiguration.java,org.apache.commons.configuration2.CombinedConfiguration,CombinedConfiguration/1[org.apache.commons.configuration2.tree.NodeCombiner],nodeCombiner,1
/home/sandro/workspace/sandro/MLCQCodeSmellSamples/scripts/../dataset/commons-configuration_34357e075d63c3634310878636f9498847badcab/src/main/java/org/apache/commons/configuration2/CombinedConfiguration.java,org.apache.commons.configuration2.CombinedConfiguration,invalidateInternal/0,upToDate,1
/home/sandro/workspace/sandro/MLCQCodeSmellSamples/scripts/../dataset/commons-configuration_34357e075d63c3634310878636f9498847badcab/src/main/java/org/apache/commons/configuration2/CombinedConfiguration.java,org.apache.commons.configuration2.CombinedConfiguration,invalidateInternal/0,COMBINED_INVALIDATE,1
/home/sandro/workspace/sandro/MLCQCodeSmellSamples/scripts/../dataset/commons-configuration_34357e075d63c3634310878636f9498847badcab/src/main/java/org/apache/commons/configuration2/CombinedConfiguration.java,org.apache.commons.configuration2.CombinedConfiguration,getConfigurationNameList/0,configurations,1
/home/sandro/workspace/sandro/MLCQCodeSmellSamples/scripts/../dataset/commons-configuration_34357e075d63c3634310878636f9498847badcab/src/main/java/org/apache/commons/configuration2/CombinedConfiguration.java,org.apache.commons.configuration2.CombinedConfiguration,setConversionExpressionEngine/1[org.apache.commons.configuration2.tree.ExpressionEngine],conversionExpressionEngine,4
/home/sandro/workspace/sandro/MLCQCodeSmellSamples/scripts/../dataset/commons-configuration_34357e075d63c3634310878636f9498847badcab/src/main/java/org/apache/commons/configuration2/CombinedConfiguration.java,org.apache.commons.configuration2.CombinedConfiguration,getConversionExpressionEngine/0,conversionExpressionEngine,1
/home/sandro/workspace/sandro/MLCQCodeSmellSamples/scripts/../dataset/commons-configuration_34357e075d63c3634310878636f9498847badcab/src/main/java/org/apache/commons/configuration2/CombinedConfiguration.java,org.apache.commons.configuration2.CombinedConfiguration,getNumberOfConfigurationsInternal/0,configurations,1
/home/sandro/workspace/sandro/MLCQCodeSmellSamples/scripts/../dataset/commons-configuration_34357e075d63c3634310878636f9498847badcab/src/main/java/org/apache/commons/configuration2/CombinedConfiguration.java,org.apache.commons.configuration2.CombinedConfiguration,removeConfigurationAt/1[int],namedConfigurations,1
/home/sandro/workspace/sandro/MLCQCodeSmellSamples/scripts/../dataset/commons-configuration_34357e075d63c3634310878636f9498847badcab/src/main/java/org/apache/commons/configuration2/CombinedConfiguration.java,org.apache.commons.configuration2.CombinedConfiguration,removeConfigurationAt/1[int],configurations,1
/home/sandro/workspace/sandro/MLCQCodeSmellSamples/scripts/../dataset/commons-configuration_34357e075d63c3634310878636f9498847badcab/src/main/java/org/apache/commons/configuration2/CombinedConfiguration.java,org.apache.commons.configuration2.CombinedConfiguration,getConfiguration/1[int],configurations,1
/home/sandro/workspace/sandro/MLCQCodeSmellSamples/scripts/../dataset/commons-configuration_34357e075d63c3634310878636f9498847badcab/src/main/java/org/apache/commons/configuration2/CombinedConfiguration.java,org.apache.commons.configuration2.CombinedConfiguration,getConfigurationNames/0,namedConfigurations,1
/home/sandro/workspace/sandro/MLCQCodeSmellSamples/scripts/../dataset/commons-configuration_34357e075d63c3634310878636f9498847badcab/src/main/java/org/apache/commons/configuration2/CombinedConfiguration.java,org.apache.commons.configuration2.CombinedConfiguration,clone/0,configurations,1
/home/sandro/workspace/sandro/MLCQCodeSmellSamples/scripts/../dataset/commons-configuration_34357e075d63c3634310878636f9498847badcab/src/main/java/org/apache/commons/configuration2/CombinedConfiguration.java,org.apache.commons.configuration2.CombinedConfiguration,constructCombinedNode/0,nodeCombiner,1
/home/sandro/workspace/sandro/MLCQCodeSmellSamples/scripts/../dataset/commons-configuration_34357e075d63c3634310878636f9498847badcab/src/main/java/org/apache/commons/configuration2/CombinedConfiguration.java,org.apache.commons.configuration2.CombinedConfiguration,constructCombinedNode/0,configurations,1
/home/sandro/workspace/sandro/MLCQCodeSmellSamples/scripts/../dataset/commons-configuration_34357e075d63c3634310878636f9498847badcab/src/main/java/org/apache/commons/configuration2/CombinedConfiguration.java,org.apache.commons.configuration2.CombinedConfiguration,constructCombinedNode/0,EMPTY_ROOT,1
/home/sandro/workspace/sandro/MLCQCodeSmellSamples/scripts/../dataset/commons-configuration_34357e075d63c3634310878636f9498847badcab/src/main/java/org/apache/commons/configuration2/CombinedConfiguration.java,org.apache.commons.configuration2.CombinedConfiguration,getNodeCombiner/0,nodeCombiner,1
/home/sandro/workspace/sandro/MLCQCodeSmellSamples/scripts/../dataset/commons-configuration_34357e075d63c3634310878636f9498847badcab/src/main/java/org/apache/commons/configuration2/CombinedConfiguration.java,org.apache.commons.configuration2.CombinedConfiguration,isUpToDate/0,upToDate,1
/home/sandro/workspace/sandro/MLCQCodeSmellSamples/scripts/../dataset/commons-configuration_34357e075d63c3634310878636f9498847badcab/src/test/java/org/apache/commons/configuration2/builder/TestBasicConfigurationBuilder.java,org.apache.commons.configuration2.builder.TestBasicConfigurationBuilder$InitializableConfiguration,initialize/0,initProperty,1
/home/sandro/workspace/sandro/MLCQCodeSmellSamples/scripts/../dataset/commons-configuration_34357e075d63c3634310878636f9498847badcab/src/test/java/org/apache/commons/configuration2/builder/TestBasicConfigurationBuilder.java,org.apache.commons.configuration2.builder.TestBasicConfigurationBuilder$InitializableConfiguration,getInitProperty/0,initProperty,1
/home/sandro/workspace/sandro/MLCQCodeSmellSamples/scripts/../dataset/commons-configuration_34357e075d63c3634310878636f9498847badcab/src/test/java/org/apache/commons/configuration2/builder/combined/TestReloadingCombinedConfigurationBuilderFileBased.java,org.apache.commons.configuration2.builder.combined.TestReloadingCombinedConfigurationBuilderFileBased$ConstantConfigurationBuilder,ConstantConfigurationBuilder/1[org.apache.commons.configuration2.BaseHierarchicalConfiguration],configuration,1
/home/sandro/workspace/sandro/MLCQCodeSmellSamples/scripts/../dataset/commons-configuration_34357e075d63c3634310878636f9498847badcab/src/test/java/org/apache/commons/configuration2/builder/combined/TestReloadingCombinedConfigurationBuilderFileBased.java,org.apache.commons.configuration2.builder.combined.TestReloadingCombinedConfigurationBuilderFileBased$ConstantConfigurationBuilder,getConfiguration/0,configuration,1
/home/sandro/workspace/sandro/MLCQCodeSmellSamples/scripts/../dataset/commons-configuration_34357e075d63c3634310878636f9498847badcab/src/test/java/org/apache/commons/configuration2/interpol/TestConstantLookup.java,org.apache.commons.configuration2.interpol.TestConstantLookup,testLookupNonExisting/0,lookup,2
/home/sandro/workspace/sandro/MLCQCodeSmellSamples/scripts/../dataset/commons-configuration_34357e075d63c3634310878636f9498847badcab/src/test/java/org/apache/commons/configuration2/interpol/TestConstantLookup.java,org.apache.commons.configuration2.interpol.TestConstantLookup,setUp/0,lookup,1
/home/sandro/workspace/sandro/MLCQCodeSmellSamples/scripts/../dataset/commons-configuration_34357e075d63c3634310878636f9498847badcab/src/test/java/org/apache/commons/configuration2/interpol/TestConstantLookup.java,org.apache.commons.configuration2.interpol.TestConstantLookup,testLookupUnknownClass/0,lookup,2
/home/sandro/workspace/sandro/MLCQCodeSmellSamples/scripts/../dataset/commons-configuration_34357e075d63c3634310878636f9498847badcab/src/test/java/org/apache/commons/configuration2/interpol/TestConstantLookup.java,org.apache.commons.configuration2.interpol.TestConstantLookup,testLookupUnknownClass/0,FIELD,1
/home/sandro/workspace/sandro/MLCQCodeSmellSamples/scripts/../dataset/commons-configuration_34357e075d63c3634310878636f9498847badcab/src/test/java/org/apache/commons/configuration2/interpol/TestConstantLookup.java,org.apache.commons.configuration2.interpol.TestConstantLookup,testLookupConstant/0,lookup,2
/home/sandro/workspace/sandro/MLCQCodeSmellSamples/scripts/../dataset/commons-configuration_34357e075d63c3634310878636f9498847badcab/src/test/java/org/apache/commons/configuration2/interpol/TestConstantLookup.java,org.apache.commons.configuration2.interpol.TestConstantLookup,testLookupConstant/0,FIELD,1
/home/sandro/workspace/sandro/MLCQCodeSmellSamples/scripts/../dataset/commons-configuration_34357e075d63c3634310878636f9498847badcab/src/test/java/org/apache/commons/configuration2/interpol/TestConstantLookup.java,org.apache.commons.configuration2.interpol.TestConstantLookup,testLookupPrivate/0,lookup,2
/home/sandro/workspace/sandro/MLCQCodeSmellSamples/scripts/../dataset/commons-configuration_34357e075d63c3634310878636f9498847badcab/src/test/java/org/apache/commons/configuration2/interpol/TestConstantLookup.java,org.apache.commons.configuration2.interpol.TestConstantLookup,testLookupNull/0,lookup,2
/home/sandro/workspace/sandro/MLCQCodeSmellSamples/scripts/../dataset/commons-configuration_34357e075d63c3634310878636f9498847badcab/src/test/java/org/apache/commons/configuration2/interpol/TestConstantLookup.java,org.apache.commons.configuration2.interpol.TestConstantLookup,testLookupNonStringFromCache/0,lookup,4
/home/sandro/workspace/sandro/MLCQCodeSmellSamples/scripts/../dataset/commons-configuration_34357e075d63c3634310878636f9498847badcab/src/test/java/org/apache/commons/configuration2/interpol/TestConstantLookup.java,org.apache.commons.configuration2.interpol.TestConstantLookup,testLookupInvalidSyntax/0,lookup,2
/home/sandro/workspace/sandro/MLCQCodeSmellSamples/scripts/../dataset/commons-configuration_34357e075d63c3634310878636f9498847badcab/src/test/java/org/apache/commons/configuration2/TestConfigurationUtils.java,org.apache.commons.configuration2.TestConfigurationUtils$CloneableSynchronizer,isCloned/0,cloned,1
/home/sandro/workspace/sandro/MLCQCodeSmellSamples/scripts/../dataset/commons-configuration_34357e075d63c3634310878636f9498847badcab/src/test/java/org/apache/commons/configuration2/TestConfigurationUtils.java,org.apache.commons.configuration2.TestConfigurationUtils$CloneableSynchronizer,CloneableSynchronizer/1[boolean],cloned,1
/home/sandro/workspace/sandro/MLCQCodeSmellSamples/scripts/../dataset/commons-configuration_34357e075d63c3634310878636f9498847badcab/src/main/java/org/apache/commons/configuration2/tree/DefaultConfigurationKey.java,org.apache.commons.configuration2.tree.DefaultConfigurationKey$KeyIterator,nextKeyPart/0,startIndex,4
/home/sandro/workspace/sandro/MLCQCodeSmellSamples/scripts/../dataset/commons-configuration_34357e075d63c3634310878636f9498847badcab/src/main/java/org/apache/commons/configuration2/tree/DefaultConfigurationKey.java,org.apache.commons.configuration2.tree.DefaultConfigurationKey$KeyIterator,nextKeyPart/0,endIndex,2
/home/sandro/workspace/sandro/MLCQCodeSmellSamples/scripts/../dataset/commons-configuration_34357e075d63c3634310878636f9498847badcab/src/main/java/org/apache/commons/configuration2/tree/DefaultConfigurationKey.java,org.apache.commons.configuration2.tree.DefaultConfigurationKey$KeyIterator,checkIndex/1[java.lang.String],current,1
/home/sandro/workspace/sandro/MLCQCodeSmellSamples/scripts/../dataset/commons-configuration_34357e075d63c3634310878636f9498847badcab/src/main/java/org/apache/commons/configuration2/tree/DefaultConfigurationKey.java,org.apache.commons.configuration2.tree.DefaultConfigurationKey$KeyIterator,checkIndex/1[java.lang.String],indexValue,1
/home/sandro/workspace/sandro/MLCQCodeSmellSamples/scripts/../dataset/commons-configuration_34357e075d63c3634310878636f9498847badcab/src/main/java/org/apache/commons/configuration2/tree/DefaultConfigurationKey.java,org.apache.commons.configuration2.tree.DefaultConfigurationKey$KeyIterator,getIndex/0,indexValue,1
/home/sandro/workspace/sandro/MLCQCodeSmellSamples/scripts/../dataset/commons-configuration_34357e075d63c3634310878636f9498847badcab/src/main/java/org/apache/commons/configuration2/tree/DefaultConfigurationKey.java,org.apache.commons.configuration2.tree.DefaultConfigurationKey$KeyIterator,isPropertyKey/0,attribute,1
/home/sandro/workspace/sandro/MLCQCodeSmellSamples/scripts/../dataset/commons-configuration_34357e075d63c3634310878636f9498847badcab/src/main/java/org/apache/commons/configuration2/tree/DefaultConfigurationKey.java,org.apache.commons.configuration2.tree.DefaultConfigurationKey$KeyIterator,currentKey/1[boolean],current,2
/home/sandro/workspace/sandro/MLCQCodeSmellSamples/scripts/../dataset/commons-configuration_34357e075d63c3634310878636f9498847badcab/src/main/java/org/apache/commons/configuration2/tree/DefaultConfigurationKey.java,org.apache.commons.configuration2.tree.DefaultConfigurationKey$KeyIterator,isAttribute/0,attribute,1
/home/sandro/workspace/sandro/MLCQCodeSmellSamples/scripts/../dataset/commons-configuration_34357e075d63c3634310878636f9498847badcab/src/main/java/org/apache/commons/configuration2/tree/DefaultConfigurationKey.java,org.apache.commons.configuration2.tree.DefaultConfigurationKey$KeyIterator,hasIndex/0,hasIndex,2
/home/sandro/workspace/sandro/MLCQCodeSmellSamples/scripts/../dataset/commons-configuration_34357e075d63c3634310878636f9498847badcab/src/main/java/org/apache/commons/configuration2/tree/DefaultConfigurationKey.java,org.apache.commons.configuration2.tree.DefaultConfigurationKey$KeyIterator,checkAttribute/1[java.lang.String],current,1
/home/sandro/workspace/sandro/MLCQCodeSmellSamples/scripts/../dataset/commons-configuration_34357e075d63c3634310878636f9498847badcab/src/main/java/org/apache/commons/configuration2/tree/DefaultConfigurationKey.java,org.apache.commons.configuration2.tree.DefaultConfigurationKey$KeyIterator,nextKey/1[boolean],current,2
/home/sandro/workspace/sandro/MLCQCodeSmellSamples/scripts/../dataset/commons-configuration_34357e075d63c3634310878636f9498847badcab/src/main/java/org/apache/commons/configuration2/tree/DefaultConfigurationKey.java,org.apache.commons.configuration2.tree.DefaultConfigurationKey$KeyIterator,nextKey/1[boolean],hasIndex,2
/home/sandro/workspace/sandro/MLCQCodeSmellSamples/scripts/../dataset/commons-configuration_34357e075d63c3634310878636f9498847badcab/src/main/java/org/apache/commons/configuration2/tree/DefaultConfigurationKey.java,org.apache.commons.configuration2.tree.DefaultConfigurationKey$KeyIterator,nextKey/1[boolean],attribute,1
/home/sandro/workspace/sandro/MLCQCodeSmellSamples/scripts/../dataset/commons-configuration_34357e075d63c3634310878636f9498847badcab/src/main/java/org/apache/commons/configuration2/tree/DefaultConfigurationKey.java,org.apache.commons.configuration2.tree.DefaultConfigurationKey$KeyIterator,nextKey/1[boolean],indexValue,1
/home/sandro/workspace/sandro/MLCQCodeSmellSamples/scripts/../dataset/commons-configuration_34357e075d63c3634310878636f9498847badcab/src/main/java/org/apache/commons/configuration2/tree/DefaultConfigurationKey.java,org.apache.commons.configuration2.tree.DefaultConfigurationKey$KeyIterator,findNextIndices/0,startIndex,7
/home/sandro/workspace/sandro/MLCQCodeSmellSamples/scripts/../dataset/commons-configuration_34357e075d63c3634310878636f9498847badcab/src/main/java/org/apache/commons/configuration2/tree/DefaultConfigurationKey.java,org.apache.commons.configuration2.tree.DefaultConfigurationKey$KeyIterator,findNextIndices/0,endIndex,4
/home/sandro/workspace/sandro/MLCQCodeSmellSamples/scripts/../dataset/commons-configuration_34357e075d63c3634310878636f9498847badcab/src/main/java/org/apache/commons/configuration2/tree/DefaultConfigurationKey.java,org.apache.commons.configuration2.tree.DefaultConfigurationKey$KeyIterator,hasNext/0,endIndex,1
/home/sandro/workspace/sandro/MLCQCodeSmellSamples/scripts/../dataset/commons-configuration_34357e075d63c3634310878636f9498847badcab/src/test/java/org/apache/commons/configuration2/tree/xpath/TestXPathExpressionEngine.java,org.apache.commons.configuration2.tree.xpath.TestXPathExpressionEngine,setUpBeforeClass/0,handler,1
/home/sandro/workspace/sandro/MLCQCodeSmellSamples/scripts/../dataset/commons-configuration_34357e075d63c3634310878636f9498847badcab/src/test/java/org/apache/commons/configuration2/tree/xpath/TestXPathExpressionEngine.java,org.apache.commons.configuration2.tree.xpath.TestXPathExpressionEngine,setUpBeforeClass/0,ROOT_NAME,1
/home/sandro/workspace/sandro/MLCQCodeSmellSamples/scripts/../dataset/commons-configuration_34357e075d63c3634310878636f9498847badcab/src/test/java/org/apache/commons/configuration2/tree/xpath/TestXPathExpressionEngine.java,org.apache.commons.configuration2.tree.xpath.TestXPathExpressionEngine,setUpBeforeClass/0,root,2
/home/sandro/workspace/sandro/MLCQCodeSmellSamples/scripts/../dataset/commons-configuration_34357e075d63c3634310878636f9498847badcab/src/test/java/org/apache/commons/configuration2/tree/xpath/TestXPathExpressionEngine.java,org.apache.commons.configuration2.tree.xpath.TestXPathExpressionEngine,checkEmptyKey/1[java.lang.String],handler,1
/home/sandro/workspace/sandro/MLCQCodeSmellSamples/scripts/../dataset/commons-configuration_34357e075d63c3634310878636f9498847badcab/src/test/java/org/apache/commons/configuration2/tree/xpath/TestXPathExpressionEngine.java,org.apache.commons.configuration2.tree.xpath.TestXPathExpressionEngine,checkEmptyKey/1[java.lang.String],root,2
/home/sandro/workspace/sandro/MLCQCodeSmellSamples/scripts/../dataset/commons-configuration_34357e075d63c3634310878636f9498847badcab/src/test/java/org/apache/commons/configuration2/tree/xpath/TestXPathExpressionEngine.java,org.apache.commons.configuration2.tree.xpath.TestXPathExpressionEngine,testPrepareAddAttribute/0,handler,1
/home/sandro/workspace/sandro/MLCQCodeSmellSamples/scripts/../dataset/commons-configuration_34357e075d63c3634310878636f9498847badcab/src/test/java/org/apache/commons/configuration2/tree/xpath/TestXPathExpressionEngine.java,org.apache.commons.configuration2.tree.xpath.TestXPathExpressionEngine,testPrepareAddAttribute/0,root,2
/home/sandro/workspace/sandro/MLCQCodeSmellSamples/scripts/../dataset/commons-configuration_34357e075d63c3634310878636f9498847badcab/src/test/java/org/apache/commons/configuration2/tree/xpath/TestXPathExpressionEngine.java,org.apache.commons.configuration2.tree.xpath.TestXPathExpressionEngine,testPrepareAddAttribute/0,TEST_KEY,1
/home/sandro/workspace/sandro/MLCQCodeSmellSamples/scripts/../dataset/commons-configuration_34357e075d63c3634310878636f9498847badcab/src/test/java/org/apache/commons/configuration2/tree/xpath/TestXPathExpressionEngine.java,org.apache.commons.configuration2.tree.xpath.TestXPathExpressionEngine,expectSelect/1[java.lang.Object[]],TEST_KEY,1
/home/sandro/workspace/sandro/MLCQCodeSmellSamples/scripts/../dataset/commons-configuration_34357e075d63c3634310878636f9498847badcab/src/test/java/org/apache/commons/configuration2/tree/xpath/TestXPathExpressionEngine.java,org.apache.commons.configuration2.tree.xpath.TestXPathExpressionEngine,testCanonicalKeyRootNoParentKey/0,handler,1
/home/sandro/workspace/sandro/MLCQCodeSmellSamples/scripts/../dataset/commons-configuration_34357e075d63c3634310878636f9498847badcab/src/test/java/org/apache/commons/configuration2/tree/xpath/TestXPathExpressionEngine.java,org.apache.commons.configuration2.tree.xpath.TestXPathExpressionEngine,testCanonicalKeyRootNoParentKey/0,root,1
/home/sandro/workspace/sandro/MLCQCodeSmellSamples/scripts/../dataset/commons-configuration_34357e075d63c3634310878636f9498847badcab/src/test/java/org/apache/commons/configuration2/tree/xpath/TestXPathExpressionEngine.java,org.apache.commons.configuration2.tree.xpath.TestXPathExpressionEngine,testPrepareAddPath/0,handler,1
/home/sandro/workspace/sandro/MLCQCodeSmellSamples/scripts/../dataset/commons-configuration_34357e075d63c3634310878636f9498847badcab/src/test/java/org/apache/commons/configuration2/tree/xpath/TestXPathExpressionEngine.java,org.apache.commons.configuration2.tree.xpath.TestXPathExpressionEngine,testPrepareAddPath/0,root,2
/home/sandro/workspace/sandro/MLCQCodeSmellSamples/scripts/../dataset/commons-configuration_34357e075d63c3634310878636f9498847badcab/src/test/java/org/apache/commons/configuration2/tree/xpath/TestXPathExpressionEngine.java,org.apache.commons.configuration2.tree.xpath.TestXPathExpressionEngine,testPrepareAddPath/0,TEST_KEY,1
/home/sandro/workspace/sandro/MLCQCodeSmellSamples/scripts/../dataset/commons-configuration_34357e075d63c3634310878636f9498847badcab/src/test/java/org/apache/commons/configuration2/tree/xpath/TestXPathExpressionEngine.java,org.apache.commons.configuration2.tree.xpath.TestXPathExpressionEngine,testPrepareAddEmptyKey/0,handler,1
/home/sandro/workspace/sandro/MLCQCodeSmellSamples/scripts/../dataset/commons-configuration_34357e075d63c3634310878636f9498847badcab/src/test/java/org/apache/commons/configuration2/tree/xpath/TestXPathExpressionEngine.java,org.apache.commons.configuration2.tree.xpath.TestXPathExpressionEngine,testPrepareAddEmptyKey/0,root,1
/home/sandro/workspace/sandro/MLCQCodeSmellSamples/scripts/../dataset/commons-configuration_34357e075d63c3634310878636f9498847badcab/src/test/java/org/apache/commons/configuration2/tree/xpath/TestXPathExpressionEngine.java,org.apache.commons.configuration2.tree.xpath.TestXPathExpressionEngine,testPrepareAddEmptyPath/0,handler,1
/home/sandro/workspace/sandro/MLCQCodeSmellSamples/scripts/../dataset/commons-configuration_34357e075d63c3634310878636f9498847badcab/src/test/java/org/apache/commons/configuration2/tree/xpath/TestXPathExpressionEngine.java,org.apache.commons.configuration2.tree.xpath.TestXPathExpressionEngine,testPrepareAddEmptyPath/0,root,1
/home/sandro/workspace/sandro/MLCQCodeSmellSamples/scripts/../dataset/commons-configuration_34357e075d63c3634310878636f9498847badcab/src/test/java/org/apache/commons/configuration2/tree/xpath/TestXPathExpressionEngine.java,org.apache.commons.configuration2.tree.xpath.TestXPathExpressionEngine,testPrepareAddEmptyPath/0,TEST_KEY,1
/home/sandro/workspace/sandro/MLCQCodeSmellSamples/scripts/../dataset/commons-configuration_34357e075d63c3634310878636f9498847badcab/src/test/java/org/apache/commons/configuration2/tree/xpath/TestXPathExpressionEngine.java,org.apache.commons.configuration2.tree.xpath.TestXPathExpressionEngine,"checkAddPath/3[org.apache.commons.configuration2.tree.NodeAddData<org.apache.commons.configuration2.tree.ImmutableNode>,boolean,java.lang.String[]]",root,1
/home/sandro/workspace/sandro/MLCQCodeSmellSamples/scripts/../dataset/commons-configuration_34357e075d63c3634310878636f9498847badcab/src/test/java/org/apache/commons/configuration2/tree/xpath/TestXPathExpressionEngine.java,org.apache.commons.configuration2.tree.xpath.TestXPathExpressionEngine,testQueryAttributeExpression/0,handler,1
/home/sandro/workspace/sandro/MLCQCodeSmellSamples/scripts/../dataset/commons-configuration_34357e075d63c3634310878636f9498847badcab/src/test/java/org/apache/commons/configuration2/tree/xpath/TestXPathExpressionEngine.java,org.apache.commons.configuration2.tree.xpath.TestXPathExpressionEngine,testQueryAttributeExpression/0,root,2
/home/sandro/workspace/sandro/MLCQCodeSmellSamples/scripts/../dataset/commons-configuration_34357e075d63c3634310878636f9498847badcab/src/test/java/org/apache/commons/configuration2/tree/xpath/TestXPathExpressionEngine.java,org.apache.commons.configuration2.tree.xpath.TestXPathExpressionEngine,testQueryAttributeExpression/0,TEST_KEY,1
/home/sandro/workspace/sandro/MLCQCodeSmellSamples/scripts/../dataset/commons-configuration_34357e075d63c3634310878636f9498847badcab/src/test/java/org/apache/commons/configuration2/tree/xpath/TestXPathExpressionEngine.java,org.apache.commons.configuration2.tree.xpath.TestXPathExpressionEngine,testPrepareAddInvalidParent/0,handler,1
/home/sandro/workspace/sandro/MLCQCodeSmellSamples/scripts/../dataset/commons-configuration_34357e075d63c3634310878636f9498847badcab/src/test/java/org/apache/commons/configuration2/tree/xpath/TestXPathExpressionEngine.java,org.apache.commons.configuration2.tree.xpath.TestXPathExpressionEngine,testPrepareAddInvalidParent/0,root,1
/home/sandro/workspace/sandro/MLCQCodeSmellSamples/scripts/../dataset/commons-configuration_34357e075d63c3634310878636f9498847badcab/src/test/java/org/apache/commons/configuration2/tree/xpath/TestXPathExpressionEngine.java,org.apache.commons.configuration2.tree.xpath.TestXPathExpressionEngine,testPrepareAddInvalidParent/0,TEST_KEY,1
/home/sandro/workspace/sandro/MLCQCodeSmellSamples/scripts/../dataset/commons-configuration_34357e075d63c3634310878636f9498847badcab/src/test/java/org/apache/commons/configuration2/tree/xpath/TestXPathExpressionEngine.java,org.apache.commons.configuration2.tree.xpath.TestXPathExpressionEngine,testNodeKeyForRootNode/0,handler,1
/home/sandro/workspace/sandro/MLCQCodeSmellSamples/scripts/../dataset/commons-configuration_34357e075d63c3634310878636f9498847badcab/src/test/java/org/apache/commons/configuration2/tree/xpath/TestXPathExpressionEngine.java,org.apache.commons.configuration2.tree.xpath.TestXPathExpressionEngine,testNodeKeyForRootNode/0,root,1
/home/sandro/workspace/sandro/MLCQCodeSmellSamples/scripts/../dataset/commons-configuration_34357e075d63c3634310878636f9498847badcab/src/test/java/org/apache/commons/configuration2/tree/xpath/TestXPathExpressionEngine.java,org.apache.commons.configuration2.tree.xpath.TestXPathExpressionEngine,testPrepareAddRootAttribute/0,handler,1
/home/sandro/workspace/sandro/MLCQCodeSmellSamples/scripts/../dataset/commons-configuration_34357e075d63c3634310878636f9498847badcab/src/test/java/org/apache/commons/configuration2/tree/xpath/TestXPathExpressionEngine.java,org.apache.commons.configuration2.tree.xpath.TestXPathExpressionEngine,testPrepareAddRootAttribute/0,root,2
/home/sandro/workspace/sandro/MLCQCodeSmellSamples/scripts/../dataset/commons-configuration_34357e075d63c3634310878636f9498847badcab/src/test/java/org/apache/commons/configuration2/tree/xpath/TestXPathExpressionEngine.java,org.apache.commons.configuration2.tree.xpath.TestXPathExpressionEngine,testNodeKeyForRootChild/0,handler,1
/home/sandro/workspace/sandro/MLCQCodeSmellSamples/scripts/../dataset/commons-configuration_34357e075d63c3634310878636f9498847badcab/src/test/java/org/apache/commons/configuration2/tree/xpath/TestXPathExpressionEngine.java,org.apache.commons.configuration2.tree.xpath.TestXPathExpressionEngine,testNodeKeyForRootChild/0,ROOT_NAME,1
/home/sandro/workspace/sandro/MLCQCodeSmellSamples/scripts/../dataset/commons-configuration_34357e075d63c3634310878636f9498847badcab/src/test/java/org/apache/commons/configuration2/tree/xpath/TestXPathExpressionEngine.java,org.apache.commons.configuration2.tree.xpath.TestXPathExpressionEngine,testNodeKeyForRootChild/0,root,1
/home/sandro/workspace/sandro/MLCQCodeSmellSamples/scripts/../dataset/commons-configuration_34357e075d63c3634310878636f9498847badcab/src/test/java/org/apache/commons/configuration2/tree/xpath/TestXPathExpressionEngine.java,org.apache.commons.configuration2.tree.xpath.TestXPathExpressionEngine,testPrepareAddAttributePath/0,handler,1
/home/sandro/workspace/sandro/MLCQCodeSmellSamples/scripts/../dataset/commons-configuration_34357e075d63c3634310878636f9498847badcab/src/test/java/org/apache/commons/configuration2/tree/xpath/TestXPathExpressionEngine.java,org.apache.commons.configuration2.tree.xpath.TestXPathExpressionEngine,testPrepareAddAttributePath/0,root,2
/home/sandro/workspace/sandro/MLCQCodeSmellSamples/scripts/../dataset/commons-configuration_34357e075d63c3634310878636f9498847badcab/src/test/java/org/apache/commons/configuration2/tree/xpath/TestXPathExpressionEngine.java,org.apache.commons.configuration2.tree.xpath.TestXPathExpressionEngine,testPrepareAddAttributePath/0,TEST_KEY,1
/home/sandro/workspace/sandro/MLCQCodeSmellSamples/scripts/../dataset/commons-configuration_34357e075d63c3634310878636f9498847badcab/src/test/java/org/apache/commons/configuration2/tree/xpath/TestXPathExpressionEngine.java,org.apache.commons.configuration2.tree.xpath.TestXPathExpressionEngine,testPrepareAddNode/0,handler,1
/home/sandro/workspace/sandro/MLCQCodeSmellSamples/scripts/../dataset/commons-configuration_34357e075d63c3634310878636f9498847badcab/src/test/java/org/apache/commons/configuration2/tree/xpath/TestXPathExpressionEngine.java,org.apache.commons.configuration2.tree.xpath.TestXPathExpressionEngine,testPrepareAddNode/0,root,2
/home/sandro/workspace/sandro/MLCQCodeSmellSamples/scripts/../dataset/commons-configuration_34357e075d63c3634310878636f9498847badcab/src/test/java/org/apache/commons/configuration2/tree/xpath/TestXPathExpressionEngine.java,org.apache.commons.configuration2.tree.xpath.TestXPathExpressionEngine,testPrepareAddNode/0,TEST_KEY,1
/home/sandro/workspace/sandro/MLCQCodeSmellSamples/scripts/../dataset/commons-configuration_34357e075d63c3634310878636f9498847badcab/src/test/java/org/apache/commons/configuration2/tree/xpath/TestXPathExpressionEngine.java,org.apache.commons.configuration2.tree.xpath.TestXPathExpressionEngine,checkInvalidAddPath/1[java.lang.String],root,1
/home/sandro/workspace/sandro/MLCQCodeSmellSamples/scripts/../dataset/commons-configuration_34357e075d63c3634310878636f9498847badcab/src/test/java/org/apache/commons/configuration2/tree/xpath/TestXPathExpressionEngine.java,org.apache.commons.configuration2.tree.xpath.TestXPathExpressionEngine,testPrepareAddNullKey/0,handler,1
/home/sandro/workspace/sandro/MLCQCodeSmellSamples/scripts/../dataset/commons-configuration_34357e075d63c3634310878636f9498847badcab/src/test/java/org/apache/commons/configuration2/tree/xpath/TestXPathExpressionEngine.java,org.apache.commons.configuration2.tree.xpath.TestXPathExpressionEngine,testPrepareAddNullKey/0,root,1
/home/sandro/workspace/sandro/MLCQCodeSmellSamples/scripts/../dataset/commons-configuration_34357e075d63c3634310878636f9498847badcab/src/test/java/org/apache/commons/configuration2/tree/xpath/TestXPathExpressionEngine.java,org.apache.commons.configuration2.tree.xpath.TestXPathExpressionEngine,testQueryWithoutResult/0,handler,1
/home/sandro/workspace/sandro/MLCQCodeSmellSamples/scripts/../dataset/commons-configuration_34357e075d63c3634310878636f9498847badcab/src/test/java/org/apache/commons/configuration2/tree/xpath/TestXPathExpressionEngine.java,org.apache.commons.configuration2.tree.xpath.TestXPathExpressionEngine,testQueryWithoutResult/0,root,1
/home/sandro/workspace/sandro/MLCQCodeSmellSamples/scripts/../dataset/commons-configuration_34357e075d63c3634310878636f9498847badcab/src/test/java/org/apache/commons/configuration2/tree/xpath/TestXPathExpressionEngine.java,org.apache.commons.configuration2.tree.xpath.TestXPathExpressionEngine,testQueryWithoutResult/0,TEST_KEY,1
/home/sandro/workspace/sandro/MLCQCodeSmellSamples/scripts/../dataset/commons-configuration_34357e075d63c3634310878636f9498847badcab/src/test/java/org/apache/commons/configuration2/tree/xpath/TestXPathExpressionEngine.java,org.apache.commons.configuration2.tree.xpath.TestXPathExpressionEngine,testPrepareAddRootChild/0,handler,1
/home/sandro/workspace/sandro/MLCQCodeSmellSamples/scripts/../dataset/commons-configuration_34357e075d63c3634310878636f9498847badcab/src/test/java/org/apache/commons/configuration2/tree/xpath/TestXPathExpressionEngine.java,org.apache.commons.configuration2.tree.xpath.TestXPathExpressionEngine,testPrepareAddRootChild/0,root,2
/home/sandro/workspace/sandro/MLCQCodeSmellSamples/scripts/../dataset/commons-configuration_34357e075d63c3634310878636f9498847badcab/src/test/java/org/apache/commons/configuration2/tree/xpath/TestXPathExpressionEngine.java,org.apache.commons.configuration2.tree.xpath.TestXPathExpressionEngine,testNodeKeyNoNodeName/0,handler,1
/home/sandro/workspace/sandro/MLCQCodeSmellSamples/scripts/../dataset/commons-configuration_34357e075d63c3634310878636f9498847badcab/src/test/java/org/apache/commons/configuration2/tree/xpath/TestXPathExpressionEngine.java,org.apache.commons.configuration2.tree.xpath.TestXPathExpressionEngine,testCanonicalKeyRootWithParentKey/0,handler,1
/home/sandro/workspace/sandro/MLCQCodeSmellSamples/scripts/../dataset/commons-configuration_34357e075d63c3634310878636f9498847badcab/src/test/java/org/apache/commons/configuration2/tree/xpath/TestXPathExpressionEngine.java,org.apache.commons.configuration2.tree.xpath.TestXPathExpressionEngine,testCanonicalKeyRootWithParentKey/0,root,1
/home/sandro/workspace/sandro/MLCQCodeSmellSamples/scripts/../dataset/commons-configuration_34357e075d63c3634310878636f9498847badcab/src/test/java/org/apache/commons/configuration2/tree/xpath/TestXPathExpressionEngine.java,org.apache.commons.configuration2.tree.xpath.TestXPathExpressionEngine,testQueryNodeExpression/0,handler,1
/home/sandro/workspace/sandro/MLCQCodeSmellSamples/scripts/../dataset/commons-configuration_34357e075d63c3634310878636f9498847badcab/src/test/java/org/apache/commons/configuration2/tree/xpath/TestXPathExpressionEngine.java,org.apache.commons.configuration2.tree.xpath.TestXPathExpressionEngine,testQueryNodeExpression/0,root,3
/home/sandro/workspace/sandro/MLCQCodeSmellSamples/scripts/../dataset/commons-configuration_34357e075d63c3634310878636f9498847badcab/src/test/java/org/apache/commons/configuration2/tree/xpath/TestXPathExpressionEngine.java,org.apache.commons.configuration2.tree.xpath.TestXPathExpressionEngine,testQueryNodeExpression/0,TEST_KEY,1
/home/sandro/workspace/sandro/MLCQCodeSmellSamples/scripts/../dataset/commons-configuration_34357e075d63c3634310878636f9498847badcab/src/test/java/org/apache/commons/configuration2/tree/xpath/TestXPathExpressionEngine.java,org.apache.commons.configuration2.tree.xpath.TestXPathExpressionEngine,setUpEngine/1[org.apache.commons.configuration2.tree.xpath.JXPathContext],handler,1
/home/sandro/workspace/sandro/MLCQCodeSmellSamples/scripts/../dataset/commons-configuration_34357e075d63c3634310878636f9498847badcab/src/test/java/org/apache/commons/configuration2/tree/xpath/TestXPathExpressionEngine.java,org.apache.commons.configuration2.tree.xpath.TestXPathExpressionEngine,setUpEngine/1[org.apache.commons.configuration2.tree.xpath.JXPathContext],root,1
/home/sandro/workspace/sandro/MLCQCodeSmellSamples/scripts/../dataset/commons-configuration_34357e075d63c3634310878636f9498847badcab/src/test/java/org/apache/commons/configuration2/tree/xpath/TestXPathExpressionEngine.java,org.apache.commons.configuration2.tree.xpath.TestXPathExpressionEngine,testNodeKeyNormal/0,handler,1
/home/sandro/workspace/sandro/MLCQCodeSmellSamples/scripts/../dataset/commons-configuration_34357e075d63c3634310878636f9498847badcab/src/test/java/org/apache/commons/configuration2/tree/xpath/TestXPathExpressionEngine.java,org.apache.commons.configuration2.tree.xpath.TestXPathExpressionEngine,testNodeKeyNormal/0,ROOT_NAME,1
/home/sandro/workspace/sandro/MLCQCodeSmellSamples/scripts/../dataset/commons-configuration_34357e075d63c3634310878636f9498847badcab/src/test/java/org/apache/commons/configuration2/tree/xpath/TestXPathExpressionEngine.java,org.apache.commons.configuration2.tree.xpath.TestXPathExpressionEngine,testNodeKeyNormal/0,root,1
/home/sandro/workspace/sandro/MLCQCodeSmellSamples/scripts/../dataset/commons-configuration_34357e075d63c3634310878636f9498847badcab/src/test/java/org/apache/commons/configuration2/tree/xpath/TestXPathExpressionEngine.java,org.apache.commons.configuration2.tree.xpath.TestXPathExpressionEngine,testPrepareAddToAttributeResult/0,root,1
/home/sandro/workspace/sandro/MLCQCodeSmellSamples/scripts/../dataset/commons-configuration_34357e075d63c3634310878636f9498847badcab/src/test/java/org/apache/commons/configuration2/tree/xpath/TestXPathExpressionEngine.java,org.apache.commons.configuration2.tree.xpath.TestXPathExpressionEngine,testPrepareAddToAttributeResult/0,TEST_KEY,1
/home/sandro/workspace/sandro/MLCQCodeSmellSamples/scripts/../dataset/commons-configuration_34357e075d63c3634310878636f9498847badcab/src/main/java/org/apache/commons/configuration2/XMLPropertiesConfiguration.java,org.apache.commons.configuration2.XMLPropertiesConfiguration$XMLPropertiesHandler,"characters/3[char[],int,int]",value,1
/home/sandro/workspace/sandro/MLCQCodeSmellSamples/scripts/../dataset/commons-configuration_34357e075d63c3634310878636f9498847badcab/src/main/java/org/apache/commons/configuration2/XMLPropertiesConfiguration.java,org.apache.commons.configuration2.XMLPropertiesConfiguration$XMLPropertiesHandler,"endElement/3[java.lang.String,java.lang.String,java.lang.String]",inCommentElement,2
/home/sandro/workspace/sandro/MLCQCodeSmellSamples/scripts/../dataset/commons-configuration_34357e075d63c3634310878636f9498847badcab/src/main/java/org/apache/commons/configuration2/XMLPropertiesConfiguration.java,org.apache.commons.configuration2.XMLPropertiesConfiguration$XMLPropertiesHandler,"endElement/3[java.lang.String,java.lang.String,java.lang.String]",inEntryElement,2
/home/sandro/workspace/sandro/MLCQCodeSmellSamples/scripts/../dataset/commons-configuration_34357e075d63c3634310878636f9498847badcab/src/main/java/org/apache/commons/configuration2/XMLPropertiesConfiguration.java,org.apache.commons.configuration2.XMLPropertiesConfiguration$XMLPropertiesHandler,"endElement/3[java.lang.String,java.lang.String,java.lang.String]",value,3
/home/sandro/workspace/sandro/MLCQCodeSmellSamples/scripts/../dataset/commons-configuration_34357e075d63c3634310878636f9498847badcab/src/main/java/org/apache/commons/configuration2/XMLPropertiesConfiguration.java,org.apache.commons.configuration2.XMLPropertiesConfiguration$XMLPropertiesHandler,"endElement/3[java.lang.String,java.lang.String,java.lang.String]",key,1
/home/sandro/workspace/sandro/MLCQCodeSmellSamples/scripts/../dataset/commons-configuration_34357e075d63c3634310878636f9498847badcab/src/main/java/org/apache/commons/configuration2/XMLPropertiesConfiguration.java,org.apache.commons.configuration2.XMLPropertiesConfiguration$XMLPropertiesHandler,"startElement/4[java.lang.String,java.lang.String,java.lang.String,org.xml.sax.Attributes]",inCommentElement,1
/home/sandro/workspace/sandro/MLCQCodeSmellSamples/scripts/../dataset/commons-configuration_34357e075d63c3634310878636f9498847badcab/src/main/java/org/apache/commons/configuration2/XMLPropertiesConfiguration.java,org.apache.commons.configuration2.XMLPropertiesConfiguration$XMLPropertiesHandler,"startElement/4[java.lang.String,java.lang.String,java.lang.String,org.xml.sax.Attributes]",inEntryElement,1
/home/sandro/workspace/sandro/MLCQCodeSmellSamples/scripts/../dataset/commons-configuration_34357e075d63c3634310878636f9498847badcab/src/main/java/org/apache/commons/configuration2/XMLPropertiesConfiguration.java,org.apache.commons.configuration2.XMLPropertiesConfiguration$XMLPropertiesHandler,"startElement/4[java.lang.String,java.lang.String,java.lang.String,org.xml.sax.Attributes]",key,1
/home/sandro/workspace/sandro/MLCQCodeSmellSamples/scripts/../dataset/commons-configuration_34357e075d63c3634310878636f9498847badcab/src/test/java/org/apache/commons/configuration2/TestJNDIConfiguration.java,org.apache.commons.configuration2.TestJNDIConfiguration$PotentialErrorJNDIConfiguration,installException/1[javax.naming.NamingException],exception,1
/home/sandro/workspace/sandro/MLCQCodeSmellSamples/scripts/../dataset/commons-configuration_34357e075d63c3634310878636f9498847badcab/src/test/java/org/apache/commons/configuration2/TestJNDIConfiguration.java,org.apache.commons.configuration2.TestJNDIConfiguration$PotentialErrorJNDIConfiguration,getBaseContext/0,exception,2
/home/sandro/workspace/sandro/MLCQCodeSmellSamples/scripts/../dataset/commons-configuration_34357e075d63c3634310878636f9498847badcab/src/main/java/org/apache/commons/configuration2/builder/combined/FileExtensionConfigurationBuilderProvider.java,org.apache.commons.configuration2.builder.combined.FileExtensionConfigurationBuilderProvider,getExtension/0,extension,1
/home/sandro/workspace/sandro/MLCQCodeSmellSamples/scripts/../dataset/commons-configuration_34357e075d63c3634310878636f9498847badcab/src/main/java/org/apache/commons/configuration2/builder/combined/FileExtensionConfigurationBuilderProvider.java,org.apache.commons.configuration2.builder.combined.FileExtensionConfigurationBuilderProvider,"FileExtensionConfigurationBuilderProvider/6[java.lang.String,java.lang.String,java.lang.String,java.lang.String,java.lang.String,java.util.Collection<java.lang.String>]",extension,1
/home/sandro/workspace/sandro/MLCQCodeSmellSamples/scripts/../dataset/commons-configuration_34357e075d63c3634310878636f9498847badcab/src/main/java/org/apache/commons/configuration2/builder/combined/FileExtensionConfigurationBuilderProvider.java,org.apache.commons.configuration2.builder.combined.FileExtensionConfigurationBuilderProvider,"FileExtensionConfigurationBuilderProvider/6[java.lang.String,java.lang.String,java.lang.String,java.lang.String,java.lang.String,java.util.Collection<java.lang.String>]",matchingConfigurationClass,1
/home/sandro/workspace/sandro/MLCQCodeSmellSamples/scripts/../dataset/commons-configuration_34357e075d63c3634310878636f9498847badcab/src/main/java/org/apache/commons/configuration2/builder/combined/FileExtensionConfigurationBuilderProvider.java,org.apache.commons.configuration2.builder.combined.FileExtensionConfigurationBuilderProvider,getMatchingConfigurationClass/0,matchingConfigurationClass,1
/home/sandro/workspace/sandro/MLCQCodeSmellSamples/scripts/../dataset/commons-configuration_34357e075d63c3634310878636f9498847badcab/src/main/java/org/apache/commons/configuration2/builder/combined/FileExtensionConfigurationBuilderProvider.java,org.apache.commons.configuration2.builder.combined.FileExtensionConfigurationBuilderProvider,extractExtension/1[java.lang.String],EXT_SEPARATOR,1
/home/sandro/workspace/sandro/MLCQCodeSmellSamples/scripts/../dataset/commons-configuration_34357e075d63c3634310878636f9498847badcab/src/test/java/org/apache/commons/configuration2/tree/xpath/TestConfigurationAttributePointer.java,org.apache.commons.configuration2.tree.xpath.TestConfigurationAttributePointer,testChildIterator/0,pointer,1
/home/sandro/workspace/sandro/MLCQCodeSmellSamples/scripts/../dataset/commons-configuration_34357e075d63c3634310878636f9498847badcab/src/test/java/org/apache/commons/configuration2/tree/xpath/TestConfigurationAttributePointer.java,org.apache.commons.configuration2.tree.xpath.TestConfigurationAttributePointer,testGetName/0,pointer,1
/home/sandro/workspace/sandro/MLCQCodeSmellSamples/scripts/../dataset/commons-configuration_34357e075d63c3634310878636f9498847badcab/src/test/java/org/apache/commons/configuration2/tree/xpath/TestConfigurationAttributePointer.java,org.apache.commons.configuration2.tree.xpath.TestConfigurationAttributePointer,testGetName/0,ATTR_NAME,1
/home/sandro/workspace/sandro/MLCQCodeSmellSamples/scripts/../dataset/commons-configuration_34357e075d63c3634310878636f9498847badcab/src/test/java/org/apache/commons/configuration2/tree/xpath/TestConfigurationAttributePointer.java,org.apache.commons.configuration2.tree.xpath.TestConfigurationAttributePointer,testIsAttribute/0,pointer,1
/home/sandro/workspace/sandro/MLCQCodeSmellSamples/scripts/../dataset/commons-configuration_34357e075d63c3634310878636f9498847badcab/src/test/java/org/apache/commons/configuration2/tree/xpath/TestConfigurationAttributePointer.java,org.apache.commons.configuration2.tree.xpath.TestConfigurationAttributePointer,testAttributeIterator/0,pointer,1
/home/sandro/workspace/sandro/MLCQCodeSmellSamples/scripts/../dataset/commons-configuration_34357e075d63c3634310878636f9498847badcab/src/test/java/org/apache/commons/configuration2/tree/xpath/TestConfigurationAttributePointer.java,org.apache.commons.configuration2.tree.xpath.TestConfigurationAttributePointer,testTestNode/0,pointer,2
/home/sandro/workspace/sandro/MLCQCodeSmellSamples/scripts/../dataset/commons-configuration_34357e075d63c3634310878636f9498847badcab/src/test/java/org/apache/commons/configuration2/tree/xpath/TestConfigurationAttributePointer.java,org.apache.commons.configuration2.tree.xpath.TestConfigurationAttributePointer,setUp/0,ATTR_VALUE,1
/home/sandro/workspace/sandro/MLCQCodeSmellSamples/scripts/../dataset/commons-configuration_34357e075d63c3634310878636f9498847badcab/src/test/java/org/apache/commons/configuration2/tree/xpath/TestConfigurationAttributePointer.java,org.apache.commons.configuration2.tree.xpath.TestConfigurationAttributePointer,setUp/0,parent,2
/home/sandro/workspace/sandro/MLCQCodeSmellSamples/scripts/../dataset/commons-configuration_34357e075d63c3634310878636f9498847badcab/src/test/java/org/apache/commons/configuration2/tree/xpath/TestConfigurationAttributePointer.java,org.apache.commons.configuration2.tree.xpath.TestConfigurationAttributePointer,setUp/0,pointer,1
/home/sandro/workspace/sandro/MLCQCodeSmellSamples/scripts/../dataset/commons-configuration_34357e075d63c3634310878636f9498847badcab/src/test/java/org/apache/commons/configuration2/tree/xpath/TestConfigurationAttributePointer.java,org.apache.commons.configuration2.tree.xpath.TestConfigurationAttributePointer,setUp/0,ATTR_NAME,2
/home/sandro/workspace/sandro/MLCQCodeSmellSamples/scripts/../dataset/commons-configuration_34357e075d63c3634310878636f9498847badcab/src/test/java/org/apache/commons/configuration2/tree/xpath/TestConfigurationAttributePointer.java,org.apache.commons.configuration2.tree.xpath.TestConfigurationAttributePointer,testGetParentPointer/0,parent,1
/home/sandro/workspace/sandro/MLCQCodeSmellSamples/scripts/../dataset/commons-configuration_34357e075d63c3634310878636f9498847badcab/src/test/java/org/apache/commons/configuration2/tree/xpath/TestConfigurationAttributePointer.java,org.apache.commons.configuration2.tree.xpath.TestConfigurationAttributePointer,testGetParentPointer/0,pointer,1
/home/sandro/workspace/sandro/MLCQCodeSmellSamples/scripts/../dataset/commons-configuration_34357e075d63c3634310878636f9498847badcab/src/test/java/org/apache/commons/configuration2/tree/xpath/TestConfigurationAttributePointer.java,org.apache.commons.configuration2.tree.xpath.TestConfigurationAttributePointer,testIsLeaf/0,pointer,1
/home/sandro/workspace/sandro/MLCQCodeSmellSamples/scripts/../dataset/commons-configuration_34357e075d63c3634310878636f9498847badcab/src/test/java/org/apache/commons/configuration2/tree/xpath/TestConfigurationAttributePointer.java,org.apache.commons.configuration2.tree.xpath.TestConfigurationAttributePointer,testGetValue/0,ATTR_VALUE,1
/home/sandro/workspace/sandro/MLCQCodeSmellSamples/scripts/../dataset/commons-configuration_34357e075d63c3634310878636f9498847badcab/src/test/java/org/apache/commons/configuration2/tree/xpath/TestConfigurationAttributePointer.java,org.apache.commons.configuration2.tree.xpath.TestConfigurationAttributePointer,testGetValue/0,pointer,1
/home/sandro/workspace/sandro/MLCQCodeSmellSamples/scripts/../dataset/commons-configuration_34357e075d63c3634310878636f9498847badcab/src/test/java/org/apache/commons/configuration2/tree/xpath/TestConfigurationAttributePointer.java,org.apache.commons.configuration2.tree.xpath.TestConfigurationAttributePointer,testIsCollection/0,pointer,1
/home/sandro/workspace/sandro/MLCQCodeSmellSamples/scripts/../dataset/commons-configuration_34357e075d63c3634310878636f9498847badcab/src/test/java/org/apache/commons/configuration2/tree/xpath/TestConfigurationAttributePointer.java,org.apache.commons.configuration2.tree.xpath.TestConfigurationAttributePointer,testSetValue/0,pointer,1
/home/sandro/workspace/sandro/MLCQCodeSmellSamples/scripts/../dataset/commons-configuration_34357e075d63c3634310878636f9498847badcab/src/test/java/org/apache/commons/configuration2/tree/xpath/TestConfigurationAttributePointer.java,org.apache.commons.configuration2.tree.xpath.TestConfigurationAttributePointer,testGetBaseValue/0,ATTR_VALUE,1
/home/sandro/workspace/sandro/MLCQCodeSmellSamples/scripts/../dataset/commons-configuration_34357e075d63c3634310878636f9498847badcab/src/test/java/org/apache/commons/configuration2/tree/xpath/TestConfigurationAttributePointer.java,org.apache.commons.configuration2.tree.xpath.TestConfigurationAttributePointer,testGetBaseValue/0,pointer,1
/home/sandro/workspace/sandro/MLCQCodeSmellSamples/scripts/../dataset/commons-configuration_34357e075d63c3634310878636f9498847badcab/src/test/java/org/apache/commons/configuration2/tree/xpath/TestConfigurationAttributePointer.java,org.apache.commons.configuration2.tree.xpath.TestConfigurationAttributePointer,testGetImmediateNode/0,parent,1
/home/sandro/workspace/sandro/MLCQCodeSmellSamples/scripts/../dataset/commons-configuration_34357e075d63c3634310878636f9498847badcab/src/test/java/org/apache/commons/configuration2/tree/xpath/TestConfigurationAttributePointer.java,org.apache.commons.configuration2.tree.xpath.TestConfigurationAttributePointer,testGetImmediateNode/0,pointer,1
/home/sandro/workspace/sandro/MLCQCodeSmellSamples/scripts/../dataset/commons-configuration_34357e075d63c3634310878636f9498847badcab/src/test/java/org/apache/commons/configuration2/tree/xpath/TestConfigurationAttributePointer.java,org.apache.commons.configuration2.tree.xpath.TestConfigurationAttributePointer,testGetImmediateNode/0,ATTR_NAME,1
/home/sandro/workspace/sandro/MLCQCodeSmellSamples/scripts/../dataset/commons-configuration_34357e075d63c3634310878636f9498847badcab/src/test/java/org/apache/commons/configuration2/tree/xpath/TestConfigurationAttributePointer.java,org.apache.commons.configuration2.tree.xpath.TestConfigurationAttributePointer,testGetLength/0,pointer,1
/home/sandro/workspace/sandro/MLCQCodeSmellSamples/scripts/../dataset/commons-configuration_34357e075d63c3634310878636f9498847badcab/src/test/java/org/apache/commons/configuration2/event/TestEventListenerList.java,org.apache.commons.configuration2.event.TestEventListenerList$ListenerTestImpl,onEvent/1[org.apache.commons.configuration2.event.TestEventListenerList.EventBase],receivedEvent,2
/home/sandro/workspace/sandro/MLCQCodeSmellSamples/scripts/../dataset/commons-configuration_34357e075d63c3634310878636f9498847badcab/src/test/java/org/apache/commons/configuration2/event/TestEventListenerList.java,org.apache.commons.configuration2.event.TestEventListenerList$ListenerTestImpl,"assertEvent/3[java.lang.Object,org.apache.commons.configuration2.event.EventType<?>,java.lang.String]",receivedEvent,4
/home/sandro/workspace/sandro/MLCQCodeSmellSamples/scripts/../dataset/commons-configuration_34357e075d63c3634310878636f9498847badcab/src/test/java/org/apache/commons/configuration2/event/TestEventListenerList.java,org.apache.commons.configuration2.event.TestEventListenerList$ListenerTestImpl,assertNoEvent/0,receivedEvent,2
/home/sandro/workspace/sandro/MLCQCodeSmellSamples/scripts/../dataset/commons-configuration_34357e075d63c3634310878636f9498847badcab/src/main/java/org/apache/commons/configuration2/tree/ModelTransaction.java,org.apache.commons.configuration2.tree.ModelTransaction$AddAttributeOperation,"AddAttributeOperation/2[java.lang.String,java.lang.Object]",attributeValue,1
/home/sandro/workspace/sandro/MLCQCodeSmellSamples/scripts/../dataset/commons-configuration_34357e075d63c3634310878636f9498847badcab/src/main/java/org/apache/commons/configuration2/tree/ModelTransaction.java,org.apache.commons.configuration2.tree.ModelTransaction$AddAttributeOperation,"AddAttributeOperation/2[java.lang.String,java.lang.Object]",attributeName,1
/home/sandro/workspace/sandro/MLCQCodeSmellSamples/scripts/../dataset/commons-configuration_34357e075d63c3634310878636f9498847badcab/src/main/java/org/apache/commons/configuration2/tree/ModelTransaction.java,org.apache.commons.configuration2.tree.ModelTransaction$AddAttributeOperation,"apply/2[org.apache.commons.configuration2.tree.ImmutableNode,org.apache.commons.configuration2.tree.ModelTransaction.Operations]",attributeValue,1
/home/sandro/workspace/sandro/MLCQCodeSmellSamples/scripts/../dataset/commons-configuration_34357e075d63c3634310878636f9498847badcab/src/main/java/org/apache/commons/configuration2/tree/ModelTransaction.java,org.apache.commons.configuration2.tree.ModelTransaction$AddAttributeOperation,"apply/2[org.apache.commons.configuration2.tree.ImmutableNode,org.apache.commons.configuration2.tree.ModelTransaction.Operations]",attributeName,1
/home/sandro/workspace/sandro/MLCQCodeSmellSamples/scripts/../dataset/commons-configuration_34357e075d63c3634310878636f9498847badcab/src/main/java/org/apache/commons/configuration2/io/FileLocator.java,org.apache.commons.configuration2.io.FileLocator$FileLocatorBuilder,fileSystem/1[org.apache.commons.configuration2.io.FileSystem],fileSystem,2
/home/sandro/workspace/sandro/MLCQCodeSmellSamples/scripts/../dataset/commons-configuration_34357e075d63c3634310878636f9498847badcab/src/main/java/org/apache/commons/configuration2/io/FileLocator.java,org.apache.commons.configuration2.io.FileLocator$FileLocatorBuilder,fileName/1[java.lang.String],fileName,2
/home/sandro/workspace/sandro/MLCQCodeSmellSamples/scripts/../dataset/commons-configuration_34357e075d63c3634310878636f9498847badcab/src/main/java/org/apache/commons/configuration2/io/FileLocator.java,org.apache.commons.configuration2.io.FileLocator$FileLocatorBuilder,locationStrategy/1[org.apache.commons.configuration2.io.FileLocationStrategy],locationStrategy,2
/home/sandro/workspace/sandro/MLCQCodeSmellSamples/scripts/../dataset/commons-configuration_34357e075d63c3634310878636f9498847badcab/src/main/java/org/apache/commons/configuration2/io/FileLocator.java,org.apache.commons.configuration2.io.FileLocator$FileLocatorBuilder,encoding/1[java.lang.String],encoding,2
/home/sandro/workspace/sandro/MLCQCodeSmellSamples/scripts/../dataset/commons-configuration_34357e075d63c3634310878636f9498847badcab/src/main/java/org/apache/commons/configuration2/io/FileLocator.java,org.apache.commons.configuration2.io.FileLocator$FileLocatorBuilder,basePath/1[java.lang.String],basePath,2
/home/sandro/workspace/sandro/MLCQCodeSmellSamples/scripts/../dataset/commons-configuration_34357e075d63c3634310878636f9498847badcab/src/main/java/org/apache/commons/configuration2/io/FileLocator.java,org.apache.commons.configuration2.io.FileLocator$FileLocatorBuilder,sourceURL/1[java.net.URL],sourceURL,2
/home/sandro/workspace/sandro/MLCQCodeSmellSamples/scripts/../dataset/commons-configuration_34357e075d63c3634310878636f9498847badcab/src/main/java/org/apache/commons/configuration2/io/FileLocator.java,org.apache.commons.configuration2.io.FileLocator$FileLocatorBuilder,initBuilder/1[org.apache.commons.configuration2.io.FileLocator],sourceURL,1
/home/sandro/workspace/sandro/MLCQCodeSmellSamples/scripts/../dataset/commons-configuration_34357e075d63c3634310878636f9498847badcab/src/main/java/org/apache/commons/configuration2/io/FileLocator.java,org.apache.commons.configuration2.io.FileLocator$FileLocatorBuilder,initBuilder/1[org.apache.commons.configuration2.io.FileLocator],fileSystem,1
/home/sandro/workspace/sandro/MLCQCodeSmellSamples/scripts/../dataset/commons-configuration_34357e075d63c3634310878636f9498847badcab/src/main/java/org/apache/commons/configuration2/io/FileLocator.java,org.apache.commons.configuration2.io.FileLocator$FileLocatorBuilder,initBuilder/1[org.apache.commons.configuration2.io.FileLocator],fileName,1
/home/sandro/workspace/sandro/MLCQCodeSmellSamples/scripts/../dataset/commons-configuration_34357e075d63c3634310878636f9498847badcab/src/main/java/org/apache/commons/configuration2/io/FileLocator.java,org.apache.commons.configuration2.io.FileLocator$FileLocatorBuilder,initBuilder/1[org.apache.commons.configuration2.io.FileLocator],basePath,1
/home/sandro/workspace/sandro/MLCQCodeSmellSamples/scripts/../dataset/commons-configuration_34357e075d63c3634310878636f9498847badcab/src/main/java/org/apache/commons/configuration2/io/FileLocator.java,org.apache.commons.configuration2.io.FileLocator$FileLocatorBuilder,initBuilder/1[org.apache.commons.configuration2.io.FileLocator],locationStrategy,1
/home/sandro/workspace/sandro/MLCQCodeSmellSamples/scripts/../dataset/commons-configuration_34357e075d63c3634310878636f9498847badcab/src/main/java/org/apache/commons/configuration2/io/FileLocator.java,org.apache.commons.configuration2.io.FileLocator$FileLocatorBuilder,initBuilder/1[org.apache.commons.configuration2.io.FileLocator],encoding,1
/home/sandro/workspace/sandro/MLCQCodeSmellSamples/scripts/../dataset/commons-configuration_34357e075d63c3634310878636f9498847badcab/src/test/java/org/apache/commons/configuration2/TestHierarchicalConfigurationXMLReader.java,org.apache.commons.configuration2.TestHierarchicalConfigurationXMLReader,setUp/0,TEST_FILE,1
/home/sandro/workspace/sandro/MLCQCodeSmellSamples/scripts/../dataset/commons-configuration_34357e075d63c3634310878636f9498847badcab/src/test/java/org/apache/commons/configuration2/TestHierarchicalConfigurationXMLReader.java,org.apache.commons.configuration2.TestHierarchicalConfigurationXMLReader,setUp/0,parser,1
/home/sandro/workspace/sandro/MLCQCodeSmellSamples/scripts/../dataset/commons-configuration_34357e075d63c3634310878636f9498847badcab/src/test/java/org/apache/commons/configuration2/TestHierarchicalConfigurationXMLReader.java,org.apache.commons.configuration2.TestHierarchicalConfigurationXMLReader,testParse/0,parser,1
/home/sandro/workspace/sandro/MLCQCodeSmellSamples/scripts/../dataset/commons-configuration_34357e075d63c3634310878636f9498847badcab/src/test/java/org/apache/commons/configuration2/TestConfigurationSet.java,org.apache.commons.configuration2.TestConfigurationSet,setUp/0,set,1
/home/sandro/workspace/sandro/MLCQCodeSmellSamples/scripts/../dataset/commons-configuration_34357e075d63c3634310878636f9498847badcab/src/test/java/org/apache/commons/configuration2/TestConfigurationSet.java,org.apache.commons.configuration2.TestConfigurationSet,setUp/0,values,1
/home/sandro/workspace/sandro/MLCQCodeSmellSamples/scripts/../dataset/commons-configuration_34357e075d63c3634310878636f9498847badcab/src/test/java/org/apache/commons/configuration2/TestConfigurationSet.java,org.apache.commons.configuration2.TestConfigurationSet,setUp/0,properties,1
/home/sandro/workspace/sandro/MLCQCodeSmellSamples/scripts/../dataset/commons-configuration_34357e075d63c3634310878636f9498847badcab/src/test/java/org/apache/commons/configuration2/TestConfigurationSet.java,org.apache.commons.configuration2.TestConfigurationSet,testIterator/0,set,2
/home/sandro/workspace/sandro/MLCQCodeSmellSamples/scripts/../dataset/commons-configuration_34357e075d63c3634310878636f9498847badcab/src/test/java/org/apache/commons/configuration2/TestConfigurationSet.java,org.apache.commons.configuration2.TestConfigurationSet,testIterator/0,values,1
/home/sandro/workspace/sandro/MLCQCodeSmellSamples/scripts/../dataset/commons-configuration_34357e075d63c3634310878636f9498847badcab/src/test/java/org/apache/commons/configuration2/TestConfigurationSet.java,org.apache.commons.configuration2.TestConfigurationSet,testIterator/0,properties,2
/home/sandro/workspace/sandro/MLCQCodeSmellSamples/scripts/../dataset/commons-configuration_34357e075d63c3634310878636f9498847badcab/src/test/java/org/apache/commons/configuration2/TestConfigurationSet.java,org.apache.commons.configuration2.TestConfigurationSet,testSize/0,set,1
/home/sandro/workspace/sandro/MLCQCodeSmellSamples/scripts/../dataset/commons-configuration_34357e075d63c3634310878636f9498847badcab/src/test/java/org/apache/commons/configuration2/TestConfigurationSet.java,org.apache.commons.configuration2.TestConfigurationSet,tearDown/0,set,1
/home/sandro/workspace/sandro/MLCQCodeSmellSamples/scripts/../dataset/commons-configuration_34357e075d63c3634310878636f9498847badcab/src/test/java/org/apache/commons/configuration2/TestCombinedConfiguration.java,org.apache.commons.configuration2.TestCombinedConfiguration$ReadThread,readConfiguration/0,config,1
/home/sandro/workspace/sandro/MLCQCodeSmellSamples/scripts/../dataset/commons-configuration_34357e075d63c3634310878636f9498847badcab/src/test/java/org/apache/commons/configuration2/TestCombinedConfiguration.java,org.apache.commons.configuration2.TestCombinedConfiguration$ReadThread,readConfiguration/0,errorCount,2
/home/sandro/workspace/sandro/MLCQCodeSmellSamples/scripts/../dataset/commons-configuration_34357e075d63c3634310878636f9498847badcab/src/test/java/org/apache/commons/configuration2/TestCombinedConfiguration.java,org.apache.commons.configuration2.TestCombinedConfiguration$ReadThread,run/0,numberOfReads,1
/home/sandro/workspace/sandro/MLCQCodeSmellSamples/scripts/../dataset/commons-configuration_34357e075d63c3634310878636f9498847badcab/src/test/java/org/apache/commons/configuration2/TestCombinedConfiguration.java,org.apache.commons.configuration2.TestCombinedConfiguration$ReadThread,run/0,startLatch,1
/home/sandro/workspace/sandro/MLCQCodeSmellSamples/scripts/../dataset/commons-configuration_34357e075d63c3634310878636f9498847badcab/src/test/java/org/apache/commons/configuration2/TestCombinedConfiguration.java,org.apache.commons.configuration2.TestCombinedConfiguration$ReadThread,run/0,errorCount,1
/home/sandro/workspace/sandro/MLCQCodeSmellSamples/scripts/../dataset/commons-configuration_34357e075d63c3634310878636f9498847badcab/src/test/java/org/apache/commons/configuration2/TestCombinedConfiguration.java,org.apache.commons.configuration2.TestCombinedConfiguration$ReadThread,"ReadThread/4[org.apache.commons.configuration2.Configuration,java.util.concurrent.CountDownLatch,java.util.concurrent.atomic.AtomicInteger,int]",numberOfReads,1
/home/sandro/workspace/sandro/MLCQCodeSmellSamples/scripts/../dataset/commons-configuration_34357e075d63c3634310878636f9498847badcab/src/test/java/org/apache/commons/configuration2/TestCombinedConfiguration.java,org.apache.commons.configuration2.TestCombinedConfiguration$ReadThread,"ReadThread/4[org.apache.commons.configuration2.Configuration,java.util.concurrent.CountDownLatch,java.util.concurrent.atomic.AtomicInteger,int]",startLatch,1
/home/sandro/workspace/sandro/MLCQCodeSmellSamples/scripts/../dataset/commons-configuration_34357e075d63c3634310878636f9498847badcab/src/test/java/org/apache/commons/configuration2/TestCombinedConfiguration.java,org.apache.commons.configuration2.TestCombinedConfiguration$ReadThread,"ReadThread/4[org.apache.commons.configuration2.Configuration,java.util.concurrent.CountDownLatch,java.util.concurrent.atomic.AtomicInteger,int]",config,1
/home/sandro/workspace/sandro/MLCQCodeSmellSamples/scripts/../dataset/commons-configuration_34357e075d63c3634310878636f9498847badcab/src/test/java/org/apache/commons/configuration2/TestCombinedConfiguration.java,org.apache.commons.configuration2.TestCombinedConfiguration$ReadThread,"ReadThread/4[org.apache.commons.configuration2.Configuration,java.util.concurrent.CountDownLatch,java.util.concurrent.atomic.AtomicInteger,int]",errorCount,1
/home/sandro/workspace/sandro/MLCQCodeSmellSamples/scripts/../dataset/commons-configuration_34357e075d63c3634310878636f9498847badcab/src/test/java/org/apache/commons/configuration2/TestConfigurationUtils.java,org.apache.commons.configuration2.TestConfigurationUtils,testLoadClassCCLNotFound/0,CLS_NAME,2
/home/sandro/workspace/sandro/MLCQCodeSmellSamples/scripts/../dataset/commons-configuration_34357e075d63c3634310878636f9498847badcab/src/test/java/org/apache/commons/configuration2/TestConfigurationUtils.java,org.apache.commons.configuration2.TestConfigurationUtils,testLoadClassCCLNull/0,CLS_NAME,2
/home/sandro/workspace/sandro/MLCQCodeSmellSamples/scripts/../dataset/commons-configuration_34357e075d63c3634310878636f9498847badcab/src/test/java/org/apache/commons/configuration2/TestConfigurationUtils.java,org.apache.commons.configuration2.TestConfigurationUtils,setUp/0,ccl,1
/home/sandro/workspace/sandro/MLCQCodeSmellSamples/scripts/../dataset/commons-configuration_34357e075d63c3634310878636f9498847badcab/src/test/java/org/apache/commons/configuration2/TestConfigurationUtils.java,org.apache.commons.configuration2.TestConfigurationUtils,testLoadClassNoExFound/0,CLS_NAME,2
/home/sandro/workspace/sandro/MLCQCodeSmellSamples/scripts/../dataset/commons-configuration_34357e075d63c3634310878636f9498847badcab/src/test/java/org/apache/commons/configuration2/TestConfigurationUtils.java,org.apache.commons.configuration2.TestConfigurationUtils,testLoadClassFromCCL/0,CLS_NAME,2
/home/sandro/workspace/sandro/MLCQCodeSmellSamples/scripts/../dataset/commons-configuration_34357e075d63c3634310878636f9498847badcab/src/test/java/org/apache/commons/configuration2/TestConfigurationUtils.java,org.apache.commons.configuration2.TestConfigurationUtils,tearDown/0,ccl,1
